9.989999999999999991e-01
9.988479844710506095e-01
9.986728602210596106e-01
9.984711143655742305e-01
9.982387000071539784e-01
9.979709550571029819e-01
9.976625087168464745e-01
9.973071737430234673e-01
9.968978223352005230e-01
9.964262431565911182e-01
9.958829766197040412e-01
9.952571251328515833e-01
9.945361345011815013e-01
9.937055420972704667e-01
9.927486867497377077e-01
9.916463745304217037e-01
9.903764937360191034e-01
9.889135713409528128e-01
9.872282620241885631e-01
9.852867595201931783e-01
9.830501184860965802e-01
9.804734732821318577e-01
9.775051379945717267e-01
9.740855696481740544e-01
9.701461738108203559e-01
9.656079286315105703e-01
9.603797997107661466e-01
9.543569140067195145e-01
9.474184561465707199e-01
9.394252449447186848e-01
9.302169415140133513e-01
9.196088329665632610e-01
9.073881271871205856e-01
8.933096843544816590e-01
8.770910995878560268e-01
8.584070380791222199e-01
8.368827090772160693e-01
8.120863478168056648e-01
7.835205545833749952e-01
7.506123171817067341e-01
7.127015166646334388e-01
6.690276857540642386e-01
6.187147543363809010e-01
5.607534760362464787e-01
4.939811833567376853e-01
4.170584652863925657e-01
3.284422995403629697e-01
2.263551004849883030e-01
1.087490618662544373e-01
