#!ascii label  , from subject fsaverage vox2ras=TkReg coords=white
1378
7  -20.476  -63.412  9.035 18.264832
137  -20.110  -64.114  22.342 15.664848
299  -16.068  -65.878  28.780 11.572461
313  -4.805  -66.756  22.556 11.555923
569  -18.816  -60.520  15.707 18.285561
571  -14.070  -68.657  10.270 13.976745
1259  -20.049  -61.849  19.043 16.800186
1260  -19.201  -66.982  13.106 16.436096
1261  -19.772  -68.632  16.009 13.202739
1300  -13.937  -63.768  23.068 15.753922
1301  -4.678  -64.850  20.265 11.821293
1302  -13.126  -61.394  20.757 16.359425
1303  -12.410  -58.942  18.574 15.726527
1691  -18.444  -65.437  25.757 14.391241
1692  -19.370  -71.532  18.520 12.424979
1693  -18.864  -73.038  21.438 11.767170
1717  -10.530  -65.441  25.415 12.992823
2345  -18.484  -62.210  11.731 18.355612
2347  -19.580  -67.491  9.266 20.073681
2348  -16.651  -70.870  8.164 17.803289
2349  -11.795  -73.829  10.782 15.299546
2351  -9.703  -69.631  8.409 11.726892
2398  -12.883  -58.846  14.209 13.268207
2399  -14.762  -60.722  10.324 12.644204
2609  -19.861  -61.734  8.775 16.773844
3179  -20.391  -63.025  20.717 16.084137
3180  -21.301  -65.362  17.829 14.987444
3181  -21.393  -66.791  19.348 14.232541
3220  -17.399  -62.880  23.427 16.449659
3221  -13.965  -62.766  21.664 16.258707
3222  -17.551  -61.948  21.707 16.868114
3223  -17.102  -60.693  20.325 17.138374
3779  -17.126  -65.537  27.277 13.126016
3780  -19.548  -69.122  23.901 13.027141
3781  -18.839  -69.347  25.658 12.038890
3822  -13.213  -64.462  27.984 12.393228
3823  -14.722  -63.817  26.438 14.201382
5219  -18.602  -60.947  13.766 18.411631
5220  -19.586  -64.822  10.859 20.108669
5221  -19.866  -64.068  12.805 19.324156
5222  -16.338  -68.483  11.729 15.007858
5223  -17.215  -68.351  9.147 17.105988
5224  -15.624  -69.170  7.594 16.018642
5225  -14.526  -72.330  8.941 16.716154
5226  -13.580  -70.311  7.492 15.003585
5233  -7.506  -72.940  11.093 11.872177
5343  -4.602  -63.747  18.822 11.548836
5350  -16.040  -58.779  17.409 17.164454
5351  -12.447  -58.431  16.500 14.631875
5352  -15.904  -58.861  15.244 16.454510
5353  -16.192  -59.716  13.124 15.693925
6875  -19.358  -60.878  17.460 17.683945
6876  -20.268  -63.849  14.617 17.961594
6877  -20.849  -64.350  16.270 16.340580
6878  -19.538  -67.381  14.741 14.533142
6879  -16.238  -68.326  14.024 13.135062
6948  -9.373  -66.044  22.255 13.829700
6949  -4.951  -66.034  21.485 11.888084
6950  -9.573  -64.841  21.462 14.276538
6951  -8.759  -63.487  20.846 14.291211
6952  -8.571  -62.037  19.551 14.067191
6953  -8.518  -60.878  18.205 13.604961
6954  -12.578  -60.010  19.929 16.225826
6955  -16.507  -59.452  19.054 17.338581
7787  -19.441  -64.938  24.070 15.220115
7788  -20.818  -67.902  20.835 13.944885
7789  -20.148  -68.602  22.349 13.657531
7790  -19.099  -72.482  19.914 12.239148
7847  -8.008  -67.076  23.383 12.787075
7848  -12.308  -64.639  24.170 14.663246
7849  -16.306  -63.468  25.024 15.594261
9593  -19.199  -63.257  10.013 18.350077
9594  -21.711  -66.348  8.972 20.029770
9595  -20.381  -65.650  9.709 20.336100
9596  -20.434  -68.529  9.230 20.947495
9597  -19.283  -70.782  8.794 20.285955
9598  -19.232  -67.075  10.990 18.456478
9599  -18.266  -69.461  8.637 18.988522
9600  -17.558  -72.802  8.639 19.097126
9604  -19.733  -70.194  17.221 12.591377
9605  -16.291  -69.716  15.382 11.867203
9606  -13.316  -68.447  13.338 12.086040
9609  -12.163  -68.675  8.510 12.963464
9610  -10.681  -71.640  9.270 13.590019
9611  -8.896  -75.044  12.754 13.272974
9750  -8.664  -60.152  16.616 12.674482
9753  -13.708  -60.048  11.972 12.450354
9754  -16.529  -61.339  11.130 15.504680
9755  -17.662  -61.643  9.622 15.974059
9836  -16.545  -60.259  9.551 13.618275
10289  -20.207  -62.622  8.850 17.655571
10859  -20.389  -63.600  21.545 15.849997
10860  -21.227  -64.763  20.120 15.172985
10861  -21.048  -65.315  20.950 14.956369
10900  -18.865  -63.252  23.121 16.209352
10901  -17.651  -62.483  22.603 16.696257
10902  -19.144  -62.764  22.200 16.410711
10903  -19.131  -62.246  21.366 16.594383
11459  -16.560  -65.617  28.056 12.372624
11460  -18.164  -67.223  26.594 12.568279
11461  -17.661  -67.200  27.435 11.898894
11502  -14.749  -64.878  28.643 11.980975
11503  -15.366  -64.582  27.945 12.865414
12899  -18.653  -60.605  14.756 18.397228
12900  -19.502  -62.316  13.523 19.141264
12901  -19.630  -62.075  14.370 18.823034
12902  -15.057  -68.597  11.098 14.459458
12903  -15.662  -68.543  9.456 15.495648
12904  -14.835  -68.652  8.586 15.008266
12905  -14.807  -69.713  7.165 15.535825
12906  -13.936  -68.888  7.743 14.532585
13030  -17.555  -59.439  16.566 17.736296
13031  -15.937  -58.723  16.355 16.860435
13032  -17.431  -59.410  15.562 17.624964
13033  -17.396  -59.669  14.462 17.423042
15299  -19.726  -61.322  18.297 17.247589
15300  -20.426  -62.489  16.974 17.164297
15301  -20.777  -62.962  17.737 16.527979
15302  -20.882  -67.224  16.879 14.041904
15303  -20.760  -66.488  16.128 14.646050
15304  -19.688  -67.883  15.445 13.777251
15305  -18.029  -68.213  14.305 13.770795
15306  -18.151  -68.744  14.988 13.036701
15420  -11.890  -64.967  22.494 14.891098
15421  -9.796  -65.430  21.811 14.120236
15422  -12.148  -64.396  21.939 15.205868
15423  -13.574  -62.149  21.159 16.344324
15424  -11.504  -63.013  21.057 15.453722
15425  -11.037  -62.386  20.768 15.442837
15426  -8.663  -62.732  20.168 14.202101
15427  -10.729  -61.659  20.372 15.373855
15428  -10.471  -60.958  19.846 15.250690
15429  -12.862  -60.648  20.348 16.321762
15430  -18.749  -61.032  19.788 17.049782
15431  -16.804  -60.000  19.724 17.260242
15432  -18.466  -60.399  19.074 17.318117
15433  -18.190  -59.973  18.326 17.559053
17099  -18.999  -65.200  24.988 14.864354
17100  -20.037  -66.659  23.431 14.430821
17101  -19.663  -66.959  24.240 14.118348
17102  -19.337  -71.175  22.524 12.389753
17103  -19.508  -70.910  21.708 12.705403
17104  -18.934  -72.801  20.621 12.042985
17105  -18.072  -73.984  19.000 11.557269
17223  -9.924  -65.991  26.115 11.993773
17225  -8.624  -66.987  24.932 12.114497
17226  -7.372  -67.666  24.083 12.033215
17227  -9.331  -66.459  24.189 13.021797
17228  -10.233  -65.974  23.535 13.798124
17229  -11.328  -64.998  24.737 13.892789
17230  -16.706  -64.238  26.432 14.428515
17231  -15.510  -63.641  25.738 14.960883
17232  -17.402  -64.088  25.678 15.057430
17233  -18.035  -63.929  24.859 15.561890
21419  -18.659  -62.746  10.856 18.350246
21420  -19.904  -64.331  9.869 19.467371
21421  -19.398  -63.886  10.491 19.488575
21422  -19.760  -66.230  9.977 20.294216
21423  -20.097  -66.668  9.636 20.653795
21424  -19.961  -68.031  9.209 20.612062
21425  -19.951  -69.797  8.965 20.730732
21426  -19.482  -69.218  9.058 20.261278
21427  -20.049  -65.585  13.847 17.249367
21428  -19.883  -65.591  12.900 18.183815
21429  -19.176  -67.046  12.087 17.465397
21430  -16.923  -69.375  7.971 17.498230
21431  -17.670  -68.788  8.466 18.099638
21432  -17.437  -70.173  8.186 18.376408
21433  -17.930  -70.972  8.518 19.124771
21434  -17.044  -71.854  8.559 18.521507
21436  -16.204  -72.680  8.914 17.945103
21437  -13.174  -73.060  9.752 16.082464
21438  -13.789  -74.098  10.306 16.755552
21439  -12.479  -74.738  11.258 16.011911
21442  -20.352  -69.929  19.665 13.151255
21443  -20.609  -69.397  19.005 13.226490
21444  -19.562  -70.905  17.856 12.482170
21448  -14.752  -68.775  14.762 11.859679
21456  -11.396  -68.663  10.299 11.958928
21457  -11.054  -69.045  8.086 12.363639
21458  -11.613  -69.972  7.671 13.372033
21459  -10.215  -70.608  8.535 12.656529
21461  -8.093  -74.047  11.966 12.560062
21788  -4.837  -65.492  20.961 11.891432
21810  -10.350  -59.748  18.595 14.749022
21811  -8.527  -60.501  17.478 13.212530
21812  -10.399  -59.373  17.786 14.297577
21813  -12.652  -58.499  15.310 13.934389
21814  -10.719  -58.850  15.622 12.971223
21815  -11.131  -58.980  14.542 12.229194
21817  -11.638  -59.265  13.419 11.580663
21819  -13.321  -59.370  13.090 12.745908
21820  -17.484  -60.739  12.541 17.044241
21821  -16.270  -60.475  12.184 15.507781
21822  -17.509  -61.572  11.569 16.984884
21823  -17.913  -62.251  10.588 17.029779
22023  -14.897  -59.819  9.890 11.858410
22024  -15.619  -60.442  9.859 13.074591
22025  -17.139  -60.972  9.466 14.801584
22026  -16.163  -61.144  9.945 14.348660
23127  -19.223  -60.724  8.847 15.694100
24155  -20.313  -62.497  19.880 16.400797
24156  -21.051  -63.526  18.576 15.957633
24157  -21.266  -64.233  19.350 15.500580
24158  -21.398  -66.124  18.555 14.531601
24159  -20.874  -67.948  17.556 13.618472
24228  -15.647  -63.026  23.389 16.298872
24229  -14.127  -63.309  22.333 16.071810
24230  -15.897  -62.589  22.636 16.591774
24231  -15.789  -62.125  21.797 16.772026
24232  -15.537  -61.574  21.112 16.875525
24233  -15.247  -60.855  20.669 16.932646
24234  -17.374  -61.399  20.952 17.006758
24235  -18.994  -61.711  20.533 16.802267
25235  -17.754  -65.464  26.603 13.806213
25236  -19.175  -67.059  25.151 13.697174
25237  -18.769  -67.179  25.890 13.174833
25238  -19.198  -69.238  24.788 12.570311
25239  -19.230  -71.432  23.445 11.992624
25311  -11.072  -65.188  27.569 11.734753
25312  -11.807  -64.640  26.796 12.756156
25313  -12.674  -64.190  26.140 13.710440
25314  -13.984  -64.077  27.234 13.336285
25315  -15.957  -64.371  27.141 13.690477
27827  -18.555  -61.493  12.789 18.382051
27828  -19.260  -63.387  11.475 19.446226
27829  -19.353  -62.771  12.572 19.338768
27830  -19.752  -64.485  11.838 19.792837
27831  -19.733  -65.928  10.940 19.751923
27832  -17.818  -68.038  12.321 15.666705
27833  -17.976  -68.074  11.232 16.722900
27834  -16.778  -68.425  10.407 16.057367
27835  -16.347  -68.782  8.265 16.524664
27836  -16.198  -70.005  7.679 16.961124
27837  -15.742  -71.619  8.399 17.265654
27838  -15.320  -70.646  7.563 16.457012
27839  -14.065  -71.326  8.217 15.919765
27840  -12.686  -71.933  9.017 15.276300
27841  -18.109  -72.881  17.622 11.739169
27842  -18.168  -72.021  17.049 11.800008
27851  -8.564  -71.177  9.484 11.910659
28049  -4.598  -64.255  19.524 11.701486
28062  -14.294  -58.591  18.117 16.517771
28063  -12.424  -58.597  17.583 15.252237
28064  -14.233  -58.396  17.099 16.088066
28065  -14.283  -58.427  15.965 15.534064
28066  -14.347  -58.630  14.884 14.941191
28067  -14.603  -59.161  13.701 14.418829
28068  -15.995  -59.202  14.120 16.033575
28069  -17.400  -60.096  13.492 17.204983
31403  -19.059  -60.613  16.603 18.045040
31404  -19.793  -62.031  15.313 18.370142
31405  -20.060  -62.114  16.159 17.800673
31406  -20.580  -63.999  15.500 17.150671
31407  -20.264  -65.716  14.716 16.302542
31408  -21.100  -64.784  17.009 15.600749
31409  -20.535  -66.031  15.460 15.414095
31410  -19.340  -67.069  13.989 15.437079
31411  -17.858  -67.989  13.442 14.663121
31412  -16.247  -68.357  13.015 14.015105
31413  -14.683  -68.509  12.495 13.472418
31572  -6.870  -66.696  22.321 12.688693
31573  -4.958  -66.385  21.993 11.784739
31574  -7.167  -66.215  21.944 12.946312
31575  -7.102  -65.682  21.559 13.074189
31576  -6.802  -65.088  21.097 13.097506
31577  -12.001  -63.767  21.414 15.384584
31578  -9.218  -64.225  21.195 14.323960
31579  -6.562  -64.407  20.539 13.043995
31580  -6.376  -63.771  19.884 12.938012
31581  -6.532  -63.127  19.167 12.794201
31582  -6.749  -62.492  18.440 12.611724
31583  -6.759  -62.056  17.672 12.372088
31584  -8.537  -61.437  18.903 13.877481
31585  -10.303  -60.282  19.284 15.054607
31586  -12.431  -59.445  19.350 16.041492
31587  -14.914  -60.129  20.182 16.953569
31588  -14.735  -59.466  19.615 16.919628
31589  -14.410  -58.956  18.945 16.789148
31590  -16.293  -59.051  18.271 17.321373
31591  -17.817  -59.606  17.484 17.713076
33755  -19.794  -64.542  23.230 15.473709
33756  -20.738  -65.896  21.805 14.801991
33757  -20.379  -66.291  22.606 14.646276
33758  -20.464  -68.294  21.601 13.830750
33759  -19.991  -70.328  20.333 13.069614
33760  -19.851  -68.857  23.127 13.392374
33761  -19.774  -70.568  21.066 12.930205
33762  -19.194  -72.047  19.249 12.358899
33763  -18.000  -73.491  18.209 11.671029
33767  -19.088  -71.570  24.560 11.530478
33916  -6.108  -67.637  23.546 11.717206
33917  -6.496  -67.145  22.852 12.282280
33918  -8.779  -66.501  22.766 13.387628
33919  -11.156  -65.620  22.974 14.423438
33920  -13.303  -64.250  23.668 15.286087
33921  -13.467  -63.912  25.417 14.562188
33922  -14.359  -63.657  24.822 15.286383
33923  -15.150  -63.359  24.123 15.867004
33924  -16.944  -63.248  24.257 16.089685
33925  -18.504  -63.655  23.963 15.939709
39017  -19.839  -63.441  9.502 18.322929
39018  -21.290  -64.761  9.026 19.131378
39019  -20.636  -64.682  9.424 19.360559
39020  -21.043  -66.041  9.416 20.256788
39022  -19.843  -65.134  10.041 20.285786
39023  -20.584  -67.150  9.445 20.836397
39028  -20.018  -63.879  13.720 18.704149
39029  -19.769  -65.735  11.995 19.036915
39030  -19.301  -67.134  9.918 19.343884
39031  -18.225  -67.955  10.097 17.769156
39032  -18.582  -68.143  9.032 18.743668
39033  -19.105  -68.549  8.898 19.589628
39034  -18.763  -70.184  8.829 19.728672
39035  -18.474  -71.757  8.614 19.714115
39040  -15.065  -73.489  9.446 17.375593
39046  -21.188  -67.361  20.134 14.056445
39047  -20.824  -68.661  18.302 13.361218
39048  -19.781  -69.536  16.580 12.815269
39049  -18.150  -71.188  16.368 11.907358
39050  -18.105  -70.367  15.851 12.119765
39051  -18.117  -69.501  15.444 12.486706
39052  -16.327  -68.870  14.869 12.411751
39053  -14.675  -68.359  13.715 12.591107
39054  -13.443  -68.663  12.000 12.982656
39061  -11.993  -68.584  12.817 11.576847
39062  -12.354  -68.684  11.210 12.489223
39063  -13.048  -68.617  9.381 13.495938
39064  -12.932  -69.317  7.289 14.000652
39065  -12.133  -70.926  8.239 14.360631
39066  -11.221  -72.675  10.075 14.482408
39067  -9.121  -72.240  10.185 12.733443
39068  -9.730  -73.377  10.945 13.552434
39069  -10.321  -74.401  11.777 14.347314
39486  -6.820  -61.686  16.911 12.043244
39487  -6.960  -61.277  16.122 11.592938
39489  -10.437  -59.040  16.719 13.691244
39490  -8.946  -59.787  15.707 12.002560
39497  -14.255  -60.635  11.016 12.419257
39498  -14.938  -59.765  12.598 14.063621
39499  -15.149  -60.528  11.624 13.932964
39500  -15.663  -61.172  10.680 14.038084
39501  -17.086  -61.748  10.229 15.672270
39502  -18.540  -62.472  9.746 17.152927
39503  -19.200  -62.429  9.305 17.340933
39743  -15.755  -59.427  9.664 12.446186
39744  -17.485  -59.969  9.356 14.143247
39745  -18.174  -60.902  9.189 15.297835
39746  -18.734  -61.639  9.231 16.368614
41009  -20.344  -63.018  8.917 18.003580
41011  -21.059  -63.789  8.875 18.476824
41579  -20.261  -63.864  21.947 15.754507
41580  -20.777  -64.414  21.266 15.411493
41581  -20.695  -64.642  21.711 15.321551
41620  -19.501  -63.605  22.781 15.967072
41621  -18.997  -63.040  22.645 16.315424
41622  -19.645  -63.335  22.337 16.062481
41623  -19.782  -63.121  21.921 16.155228
42179  -16.320  -65.729  28.404 11.976539
42180  -17.159  -66.280  27.790 12.132154
42181  -16.929  -66.400  28.188 11.758585
42221  -14.474  -65.036  29.035 11.526990
42222  -15.452  -65.292  28.787 11.774096
42223  -15.714  -65.172  28.404 12.200871
43619  -18.722  -60.511  15.269 18.356323
43620  -19.187  -61.250  14.602 18.682196
43621  -19.255  -61.235  15.076 18.556736
43622  -14.527  -68.647  10.677 14.213744
43623  -14.864  -68.534  9.838 14.728223
43624  -14.466  -68.562  9.400 14.491698
43625  -14.431  -68.742  8.158 14.773464
43626  -14.019  -68.523  8.927 14.256685
43750  -18.277  -59.917  16.106 18.011967
43751  -17.508  -59.391  16.042 17.695713
43752  -18.146  -59.899  15.655 18.026464
43753  -18.068  -59.883  15.186 18.011333
46019  -19.890  -61.583  18.654 17.021183
46020  -20.316  -62.107  18.050 16.926579
46021  -20.493  -62.347  18.432 16.659161
46022  -20.405  -67.966  16.406 13.606659
46023  -20.346  -67.591  16.114 13.878481
46024  -19.726  -68.250  15.718 13.466332
46025  -18.970  -68.404  15.168 13.390753
46026  -18.968  -68.766  15.421 13.086674
46140  -12.975  -64.340  22.802 15.355220
46141  -12.058  -64.703  22.199 15.066850
46142  -13.114  -64.099  22.462 15.533336
46143  -13.323  -61.792  20.951 16.359138
46144  -12.318  -62.261  20.920 15.946180
46145  -12.094  -61.853  20.765 15.938765
46146  -10.890  -61.995  20.584 15.414849
46147  -11.937  -61.439  20.588 15.917486
46148  -11.778  -61.112  20.373 15.883177
46149  -12.974  -61.021  20.572 16.346907
46150  -19.469  -61.364  19.458 16.936007
46151  -18.583  -60.699  19.417 17.183868
46152  -19.297  -61.075  19.054 17.112062
46153  -19.134  -60.809  18.691 17.291121
47819  -18.723  -65.330  25.384 14.642499
47820  -19.369  -66.026  24.705 14.491855
47821  -19.150  -66.127  25.119 14.281630
47822  -19.153  -72.135  21.956 12.078235
47823  -19.159  -72.035  21.493 12.235816
47824  -18.876  -72.978  20.990 11.914668
47825  -18.543  -73.622  20.209 11.712702
47826  -18.535  -73.819  20.578 11.591814
47943  -10.204  -65.651  25.772 12.503234
47944  -9.262  -66.492  25.473 12.075924
47945  -9.577  -66.144  25.105 12.569015
47946  -8.959  -66.741  24.524 12.582692
47947  -9.901  -65.970  24.758 13.037686
47948  -10.319  -65.754  24.392 13.477225
47949  -10.817  -65.240  25.066 13.457315
47950  -17.635  -64.803  26.179 14.441724
47951  -17.059  -64.205  26.052 14.757783
47952  -17.957  -64.701  25.832 14.733060
47953  -18.273  -64.600  25.427 14.994713
52139  -18.492  -62.494  11.293 18.350536
52140  -19.069  -63.318  10.645 18.952831
52141  -18.885  -63.108  11.051 18.952341
52142  -19.674  -66.852  9.531 20.226658
52143  -19.848  -67.122  9.354 20.477327
52144  -19.735  -67.732  9.200 20.368069
52145  -19.743  -68.659  9.130 20.467375
52146  -19.572  -68.370  9.110 20.186047
52147  -19.695  -66.314  13.472 16.844467
52148  -19.676  -66.318  12.990 17.343786
52149  -19.159  -67.027  12.586 16.951227
52150  -16.795  -70.076  7.976 17.667221
52151  -17.188  -69.773  8.108 17.951509
52152  -17.083  -70.561  8.130 18.084015
52153  -17.266  -70.977  8.323 18.469431
52154  -16.847  -71.359  8.394 18.179159
52155  -16.645  -72.230  8.721 18.230190
52156  -16.423  -71.747  8.521 17.897747
52157  -12.508  -73.468  10.286 15.712366
52158  -12.812  -73.960  10.593 16.074684
52159  -12.116  -74.294  11.071 15.670549
52162  -19.873  -70.806  19.034 12.780941
52163  -20.024  -70.502  18.734 12.809892
52164  -19.493  -71.221  18.213 12.451097
52175  -10.076  -69.003  8.813 11.574158
52176  -10.681  -68.849  9.008 11.872029
52177  -10.418  -69.338  8.160 12.046474
52178  -10.655  -69.821  7.995 12.531845
52179  -9.957  -70.119  8.321 12.188008
52508  -4.694  -65.194  20.605 11.863981
52530  -11.392  -59.313  18.631 15.261438
52531  -10.383  -59.541  18.178 14.543096
52532  -11.439  -59.085  18.200 15.047007
52533  -12.767  -58.651  14.742 13.589990
52534  -11.836  -58.701  14.925 13.085955
52535  -12.004  -58.856  14.408 12.737197
52536  -11.362  -59.127  14.027 11.886180
52537  -12.226  -59.067  13.832 12.419156
52538  -12.473  -59.277  13.256 12.144835
52539  -13.073  -59.079  13.645 12.982944
52540  -18.026  -61.449  12.168 17.713640
52541  -17.469  -61.174  12.055 17.000782
52542  -18.046  -61.790  11.721 17.694042
52543  -18.093  -62.140  11.242 17.690996
52742  -14.472  -60.457  10.204 11.981910
52743  -14.926  -60.282  10.011 12.201060
52744  -15.217  -60.551  10.073 12.838515
52745  -15.930  -60.798  9.855 13.705154
52746  -15.493  -60.882  10.099 13.495499
53904  -19.561  -61.237  8.805 16.254267
55619  -20.375  -62.741  20.310 16.231325
55620  -20.862  -63.293  19.672 15.969719
55621  -20.882  -63.569  20.059 15.791676
55622  -21.395  -65.751  19.758 14.698613
55623  -21.419  -65.487  19.349 14.839612
55624  -21.388  -66.476  18.914 14.363882
55625  -21.222  -67.072  18.097 14.063084
55626  -21.223  -67.416  18.431 13.905354
55740  -16.498  -62.915  23.442 16.425476
55741  -15.760  -62.830  22.993 16.461411
55742  -16.649  -62.716  23.019 16.575438
55743  -17.591  -62.199  22.154 16.788801
55744  -16.788  -62.225  22.197 16.793840
55745  -16.724  -61.985  21.766 16.871746
55746  -15.697  -61.888  21.399 16.831161
55747  -16.616  -61.743  21.372 16.935472
55748  -16.483  -61.449  21.043 16.989433
55749  -17.508  -61.660  21.332 16.939360
55750  -19.783  -62.575  21.094 16.358665
55751  -19.038  -61.969  20.939 16.693602
55752  -19.755  -62.307  20.664 16.479391
55753  -19.762  -62.022  20.267 16.616177
57419  -17.408  -65.450  26.966 13.476710
57420  -18.249  -66.223  26.322 13.488450
57421  -18.008  -66.289  26.642 13.176197
57422  -18.541  -68.262  26.142 12.299970
57423  -18.806  -68.261  25.759 12.592954
57424  -19.057  -69.359  25.233 12.312735
57425  -19.275  -70.336  24.156 12.279149
57426  -19.162  -70.447  24.618 12.038744
57543  -12.893  -64.652  28.431 11.903419
57544  -11.825  -65.022  28.228 11.575929
57545  -12.107  -64.680  27.834 12.084603
57546  -11.460  -64.866  27.189 12.251158
57547  -12.500  -64.464  27.439 12.585268
57548  -12.865  -64.278  27.048 13.072418
57549  -13.592  -64.241  27.612 12.872435
57550  -16.292  -64.952  27.724 13.022678
57551  -15.650  -64.456  27.571 13.287257
57552  -16.543  -64.886  27.291 13.410192
57553  -16.914  -64.871  26.976 13.777814
61739  -18.554  -61.177  13.304 18.398937
61740  -18.989  -62.092  12.719 18.918098
61741  -19.031  -61.784  13.230 18.889120
61742  -19.738  -63.208  13.205 19.299568
61743  -19.669  -63.322  12.785 19.482719
61744  -19.808  -64.230  12.375 19.578039
61745  -19.789  -65.257  11.435 19.828375
61746  -19.847  -65.044  11.909 19.549349
61747  -17.068  -68.323  12.025 15.322171
61748  -17.168  -68.400  11.457 15.846340
61749  -16.510  -68.508  11.048 15.529140
61750  -15.627  -68.666  8.329 15.760372
61751  -16.031  -68.586  8.791 16.014299
61752  -15.990  -68.954  7.938 16.264683
61753  -16.298  -69.292  7.657 16.753630
61754  -15.959  -69.568  7.515 16.500641
61755  -15.815  -70.342  7.554 16.708515
61756  -15.544  -69.848  7.333 16.255329
61757  -14.193  -70.041  7.282 15.280366
61758  -14.472  -70.517  7.545 15.752029
61759  -13.837  -70.825  7.851 15.475022
61760  -13.380  -71.623  8.588 15.615207
61761  -13.147  -71.034  8.144 15.169744
62108  -4.607  -63.990  19.174 11.628627
62130  -15.162  -58.583  17.818 16.854910
62131  -14.248  -58.456  17.647 16.321964
62132  -15.123  -58.522  17.302 16.684456
62133  -15.913  -58.726  15.829 16.665522
62134  -15.080  -58.522  16.197 16.242939
62135  -15.122  -58.575  15.631 15.989058
62136  -14.286  -58.483  15.427 15.235826
62137  -15.147  -58.690  15.059 15.728771
62138  -15.195  -58.871  14.523 15.475625
62139  -15.938  -58.991  14.680 16.239714
62140  -18.034  -60.223  14.114 17.918970
62141  -17.399  -59.884  13.954 17.310970
62142  -18.004  -60.450  13.658 17.858522
62143  -18.002  -60.747  13.148 17.799706
68939  -19.208  -60.757  17.011 17.877434
68940  -19.618  -61.318  16.394 17.985312
68941  -19.788  -61.478  16.769 17.739193
68942  -20.726  -63.407  16.649 16.777178
68943  -20.543  -63.188  16.266 17.145168
68944  -20.680  -64.149  15.903 16.741030
68945  -20.507  -64.896  15.138 16.738626
68946  -20.650  -65.039  15.526 16.300549
68947  -21.269  -64.401  18.253 15.477408
68948  -21.214  -64.134  17.855 15.762149
68949  -21.284  -65.070  17.446 15.275644
68950  -20.211  -66.940  15.423 14.559174
68951  -20.635  -66.231  15.800 15.011789
68952  -20.134  -66.709  15.074 14.961615
68953  -20.001  -66.511  14.716 15.398602
68954  -19.438  -67.176  14.388 14.969573
68955  -18.632  -67.634  13.674 15.035004
68956  -18.738  -67.781  14.060 14.568489
68957  -17.119  -68.342  14.194 13.438550
68958  -17.102  -68.215  13.732 13.863745
68959  -16.229  -68.284  13.542 13.557866
68960  -15.409  -68.450  12.744 13.733424
68961  -15.301  -68.320  13.335 13.277260
69300  -8.085  -66.422  22.285 13.262709
69301  -7.069  -66.434  22.110 12.835012
69302  -8.287  -66.147  22.085 13.417719
69303  -9.732  -65.128  21.650 14.213715
69304  -8.501  -65.593  21.672 13.623245
69305  -8.312  -65.305  21.520 13.679227
69306  -6.933  -65.419  21.305 13.097186
69307  -8.130  -65.051  21.357 13.708472
69308  -14.075  -63.053  21.976 16.179943
69309  -13.148  -63.544  21.801 15.782620
69310  -13.042  -63.244  21.501 15.859794
69311  -10.135  -63.242  21.003 14.907078
69312  -10.373  -63.652  21.133 14.909626
69313  -9.013  -63.850  21.020 14.315869
69314  -7.859  -64.361  20.991 13.701012
69315  -7.675  -64.020  20.748 13.671149
69316  -6.414  -64.081  20.224 12.996308
69317  -7.502  -63.658  20.458 13.627908
69318  -8.566  -62.364  19.903 14.140424
69319  -7.550  -62.929  19.711 13.508750
69320  -7.590  -62.593  19.375 13.434020
69321  -6.659  -62.787  18.791 12.708560
69322  -7.637  -62.276  19.007 13.348076
69323  -7.657  -61.993  18.665 13.248463
69324  -8.532  -61.770  19.191 13.980536
69325  -11.504  -60.449  19.936 15.770526
69326  -10.308  -60.609  19.607 15.163789
69327  -11.364  -60.124  19.670 15.686002
69328  -11.275  -59.810  19.389 15.576496
69329  -12.452  -59.706  19.680 16.147285
69330  -16.183  -60.704  20.554 17.078917
69331  -15.113  -60.506  20.434 16.948107
69332  -16.068  -60.365  20.250 17.115639
69333  -16.667  -59.737  19.382 17.307919
69334  -15.802  -59.694  19.644 17.161072
69335  -15.655  -59.421  19.325 17.159903
69336  -14.584  -59.209  19.285 16.869480
69337  -15.483  -59.151  18.982 17.134390
69338  -15.377  -58.943  18.606 17.078243
69339  -16.381  -59.259  18.671 17.345217
69340  -18.786  -60.374  17.931 17.627232
69341  -17.968  -59.776  17.933 17.650303
69342  -18.629  -60.170  17.543 17.768433
69343  -18.482  -60.067  17.060 17.882338
74339  -19.630  -64.728  23.651 15.357759
74340  -20.163  -65.359  22.981 15.063478
74341  -19.975  -65.583  23.372 14.956053
74342  -20.141  -67.620  22.930 14.039136
74343  -20.314  -67.443  22.525 14.146317
74344  -20.333  -68.466  21.982 13.754187
74345  -20.322  -69.346  20.998 13.442781
74346  -20.176  -69.465  21.358 13.375233
74347  -19.455  -68.091  24.576 13.357764
74348  -19.616  -67.992  24.153 13.567043
74349  -19.669  -68.997  23.496 13.222036
74350  -19.374  -71.796  20.780 12.488031
74351  -19.655  -70.790  21.350 12.829231
74352  -19.475  -71.551  20.477 12.581678
74353  -19.572  -71.339  20.152 12.654720
74354  -19.158  -72.242  19.604 12.307653
74355  -18.666  -72.812  18.743 12.014083
74356  -18.596  -73.055  19.044 11.964478
74718  -7.630  -67.373  23.742 12.428397
74719  -6.748  -67.701  23.781 11.904811
74720  -6.966  -67.475  23.455 12.255159
74721  -6.330  -67.471  23.191 12.019808
74722  -7.315  -67.168  23.104 12.566551
74723  -7.612  -66.883  22.779 12.838220
74724  -8.382  -66.787  23.044 13.107172
74725  -11.284  -65.345  23.820 14.255081
74726  -10.682  -65.772  23.263 14.130316
74727  -11.794  -65.230  23.564 14.588650
74728  -12.249  -64.939  23.315 14.883512
74729  -12.818  -64.472  23.942 14.993818
74730  -13.686  -63.949  26.323 13.987462
74731  -13.064  -64.053  25.780 14.150922
74732  -14.071  -63.851  25.936 14.407550
74733  -15.921  -63.541  25.389 15.294340
74734  -14.930  -63.588  25.284 15.157418
74735  -15.371  -63.475  24.940 15.482594
74736  -14.806  -63.517  24.487 15.595299
74737  -15.745  -63.367  24.591 15.772303
74738  -16.033  -63.217  24.220 16.025745
74739  -16.667  -63.348  24.691 15.859486
74740  -18.816  -64.387  24.555 15.425752
74741  -18.306  -63.782  24.456 15.766034
74742  -19.013  -64.224  24.071 15.596340
74743  -19.202  -64.022  23.655 15.740207
87299  -19.495  -63.368  9.691 18.341652
87300  -20.291  -63.993  9.456 18.845383
87301  -19.928  -63.912  9.689 18.897177
87302  -20.125  -64.960  9.771 19.942404
87303  -20.493  -65.155  9.621 19.905668
87304  -20.721  -65.857  9.547 20.313494
87306  -20.854  -66.587  9.437 20.635408
87307  -19.515  -64.098  11.199 19.836950
87308  -19.524  -64.290  10.718 19.899414
87309  -19.710  -64.968  10.430 20.213541
87310  -20.285  -67.593  9.415 20.832493
87311  -20.344  -66.958  9.495 20.766672
87312  -20.558  -67.892  9.354 20.938202
87313  -20.804  -68.108  9.184 20.997196
87314  -20.668  -68.772  9.084 21.039705
87316  -20.466  -69.433  9.000 20.999308
87317  -19.637  -70.330  8.855 20.530334
87318  -19.919  -70.653  8.741 20.712450
87322  -20.098  -62.938  14.987 18.217060
87323  -19.983  -62.953  14.546 18.536249
87324  -20.151  -63.847  14.183 18.345287
87325  -19.595  -66.423  11.940 18.315544
87326  -19.828  -65.654  12.429 18.624535
87327  -19.569  -66.483  11.445 18.770872
87328  -19.547  -66.492  10.944 19.195505
87329  -19.284  -67.091  10.507 18.916891
87330  -17.531  -68.304  10.212 16.907337
87331  -18.061  -68.045  10.690 17.251133
87332  -17.711  -68.189  9.622 17.429241
87333  -18.017  -69.143  8.542 18.560133
87334  -18.100  -68.487  8.710 18.420174
87335  -18.435  -68.792  8.726 18.875542
87336  -18.827  -68.339  8.930 19.185913
87337  -18.701  -69.097  8.761 19.295839
87338  -18.935  -69.381  8.894 19.675579
87339  -18.495  -69.765  8.742 19.379639
87340  -17.722  -71.863  8.568 19.133816
87341  -18.191  -71.359  8.600 19.440865
87342  -18.006  -72.267  8.583 19.407228
87352  -15.158  -72.065  8.675 16.996672
87353  -15.367  -72.637  8.990 17.346756
87354  -14.766  -72.944  9.253 17.063606
87367  -20.845  -66.861  21.391 14.367619
87368  -21.022  -66.592  20.991 14.430259
87369  -21.002  -67.639  20.499 13.996869
87370  -20.299  -69.838  18.108 12.892986
87371  -20.765  -69.049  18.667 13.282215
87372  -20.351  -69.485  17.774 12.963737
87373  -20.408  -69.144  17.432 13.064597
87374  -19.739  -69.829  16.916 12.685402
87376  -18.179  -71.608  16.724 11.844167
87377  -17.344  -71.592  16.191 11.585775
87378  -16.323  -70.243  15.511 11.661572
87379  -17.219  -70.614  15.702 11.801971
87380  -17.252  -70.149  15.527 11.963689
87381  -18.126  -69.943  15.658 12.281520
87382  -17.195  -69.653  15.377 12.167590
87383  -17.192  -69.223  15.137 12.416619
87384  -16.279  -69.279  15.144 12.116787
87385  -14.043  -68.406  14.205 11.945981
87386  -14.743  -68.456  14.302 12.204685
87387  -13.942  -68.419  13.531 12.336926
87388  -13.953  -68.442  12.894 12.764876
87389  -13.334  -68.531  12.658 12.518792
87408  -11.751  -68.623  9.415 12.452750
87409  -11.848  -68.687  10.741 12.229229
87410  -12.194  -68.635  9.864 12.725662
87411  -12.658  -68.650  10.237 12.984631
87412  -12.584  -68.643  8.924 13.238247
87413  -12.977  -68.788  8.166 13.758323
87414  -12.519  -68.940  7.875 13.482315
87415  -11.242  -70.808  8.316 13.510723
87416  -11.893  -70.460  7.873 13.872553
87417  -11.439  -71.263  8.748 13.989977
87418  -11.680  -71.764  9.162 14.454305
87419  -10.945  -72.124  9.659 14.043641
87420  -8.021  -72.043  10.290 11.921343
87421  -8.862  -71.683  9.813 12.321118
87422  -8.339  -72.560  10.665 12.297922
87423  -8.481  -74.573  12.390 12.913297
87424  -8.928  -73.706  11.449 13.057873
87425  -9.241  -74.205  11.907 13.439344
87426  -9.998  -73.939  11.379 13.954165
87427  -9.593  -74.702  12.292 13.819994
88403  -4.981  -66.168  21.750 11.850548
88470  -7.664  -61.504  17.952 12.993335
88471  -6.784  -61.872  17.310 12.221037
88472  -7.620  -61.319  17.553 12.828878
88473  -8.596  -60.310  17.041 12.962103
88474  -7.698  -60.892  16.788 12.404315
88475  -7.797  -60.703  16.384 12.139145
88477  -7.936  -60.499  16.002 11.839167
88478  -12.415  -58.497  17.037 14.957273
88479  -11.425  -58.766  17.181 14.497638
88480  -11.481  -58.671  16.631 14.169662
88481  -9.996  -59.148  15.176 12.113468
88482  -9.785  -59.236  15.717 12.489707
88483  -9.122  -59.574  15.206 11.634027
88495  -12.952  -59.853  12.148 11.767022
88497  -13.221  -60.165  11.630 11.676353
88498  -13.536  -60.445  11.170 11.654722
88499  -13.959  -60.360  11.461 12.401189
88500  -15.413  -59.432  13.402 15.042215
88501  -14.755  -59.456  13.148 14.215664
88502  -15.563  -59.718  12.866 14.883681
88503  -16.385  -60.926  11.660 15.483295
88504  -15.713  -60.527  11.874 14.717545
88505  -15.855  -60.939  11.380 14.714917
88506  -15.389  -60.902  11.151 13.957104
88507  -16.097  -61.268  10.914 14.764710
88508  -16.354  -61.452  10.463 14.863112
88509  -16.805  -61.640  10.620 15.569168
88510  -18.577  -62.749  10.257 17.724129
88511  -18.223  -62.426  10.109 17.083433
88512  -18.869  -62.869  9.905 17.752241
88513  -19.176  -62.908  9.581 17.783607
89110  -15.783  -60.008  9.728 12.739598
89111  -15.319  -59.597  9.790 12.151261
89112  -16.166  -59.834  9.625 13.028283
89113  -16.613  -59.687  9.501 13.306128
89114  -16.986  -60.091  9.488 13.892499
89115  -17.859  -60.450  9.275 14.727564
89116  -17.310  -60.539  9.420 14.476756
89117  -17.404  -61.295  9.516 15.389097
89118  -17.923  -61.263  9.318 15.614682
89119  -18.176  -61.586  9.388 16.162811
89120  -19.005  -62.053  9.261 16.864267
89121  -18.483  -62.004  9.469 16.700453
90946  -21.547  -65.535  9.017 19.600492
90947  -21.784  -65.289  8.819 19.418003
90948  -21.981  -66.092  8.774 19.852211
92247  -20.099  -62.200  8.807 17.243317
93275  -20.393  -63.332  21.101 15.958179
93276  -20.913  -63.852  20.445 15.641191
93277  -20.857  -64.129  20.848 15.515936
93278  -21.165  -65.038  20.522 15.053338
93279  -21.302  -66.037  20.171 14.587722
93348  -18.141  -63.030  23.319 16.374657
93349  -17.517  -62.719  22.996 16.584993
93350  -18.326  -62.839  22.909 16.494675
93351  -18.371  -62.574  22.435 16.596708
93352  -18.375  -62.265  22.014 16.686745
93353  -18.399  -62.025  21.587 16.770565
93354  -19.158  -62.505  21.789 16.501740
93355  -19.833  -62.830  21.520 16.252060
94355  -16.836  -65.582  27.663 12.756899
94356  -17.699  -66.297  27.017 12.844146
94357  -17.396  -66.319  27.383 12.495086
94358  -17.905  -67.200  26.998 12.239991
94359  -18.328  -68.264  26.554 11.992356
94431  -13.710  -64.751  28.827 11.715487
94432  -13.981  -64.603  28.384 12.189236
94433  -14.289  -64.384  28.036 12.654856
94434  -15.036  -64.719  28.264 12.428622
94435  -16.001  -65.044  28.079 12.618375
96947  -18.637  -60.766  14.262 18.413431
96948  -19.113  -61.602  13.656 18.843821
96949  -19.132  -61.414  14.136 18.776579
96950  -19.543  -62.215  13.929 18.998787
96951  -19.826  -63.098  13.631 19.080481
96952  -15.669  -68.536  11.478 14.721840
96953  -15.906  -68.539  10.679 15.239964
96954  -15.348  -68.539  10.266 14.975026
96955  -15.230  -68.576  9.030 15.246108
96956  -15.241  -68.835  7.865 15.519382
96957  -15.231  -69.406  7.318 15.778696
96958  -14.824  -69.007  7.562 15.282948
96959  -14.350  -69.259  7.368 15.041870
96960  -13.824  -69.557  7.291 14.786852
97182  -16.817  -59.044  17.015 17.455624
97183  -16.002  -58.707  16.897 17.029280
97184  -16.764  -59.025  16.476 17.364349
97185  -16.749  -59.009  15.929 17.241514
97186  -16.681  -59.083  15.424 17.094418
97187  -16.665  -59.226  14.857 16.933071
97188  -17.397  -59.455  15.061 17.531105
97189  -18.047  -60.069  14.636 17.972847
101267  -19.534  -61.096  17.885 17.471289
101268  -19.968  -61.655  17.238 17.475157
101269  -20.189  -61.884  17.674 17.201412
101270  -20.627  -62.757  17.329 16.841715
101271  -20.877  -63.626  16.987 16.418602
101272  -21.152  -66.340  17.338 14.504767
101273  -21.085  -66.004  16.949 14.790676
101274  -20.790  -66.837  16.511 14.321717
101275  -20.300  -67.232  15.784 14.196784
101276  -19.665  -67.578  15.112 14.134100
101277  -18.839  -67.892  14.480 14.135325
101278  -18.967  -68.127  14.855 13.741271
101279  -18.100  -68.420  14.686 13.381730
101280  -17.189  -68.537  14.565 13.053414
101484  -10.708  -65.543  22.276 14.377314
101485  -9.649  -65.715  22.028 13.993096
101486  -10.923  -65.218  22.065 14.547862
101487  -11.057  -64.945  21.825 14.681888
101488  -10.998  -64.630  21.598 14.781811
101489  -13.779  -62.491  21.360 16.312153
101490  -12.806  -62.933  21.256 15.910131
101491  -12.553  -62.577  21.091 15.937677
101492  -11.242  -62.720  20.934 15.456571
101493  -9.943  -62.917  20.791 14.887733
101494  -8.683  -63.125  20.537 14.252617
101495  -9.841  -62.571  20.531 14.854155
101496  -9.705  -62.222  20.322 14.807975
101497  -9.603  -61.838  20.027 14.749640
101498  -9.512  -61.473  19.724 14.678036
101499  -10.581  -61.314  20.120 15.319709
101500  -11.642  -60.791  20.154 15.834949
101501  -12.729  -60.297  20.130 16.282467
101502  -17.955  -60.792  20.083 17.123327
101503  -16.980  -60.358  20.020 17.202030
101504  -17.784  -60.456  19.739 17.219515
101505  -17.633  -60.153  19.416 17.313190
101506  -17.523  -59.888  19.082 17.398138
101507  -17.369  -59.685  18.704 17.467205
101508  -18.297  -60.194  18.707 17.445755
101509  -18.970  -60.562  18.328 17.465511
104507  -19.246  -65.098  24.528 15.056561
104508  -19.839  -65.768  23.812 14.827422
104509  -19.598  -65.900  24.266 14.673450
104510  -19.838  -66.792  23.878 14.287980
104511  -19.997  -67.797  23.301 13.907885
104512  -19.498  -70.159  23.205 12.705063
104513  -19.600  -70.026  22.756 12.886357
104514  -19.393  -71.053  22.069 12.558564
104515  -19.246  -71.914  21.113 12.372674
104516  -18.998  -72.662  20.260 12.151221
104517  -18.546  -73.332  19.332 11.898817
104518  -18.555  -73.452  19.795 11.815111
104731  -9.010  -66.817  25.822 11.563770
104732  -8.305  -67.311  25.279 11.622301
104733  -7.701  -67.689  24.861 11.638039
104734  -7.105  -67.907  24.463 11.604609
104735  -8.006  -67.403  24.472 12.102141
104736  -8.316  -67.146  24.093 12.537224
104737  -8.698  -66.838  23.736 12.939139
104738  -9.088  -66.547  23.403 13.304829
104739  -9.748  -66.186  23.852 13.427890
104740  -10.797  -65.536  24.077 13.883929
104741  -11.832  -64.822  24.430 14.295595
104742  -15.738  -63.962  26.489 14.348758
104743  -15.103  -63.757  26.094 14.595826
104744  -16.096  -63.848  26.169 14.712646
104745  -16.480  -63.763  25.775 15.047122
104746  -16.847  -63.691  25.392 15.350084
104747  -17.185  -63.556  25.046 15.619990
104748  -17.754  -63.996  25.311 15.325793
104749  -18.550  -64.506  24.993 15.225672
112283  -18.924  -63.066  10.338 18.351440
112284  -19.625  -63.756  9.968 18.929220
112285  -19.335  -63.541  10.237 18.946266
112286  -19.625  -64.108  10.139 19.486820
112287  -19.870  -64.741  10.039 19.952400
112288  -19.708  -65.527  10.458 20.259108
112289  -19.851  -65.686  10.163 20.411860
112290  -19.924  -66.500  9.624 20.496729
112291  -20.061  -67.354  9.427 20.679157
112292  -20.170  -68.266  9.266 20.805178
112293  -20.218  -69.196  9.104 20.874247
112294  -19.982  -68.919  9.134 20.696995
112295  -19.711  -69.493  9.027 20.522253
112296  -19.341  -70.020  8.950 20.295757
112297  -20.269  -64.728  14.252 17.629972
112298  -20.131  -64.725  13.797 18.065119
112299  -19.956  -65.565  13.382 17.722591
112300  -19.597  -66.359  12.496 17.837040
112301  -19.232  -67.016  11.561 17.969999
112302  -17.031  -68.775  8.264 17.307095
112303  -17.431  -68.547  8.712 17.612875
112304  -17.280  -69.086  8.208 17.790834
112305  -17.541  -69.444  8.300 18.249966
112306  -17.827  -69.800  8.401 18.679369
112307  -18.060  -70.153  8.559 19.074232
112308  -17.668  -70.557  8.325 18.768808
112309  -17.482  -71.407  8.488 18.820335
112310  -17.278  -72.344  8.665 18.828199
112311  -17.148  -73.270  8.803 18.789017
112312  -16.869  -72.764  8.845 18.527704
112315  -13.849  -72.666  9.281 16.414516
112316  -14.138  -73.237  9.594 16.763475
112317  -13.462  -73.547  10.050 16.436731
112318  -13.142  -74.403  10.788 16.403391
112324  -20.655  -68.936  20.252 13.538878
112325  -20.820  -68.716  19.912 13.581158
112326  -20.483  -69.656  19.318 13.185700
112327  -20.172  -70.204  18.397 12.844485
112328  -19.671  -70.534  17.540 12.526186
112333  -15.472  -69.722  15.409 11.579569
112334  -15.502  -69.248  15.142 11.832576
112335  -14.730  -69.193  15.132 11.557861
112336  -14.030  -68.734  14.695 11.595642
112337  -13.341  -68.458  14.017 11.689703
112349  -10.895  -68.675  10.111 11.680941
112350  -11.257  -68.704  9.142 12.166968
112351  -11.659  -68.817  8.246 12.671012
112352  -11.953  -69.202  7.772 13.184695
112353  -11.326  -69.505  7.809 12.866381
112354  -10.947  -70.304  8.065 13.022427
112355  -10.506  -71.129  8.835 13.125925
112356  -6.963  -73.819  11.915 11.764677
112357  -7.754  -73.468  11.517 12.213351
112946  -4.933  -65.754  21.261 11.900590
112986  -9.411  -60.266  18.419 14.193987
112987  -8.500  -60.685  17.817 13.425899
112988  -9.384  -60.032  18.057 14.000555
112989  -9.438  -59.904  17.645 13.769703
112990  -9.485  -59.745  17.216 13.500021
112991  -12.557  -58.428  15.904 14.286556
112992  -11.587  -58.605  16.059 13.816686
112993  -11.722  -58.580  15.488 13.450730
112994  -10.922  -58.842  15.062 12.595803
112995  -10.265  -59.139  14.631 11.738329
113002  -12.721  -59.544  12.708 11.924864
113003  -13.506  -59.700  12.550 12.566304
113004  -16.846  -60.204  12.841 16.365570
113005  -16.227  -60.101  12.640 15.578752
113006  -16.853  -60.540  12.401 16.289600
113007  -16.908  -60.995  11.894 16.250698
113008  -17.047  -61.388  11.403 16.249170
113009  -17.241  -61.795  10.855 16.283285
113010  -17.673  -61.939  11.073 16.995518
113011  -18.310  -62.463  10.739 17.702284
113370  -14.578  -60.018  9.954 11.584591
113371  -15.311  -60.140  9.880 12.458311
113372  -16.079  -60.377  9.667 13.339715
113373  -16.848  -60.659  9.462 14.210719
113374  -16.371  -60.719  9.653 13.948050
113375  -16.658  -61.068  9.674 14.562475
113376  -16.921  -61.420  9.753 15.182518
117803  -20.208  -62.147  19.493 16.591557
117804  -20.630  -62.617  18.847 16.406771
117805  -20.741  -62.989  19.248 16.175533
117806  -21.125  -63.846  18.967 15.713129
117807  -21.365  -64.708  18.650 15.227767
117808  -21.269  -64.502  19.728 15.320943
117809  -21.410  -65.175  18.974 15.015193
117810  -21.392  -65.668  18.238 14.739051
117811  -21.198  -66.665  17.757 14.262225
117812  -20.868  -67.584  17.239 13.807748
117813  -20.413  -68.369  16.707 13.381717
117972  -14.861  -63.305  23.281 16.072481
117973  -14.128  -63.540  22.697 15.930806
117974  -14.968  -63.098  22.888 16.244099
117975  -15.040  -62.837  22.537 16.381397
117976  -14.994  -62.620  22.166 16.487392
117977  -16.759  -62.490  22.628 16.696781
117978  -15.903  -62.338  22.228 16.693844
117979  -14.889  -62.373  21.766 16.566294
117980  -14.713  -62.114  21.444 16.622303
117981  -14.539  -61.786  21.170 16.659790
117982  -14.342  -61.428  20.946 16.682497
117983  -14.201  -61.070  20.744 16.692907
117984  -15.401  -61.229  20.894 16.908590
117985  -16.333  -61.094  20.779 17.036705
117986  -17.222  -61.022  20.632 17.072857
117987  -18.319  -61.773  21.165 16.853394
117988  -18.274  -61.497  20.753 16.938887
117989  -18.087  -61.164  20.411 17.028915
117990  -18.889  -61.375  20.153 16.921457
117991  -19.601  -61.710  19.858 16.769239
120323  -18.132  -65.488  26.173 14.111851
120324  -18.844  -66.191  25.525 14.043290
120325  -18.540  -66.197  25.975 13.778250
120326  -18.972  -67.137  25.551 13.447695
120327  -19.249  -68.122  24.993 13.124235
120328  -18.474  -67.231  26.231 12.880854
120329  -19.020  -68.179  25.365 12.868514
120330  -19.380  -69.137  24.362 12.809249
120331  -19.372  -70.245  23.671 12.501988
120332  -19.276  -71.273  23.016 12.200464
120333  -19.107  -72.233  22.425 11.901575
120500  -10.435  -65.538  26.835 11.877017
120501  -10.834  -65.207  26.488 12.394013
120502  -11.232  -64.962  26.106 12.895583
120503  -11.608  -64.729  25.773 13.376277
120504  -12.226  -64.433  26.423 13.244159
120505  -13.262  -64.079  26.682 13.541198
120506  -14.351  -63.972  26.815 13.780470
120507  -14.675  -64.251  27.660 13.107527
120508  -15.036  -64.139  27.252 13.543144
120509  -15.418  -64.016  26.846 13.957984
120510  -16.359  -64.341  26.779 14.071861
120511  -17.313  -64.854  26.601 14.122501
126371  -18.514  -61.865  12.240 18.366461
126372  -18.908  -62.775  11.616 18.946802
126373  -18.991  -62.446  12.179 18.936062
126374  -19.343  -63.134  12.027 19.401793
126375  -19.565  -63.900  11.713 19.748596
126376  -19.402  -62.488  13.073 19.253340
126377  -19.628  -63.624  12.238 19.631510
126378  -19.681  -64.668  11.332 19.969114
126379  -19.741  -65.370  10.910 20.064976
126380  -19.676  -66.029  10.330 20.045786
126381  -19.535  -66.654  9.745 19.927803
126382  -18.556  -67.610  12.664 16.039948
126383  -18.549  -67.625  12.178 16.563009
126384  -17.876  -68.082  11.802 16.192123
126385  -17.367  -68.312  10.822 16.377279
126386  -17.014  -68.387  9.759 16.585316
126387  -16.185  -68.509  9.981 15.764276
126388  -16.492  -68.498  9.277 16.287918
126389  -16.760  -68.557  8.697 16.804192
126390  -16.656  -69.029  7.881 17.021046
126391  -16.515  -69.638  7.776 17.222574
126392  -16.400  -70.389  7.916 17.396404
126393  -16.226  -71.207  8.226 17.532137
126394  -16.035  -70.725  7.910 17.135035
126395  -15.560  -71.113  8.030 16.876661
126396  -14.950  -71.451  8.307 16.612890
126397  -15.049  -70.180  7.354 16.008986
126398  -14.722  -70.983  7.846 16.197332
126399  -14.286  -71.791  8.619 16.334320
126400  -13.608  -72.169  8.959 16.031086
126401  -12.937  -72.502  9.404 15.694782
126402  -12.227  -72.906  9.925 15.319368
126403  -18.777  -72.223  18.045 12.079149
126404  -18.897  -71.819  17.708 12.105181
126405  -18.200  -72.443  17.344 11.767405
126425  -9.132  -70.414  8.726 11.843095
126427  -7.666  -71.558  10.016 11.548884
126428  -7.162  -72.496  10.777 11.536104
126887  -4.601  -64.588  19.874 11.766327
126918  -13.343  -58.717  18.393 16.143997
126919  -12.424  -58.760  18.082 15.509701
126920  -13.344  -58.551  17.901 15.932940
126921  -13.355  -58.432  17.365 15.682137
126922  -13.367  -58.372  16.812 15.396388
126923  -15.067  -58.493  16.761 16.478182
126924  -14.247  -58.382  16.531 15.822292
126925  -13.401  -58.369  16.260 15.084143
126926  -13.430  -58.407  15.716 14.757115
126927  -13.509  -58.513  15.113 14.429030
126928  -13.658  -58.699  14.525 14.114437
126929  -13.779  -58.935  13.975 13.827634
126930  -14.484  -58.864  14.283 14.664467
126931  -15.305  -59.134  13.960 15.242756
126932  -16.081  -59.473  13.610 15.848166
126933  -16.710  -59.416  14.290 16.768566
126934  -16.738  -59.625  13.781 16.612461
126935  -16.813  -59.867  13.303 16.475220
126936  -17.446  -60.427  12.994 17.113827
126937  -18.045  -61.084  12.634 17.749739
127221  -14.013  -60.575  10.445 11.812374
135707  -18.904  -60.526  16.144 18.181896
135708  -19.354  -61.206  15.544 18.398087
135709  -19.448  -61.218  15.984 18.206682
135710  -19.928  -62.023  15.759 18.097551
135711  -20.233  -62.961  15.413 17.873817
135712  -20.268  -62.239  16.574 17.486898
135713  -20.380  -63.027  15.853 17.513723
135714  -20.398  -63.875  15.068 17.560488
135715  -20.385  -64.792  14.699 17.184814
135716  -20.164  -65.728  14.282 16.772978
135717  -19.782  -66.354  13.937 16.348059
135718  -20.928  -63.224  18.169 16.231018
135719  -21.056  -63.844  17.417 16.077799
135720  -20.974  -64.532  16.621 15.957942
135721  -20.994  -65.675  16.565 15.118036
135722  -20.903  -65.464  16.222 15.482688
135723  -20.778  -65.254  15.868 15.879178
135724  -20.410  -65.837  15.066 15.846846
135725  -19.878  -66.421  14.334 15.863300
135726  -19.240  -67.010  13.550 15.928602
135727  -18.578  -67.596  13.167 15.527946
135728  -17.798  -68.048  12.838 15.154525
135729  -17.002  -68.252  12.678 14.812109
135730  -17.954  -68.070  13.898 14.199713
135731  -17.053  -68.194  13.256 14.323663
135732  -16.212  -68.445  12.460 14.500754
135733  -15.499  -68.556  12.159 14.217305
135734  -14.829  -68.597  11.791 13.956115
135735  -14.268  -68.634  11.470 13.710047
136164  -5.728  -66.789  22.391 12.117348
136165  -4.913  -66.548  22.269 11.687478
136166  -5.933  -66.582  22.138 12.255659
136167  -6.021  -66.355  21.934 12.359274
136168  -6.035  -66.176  21.728 12.431017
136169  -8.472  -65.863  21.867 13.537050
136170  -7.225  -65.926  21.721 13.025014
136171  -6.014  -65.897  21.521 12.473845
136172  -5.909  -65.648  21.270 12.491128
136173  -5.719  -65.379  20.964 12.486341
136174  -5.625  -65.020  20.694 12.462692
136175  -13.271  -63.834  22.095 15.674896
136176  -12.173  -64.071  21.626 15.310747
136177  -10.836  -64.330  21.398 14.850699
136178  -11.750  -63.447  21.244 15.430932
136179  -10.604  -64.028  21.247 14.892063
136180  -9.419  -64.568  21.296 14.312051
136181  -8.006  -64.708  21.175 13.714561
136182  -6.668  -64.739  20.897 13.078632
136183  -5.488  -64.717  20.357 12.423656
136184  -5.463  -64.375  20.003 12.371998
136185  -5.411  -64.082  19.635 12.310188
136186  -5.386  -63.818  19.278 12.239855
136187  -7.490  -63.271  20.083 13.573393
136188  -6.428  -63.452  19.509 12.870430
136189  -5.480  -63.508  18.934 12.161828
136190  -5.552  -63.238  18.543 12.075980
136191  -5.720  -62.967  18.198 11.981038
136192  -5.771  -62.754  17.793 11.874743
136193  -5.888  -62.518  17.435 11.753920
136194  -6.755  -62.263  18.055 12.500850
136195  -7.664  -61.721  18.333 13.131636
136196  -8.545  -61.147  18.577 13.753855
136197  -9.444  -61.169  19.422 14.590784
136198  -9.429  -60.833  19.149 14.484188
136199  -9.419  -60.515  18.784 14.353601
136200  -10.331  -59.974  18.942 14.918055
136201  -11.345  -59.564  19.041 15.436666
136202  -12.393  -59.188  19.004 15.902820
136203  -14.067  -60.707  20.522 16.692274
136204  -13.957  -60.352  20.288 16.679953
136205  -13.794  -59.966  20.077 16.653721
136206  -15.895  -60.022  19.974 17.144444
136207  -14.778  -59.778  19.924 16.945686
136208  -13.665  -59.659  19.836 16.609446
136209  -13.582  -59.399  19.529 16.541958
136210  -13.464  -59.131  19.204 16.445412
136211  -13.381  -58.893  18.831 16.314171
136212  -14.332  -58.742  18.564 16.673170
136213  -15.288  -58.748  18.222 16.986162
136214  -16.172  -58.898  17.843 17.262056
136215  -17.241  -59.463  18.321 17.513186
136216  -17.094  -59.289  17.884 17.529345
136217  -16.964  -59.155  17.450 17.510891
136218  -17.664  -59.500  17.038 17.742355
136219  -18.345  -59.973  16.591 17.964216
142379  -19.956  -64.329  22.802 15.573772
142380  -20.488  -64.957  22.129 15.238826
142381  -20.338  -65.192  22.570 15.155384
142382  -20.546  -66.124  22.189 14.728335
142383  -20.647  -67.094  21.743 14.304505
142384  -20.194  -66.489  22.999 14.548937
142385  -20.471  -67.275  22.128 14.233047
142386  -20.660  -68.109  21.243 13.892096
142387  -20.488  -69.168  20.633 13.495258
142388  -20.143  -70.136  19.998 13.114945
142389  -19.722  -71.017  19.389 12.749702
142390  -19.438  -66.985  24.738 13.921223
142391  -19.851  -67.944  23.676 13.750710
142392  -19.977  -68.721  22.703 13.537538
142393  -19.716  -69.879  22.379 13.044360
142394  -19.857  -69.701  22.041 13.178217
142395  -20.010  -69.551  21.701 13.288080
142396  -19.899  -70.435  20.730 13.009436
142397  -19.624  -71.210  19.774 12.709414
142398  -19.282  -71.801  18.875 12.396333
142399  -18.682  -72.573  18.360 12.050797
142400  -18.018  -73.223  17.879 11.708855
142402  -18.014  -73.759  18.570 11.621470
142408  -17.451  -67.253  27.886 11.548159
142409  -18.105  -68.236  27.026 11.673009
142410  -18.646  -69.286  26.158 11.751511
142413  -19.034  -70.432  25.136 11.783282
142414  -19.157  -71.496  24.024 11.768533
142415  -19.075  -72.315  22.960 11.707706
142416  -18.849  -73.126  21.886 11.601972
142846  -5.510  -67.247  22.927 11.727829
142847  -5.612  -67.010  22.660 11.941983
142848  -6.618  -66.939  22.555 12.504918
142849  -7.848  -66.648  22.523 13.070008
142850  -9.124  -66.285  22.491 13.628367
142851  -9.559  -66.294  23.066 13.632227
142852  -9.980  -66.077  22.800 13.920227
142853  -10.351  -65.877  22.533 14.168442
142854  -11.573  -65.303  22.747 14.676950
142855  -12.684  -64.658  23.057 15.138960
142856  -13.646  -64.006  23.393 15.539380
142857  -11.962  -64.511  25.456 13.831558
142858  -12.385  -64.288  25.124 14.257648
142859  -12.880  -64.149  24.827 14.651458
142860  -14.498  -63.710  25.605 14.798392
142861  -13.905  -63.761  25.118 14.941442
142862  -13.331  -64.033  24.561 15.010512
142863  -13.809  -63.847  24.314 15.333034
142864  -14.242  -63.708  23.969 15.617710
142865  -14.583  -63.505  23.641 15.864121
142866  -15.464  -63.192  23.766 16.101397
142867  -16.310  -63.064  23.825 16.243038
142868  -17.194  -63.094  23.846 16.285681
142869  -17.501  -63.516  24.610 15.856240
142870  -17.774  -63.391  24.187 16.059324
142871  -17.949  -63.205  23.757 16.231062
142872  -18.678  -63.461  23.548 16.085972
142873  -19.360  -63.817  23.249 15.861906
158009  -20.164  -63.448  9.272 18.294230
158010  -20.899  -64.076  8.990 18.659584
158011  -20.596  -64.058  9.256 18.769075
158012  -20.978  -64.707  9.240 19.264225
158013  -21.227  -65.478  9.234 19.738777
158014  -20.292  -64.550  9.667 19.426706
158015  -20.875  -65.371  9.425 19.839087
158016  -21.402  -66.225  9.234 20.163294
158020  -19.253  -63.642  10.971 19.474800
158021  -19.633  -64.471  10.315 19.937750
158022  -20.086  -65.415  9.857 20.326559
158023  -20.022  -65.906  9.868 20.524658
158024  -20.259  -66.151  9.637 20.599102
158025  -20.524  -66.365  9.554 20.635975
158026  -20.857  -67.327  9.331 20.863827
158032  -20.208  -70.111  8.870 20.886395
158038  -19.690  -62.056  14.829 18.613140
158039  -19.877  -62.988  14.071 18.825323
158040  -19.939  -63.939  13.257 19.031969
158041  -20.068  -64.773  13.340 18.481644
158042  -19.954  -64.825  12.868 18.871986
158043  -19.894  -64.907  12.375 19.229523
158044  -19.741  -65.801  11.444 19.414433
158045  -19.553  -66.569  10.356 19.582933
158046  -19.382  -67.259  9.395 19.731092
158047  -18.583  -67.666  11.663 17.089008
158048  -18.653  -67.595  11.161 17.609440
158049  -18.769  -67.571  10.553 18.116264
158050  -17.898  -68.297  9.127 17.935781
158051  -18.379  -68.010  9.539 18.269058
158052  -18.844  -67.638  9.987 18.601391
158053  -18.973  -67.656  9.483 19.057285
158054  -19.158  -67.781  9.189 19.477070
158055  -19.399  -68.028  9.059 19.854891
158056  -19.315  -68.907  9.026 19.949467
158057  -19.149  -69.733  8.965 20.010017
158058  -18.994  -70.519  8.842 20.031792
158059  -18.353  -70.567  8.652 19.430052
158060  -18.629  -70.972  8.709 19.743107
158061  -18.935  -71.308  8.672 20.010181
158074  -15.979  -72.190  8.728 17.622213
158075  -15.677  -73.130  9.146 17.662373
158077  -14.443  -73.836  9.826 17.076454
158092  -20.919  -65.595  21.375 14.875221
158093  -21.207  -66.305  20.611 14.500808
158094  -21.271  -67.066  19.734 14.132323
158095  -20.956  -68.445  19.590 13.630552
158096  -21.084  -68.076  19.214 13.695633
158097  -21.165  -67.749  18.824 13.784807
158098  -20.917  -68.318  17.927 13.471183
158099  -20.390  -68.798  17.044 13.202162
158100  -19.784  -69.101  16.307 12.986390
158101  -18.903  -71.477  17.400 12.135608
158102  -18.921  -71.136  17.012 12.178179
158103  -18.950  -70.719  16.702 12.240762
158104  -17.239  -71.104  15.913 11.677923
158105  -18.103  -70.773  16.065 11.996953
158106  -18.959  -70.361  16.443 12.331030
158107  -18.981  -70.034  16.157 12.455742
158108  -18.992  -69.614  15.939 12.620761
158109  -19.021  -69.220  15.692 12.830282
158110  -18.114  -69.080  15.225 12.738040
158111  -17.198  -68.843  14.917 12.711987
158112  -16.264  -68.529  14.459 12.751877
158113  -15.524  -68.846  14.805 12.129786
158114  -15.465  -68.524  14.354 12.471126
158115  -15.409  -68.339  13.864 12.854818
158116  -14.642  -68.327  13.147 13.015356
158117  -14.044  -68.571  12.274 13.224682
158118  -13.721  -68.664  11.170 13.471140
158139  -12.652  -68.505  13.088 11.833595
158140  -11.581  -68.709  11.620 11.756919
158141  -12.133  -68.650  11.980 12.017629
158142  -12.765  -68.574  12.401 12.271098
158143  -12.903  -68.673  11.677 12.739360
158144  -13.192  -68.668  10.793 13.231544
158145  -13.566  -68.602  9.889 13.740067
158146  -13.492  -68.573  8.481 14.014649
158147  -13.459  -69.088  7.447 14.277145
158148  -13.278  -69.814  7.329 14.510110
158149  -12.262  -69.634  7.445 13.699063
158150  -12.559  -70.122  7.539 14.206079
158151  -12.878  -70.588  7.799 14.698345
158152  -12.417  -71.402  8.643 14.830275
158153  -11.938  -72.340  9.559 14.898825
158154  -11.480  -73.279  10.434 14.902254
158155  -9.404  -70.887  9.021 12.282878
158156  -9.679  -71.394  9.349 12.726088
158157  -9.897  -71.956  9.740 13.167893
158158  -8.588  -73.144  11.049 12.677141
158159  -9.432  -72.831  10.536 13.144680
158160  -10.181  -72.509  10.121 13.603994
158161  -10.484  -73.027  10.496 14.030923
158162  -10.733  -73.615  10.903 14.445088
158163  -11.061  -74.110  11.253 14.843179
159414  -5.919  -62.342  17.067 11.614600
159417  -7.656  -61.118  17.174 12.633735
159418  -6.907  -61.468  16.516 11.834757
159423  -11.425  -58.935  17.698 14.791827
159424  -10.430  -59.216  17.234 14.012547
159425  -9.546  -59.565  16.718 13.192962
159426  -10.587  -58.933  16.179 13.340705
159427  -9.652  -59.397  16.258 12.853365
159428  -8.788  -59.959  16.172 12.352593
159448  -13.803  -60.602  10.747 11.701189
159449  -14.552  -60.779  10.628 12.501881
159450  -13.943  -59.221  13.409 13.581324
159451  -14.130  -59.535  12.862 13.385859
159452  -14.271  -59.909  12.319 13.248730
159453  -15.624  -60.106  12.382 14.774099
159454  -15.025  -60.173  12.098 13.968467
159455  -14.420  -60.255  11.823 13.174503
159456  -14.667  -60.570  11.322 13.164628
159457  -14.957  -60.880  10.854 13.217846
159458  -15.240  -60.986  10.463 13.330211
159459  -15.870  -61.268  10.266 14.170901
159460  -16.615  -61.498  10.078 15.004581
159461  -17.383  -61.742  9.900 15.808911
159462  -17.528  -62.017  10.350 16.349304
159463  -17.836  -62.088  9.951 16.442944
159464  -18.160  -62.079  9.702 16.560415
159465  -18.870  -62.460  9.485 17.237049
159466  -19.521  -62.898  9.354 17.819904
159467  -19.830  -62.857  9.151 17.875391
160184  -14.916  -59.241  9.848 11.578844
160185  -15.384  -58.997  9.775 11.878075
160189  -18.370  -60.325  9.106 14.943220
160190  -18.736  -60.849  9.021 15.518552
160191  -19.016  -61.299  8.961 16.066755
160192  -17.638  -60.924  9.313 15.052298
160193  -18.463  -61.270  9.097 15.846474
160194  -19.302  -61.724  8.970 16.579084
160195  -19.536  -62.122  9.033 17.050024
160196  -19.721  -62.532  9.051 17.479042
162385  -21.481  -64.515  8.830 18.949823
