#!ascii label  , from subject fsaverage vox2ras=TkReg coords=white
1472
138  -11.882  -80.520  12.996 13.815690
210  -22.271  -54.659  2.773 12.699502
211  -25.429  -66.240  3.228 16.628910
450  -19.075  -52.120  -3.418 12.782049
570  -18.828  -73.994  7.988 19.764257
625  -15.964  -74.271  2.589 12.227234
689  -18.575  -59.738  8.943 14.501354
690  -23.466  -60.669  6.998 13.626384
691  -24.362  -65.961  7.018 18.586693
987  -22.744  -59.415  0.448 14.980029
988  -21.856  -52.982  -1.079 15.304174
989  -17.996  -58.359  -0.866 12.437081
1396  -15.393  -77.148  10.089 17.280090
1397  -19.030  -76.223  4.885 16.698557
1398  -14.664  -78.989  6.450 15.154602
1530  -24.969  -60.572  3.482 13.612715
1531  -22.243  -65.610  0.815 14.772041
1775  -12.132  -81.956  5.972 12.651261
2007  -17.230  -47.389  -0.912 18.423052
2008  -15.342  -44.261  -2.818 15.116238
2346  -21.485  -69.303  8.530 21.021759
2349  -11.795  -73.829  10.782 15.299546
2509  -22.766  -71.831  5.166 19.121338
2510  -21.584  -71.498  1.984 14.778898
2610  -22.280  -62.547  8.220 16.969063
2611  -22.657  -64.904  8.294 18.995331
2907  -20.260  -61.953  0.182 13.709367
2908  -20.670  -58.852  -0.514 14.105695
3316  -13.154  -78.588  12.118 15.875725
3317  -15.630  -78.880  8.561 16.289429
3318  -13.738  -80.418  9.936 15.009921
3507  -25.684  -63.607  5.098 15.239635
3508  -24.620  -60.872  5.255 13.199499
3509  -25.684  -63.610  3.214 15.067966
3510  -24.752  -63.205  1.715 15.329302
3511  -24.484  -66.019  1.750 15.961776
4397  -19.412  -52.631  4.214 12.413437
4398  -16.360  -50.584  3.124 14.279884
4399  -20.392  -52.192  2.305 13.819288
4400  -20.427  -52.559  -2.455 14.686234
4401  -20.567  -49.909  -1.108 16.543846
4402  -19.939  -49.028  -2.650 15.704582
4403  -16.394  -45.836  -1.913 17.365795
4404  -19.102  -48.128  -3.816 13.552234
5626  -20.459  -71.764  8.189 20.790226
5627  -22.248  -71.025  7.181 20.477932
5628  -20.897  -73.429  6.623 19.751806
5629  -17.996  -75.718  3.444 14.493248
5630  -20.430  -74.010  3.304 15.662196
5631  -18.767  -73.140  2.235 12.995499
5632  -19.308  -70.252  1.337 12.110223
5634  -9.151  -80.574  4.213 12.176786
5847  -17.022  -57.798  9.085 12.197871
5848  -19.693  -57.793  7.990 12.218060
5849  -21.222  -60.236  8.050 14.397560
5850  -24.397  -63.317  7.203 16.119383
5851  -25.261  -66.257  5.082 17.487057
6383  -23.355  -56.882  1.341 14.033715
6384  -22.262  -54.045  0.633 14.284905
6385  -22.122  -56.103  -0.264 14.875029
6386  -20.456  -55.750  -1.555 14.259402
6387  -18.491  -55.439  -2.054 12.556174
7120  -17.380  -75.896  8.379 18.488754
7121  -19.159  -75.503  6.488 18.512875
7122  -17.570  -77.649  7.190 17.308874
7123  -16.942  -77.952  5.336 15.791405
7124  -15.600  -76.846  4.017 14.074244
7408  -23.568  -57.302  3.289 12.691295
7409  -24.197  -59.972  1.709 14.556453
7410  -22.884  -62.583  0.738 15.042752
7411  -19.357  -64.544  0.550 12.902666
7979  -13.071  -82.209  9.684 13.086603
8597  -20.807  -51.137  0.517 15.554526
8598  -17.542  -48.720  0.337 17.638866
8603  -14.392  -42.906  -3.704 12.549013
9594  -21.711  -66.348  8.972 20.029770
9597  -19.283  -70.782  8.794 20.285955
9600  -17.558  -72.802  8.639 19.097126
9601  -15.814  -74.506  9.476 17.891165
9602  -13.343  -75.580  11.393 16.591894
9603  -10.951  -76.913  13.238 14.723084
9611  -8.896  -75.044  12.754 13.272974
9612  -9.211  -79.140  14.042 12.297660
10081  -23.044  -68.220  7.752 20.277178
10082  -24.004  -69.025  5.920 19.354099
10083  -24.339  -69.224  4.153 18.027794
10084  -21.146  -73.999  4.815 18.007725
10085  -22.669  -71.907  3.444 17.222921
10086  -23.737  -69.093  2.484 16.517153
10087  -22.267  -68.557  1.308 14.514175
10088  -19.363  -67.364  0.822 12.164775
10091  -12.654  -77.498  5.137 13.922387
10092  -12.452  -74.562  3.654 12.299424
10290  -21.395  -63.192  8.580 17.997599
10587  -18.156  -62.869  0.382 12.403126
10588  -18.615  -61.532  0.091 12.828094
10996  -12.422  -79.442  12.823 14.935252
10997  -13.538  -79.716  11.331 15.439876
10998  -13.063  -80.545  11.699 14.508733
11187  -25.785  -64.879  4.074 16.037710
11188  -25.731  -63.668  4.171 15.058911
11189  -25.737  -64.858  3.210 15.856624
11190  -25.403  -64.826  2.403 15.771576
11191  -25.071  -66.171  2.490 16.313429
12077  -21.111  -53.427  3.713 12.404597
12078  -20.042  -52.271  3.276 13.044127
12079  -21.376  -53.184  2.620 13.120176
12080  -19.782  -52.381  -2.974 13.828178
12081  -20.389  -50.833  -2.717 15.113214
12082  -19.824  -50.510  -3.279 14.188493
12083  -19.542  -48.577  -3.276 14.714938
12084  -19.266  -50.097  -3.786 13.078736
13306  -19.699  -72.913  8.058 20.341955
13307  -20.655  -72.753  7.471 20.369473
13308  -19.846  -73.820  7.355 19.841936
13309  -17.143  -75.172  2.950 13.341672
13310  -18.334  -74.541  2.744 13.713524
13311  -17.472  -73.844  2.363 12.472645
13315  -7.930  -79.163  4.340 12.433595
13584  -17.843  -58.764  8.981 13.302779
13585  -19.113  -58.835  8.483 13.374222
13586  -19.967  -59.968  8.427 14.587434
13587  -23.599  -64.124  7.797 17.879705
13588  -23.421  -62.987  7.804 16.625868
13589  -24.495  -64.501  7.101 17.412516
13590  -25.204  -64.796  6.204 16.861969
13591  -25.009  -66.132  6.049 18.048630
14477  -23.054  -58.227  0.785 14.704554
14478  -22.718  -56.521  0.476 14.599988
14479  -22.405  -57.742  0.142 14.894727
14480  -19.423  -58.635  -0.788 13.314618
14481  -20.539  -57.305  -1.013 14.180321
14482  -19.502  -57.116  -1.314 13.410499
14483  -19.464  -55.609  -1.881 13.485898
14484  -18.255  -56.944  -1.435 12.516641
15706  -16.448  -76.602  9.107 17.877972
15707  -17.549  -76.750  7.881 17.952656
15708  -16.564  -77.486  8.651 17.376432
15709  -15.242  -79.140  7.407 15.733254
15710  -16.250  -78.673  6.778 16.155386
15711  -15.805  -78.480  5.877 15.472631
15712  -16.403  -77.527  4.526 14.948742
15713  -15.209  -77.990  5.078 14.754964
16277  -21.755  -59.071  7.583 12.915468
16278  -21.018  -57.743  7.618 12.027433
16279  -22.879  -59.227  6.970 12.617450
16280  -24.943  -60.767  4.372 13.300808
16281  -23.998  -59.257  5.341 12.424719
16282  -24.146  -59.123  4.326 12.637295
16283  -23.472  -57.662  4.197 12.184410
16284  -24.287  -58.882  3.453 13.056956
16285  -24.045  -58.637  2.491 13.625302
16286  -24.721  -60.308  2.527 14.071100
16287  -23.741  -64.597  1.120 15.421473
16288  -23.916  -62.880  1.186 15.315062
16289  -22.607  -64.296  0.713 14.939881
16290  -21.435  -63.673  0.548 14.220309
16291  -20.903  -65.109  0.579 13.889416
18950  -16.741  -50.197  2.471 15.040555
18951  -14.472  -49.339  2.684 15.443796
18955  -22.254  -53.309  -0.199 14.953442
18956  -21.601  -52.529  0.586 14.793283
18957  -21.578  -51.827  -0.352 15.479698
18958  -19.346  -48.654  -0.968 17.429531
18959  -19.496  -49.258  -0.248 17.178036
18960  -17.433  -48.057  -0.287 18.236414
18961  -14.958  -47.219  0.238 18.782896
18962  -14.827  -46.521  -0.328 19.318672
18964  -14.554  -45.820  -0.844 19.454168
18965  -15.766  -45.005  -2.341 16.319040
18971  -14.830  -43.567  -3.245 13.845669
21435  -16.802  -73.679  8.953 18.485743
21436  -16.204  -72.680  8.914 17.945103
21438  -13.789  -74.098  10.306 16.755552
21439  -12.479  -74.738  11.258 16.011911
21440  -12.067  -76.151  12.457 15.750896
21441  -11.113  -75.279  12.331 15.092753
21461  -8.093  -74.047  11.966 12.560062
21462  -7.570  -75.940  13.368 12.175571
21463  -8.729  -76.923  13.794 12.823838
22636  -21.740  -67.936  8.772 20.687761
22637  -22.421  -67.387  8.457 20.336861
22638  -22.249  -68.915  8.137 20.759089
22639  -22.538  -71.465  6.157 19.874674
22640  -23.158  -70.259  6.522 20.017624
22641  -23.449  -70.499  5.488 19.368923
22642  -24.245  -69.188  4.955 18.706877
22643  -23.658  -70.580  4.582 18.621531
22644  -19.150  -75.909  5.770 17.666586
22645  -20.089  -74.921  5.757 18.317247
22646  -20.038  -75.062  4.926 17.326385
22647  -20.970  -72.931  2.563 15.161354
22648  -21.512  -73.090  3.273 16.458176
22649  -22.161  -71.679  2.651 16.063229
22650  -23.317  -70.492  2.939 16.845667
22651  -22.807  -70.409  2.174 15.767557
22652  -23.172  -68.962  1.746 15.587838
22653  -22.021  -70.065  1.597 14.561257
22655  -19.343  -68.742  1.060 12.024491
22659  -12.922  -82.311  7.732 12.845583
22660  -13.146  -81.401  8.168 13.805422
22661  -12.379  -81.048  6.511 13.522435
22665  -12.720  -75.971  4.225 13.233976
22666  -10.662  -74.999  4.334 12.427470
23127  -19.223  -60.724  8.847 15.694100
23128  -20.585  -61.092  8.444 15.844540
23129  -21.124  -62.082  8.500 17.020264
23130  -22.498  -63.678  8.249 18.102303
23131  -23.570  -65.601  7.731 18.947836
23663  -21.849  -60.715  0.167 14.641698
23664  -21.738  -59.060  -0.068 14.698459
23665  -20.522  -60.431  -0.146 13.964610
23666  -19.045  -60.142  -0.323 13.133732
23667  -17.427  -59.885  -0.308 12.255870
24400  -14.256  -77.750  11.296 16.638182
24401  -15.565  -78.045  9.663 16.812517
24402  -14.500  -78.859  10.545 16.192430
24403  -14.484  -79.633  9.447 15.718429
24404  -14.112  -79.921  8.218 15.238605
24743  -24.798  -62.242  6.182 14.404614
24744  -24.227  -60.802  6.149 13.320623
24745  -25.211  -62.307  5.242 14.157207
24746  -25.363  -62.368  4.260 14.126751
24747  -25.379  -62.284  3.298 14.302539
24748  -25.064  -62.122  2.396 14.616386
24749  -25.333  -63.521  2.354 15.198587
24750  -24.700  -64.786  1.645 15.669294
24751  -23.500  -65.941  1.148 15.468451
26345  -17.265  -52.158  4.340 12.661499
26346  -15.774  -51.070  3.795 13.616048
26347  -18.043  -51.664  3.649 13.240394
26348  -18.550  -51.252  2.903 13.941877
26349  -18.959  -51.152  2.028 14.766746
26350  -21.042  -52.709  -1.791 15.214758
26351  -21.210  -51.402  -1.240 15.823503
26352  -20.884  -51.068  -1.958 15.699104
26353  -20.318  -49.445  -1.952 16.360022
26354  -19.071  -48.046  -1.678 17.177044
26355  -16.882  -46.624  -1.451 18.114983
26356  -18.807  -47.465  -2.297 16.459658
26357  -18.396  -46.796  -2.820 15.424302
26358  -17.934  -46.112  -3.276 14.228437
26359  -17.392  -45.339  -3.640 12.977947
26360  -18.713  -47.580  -4.230 12.332067
28558  -21.057  -70.659  8.371 21.038792
28559  -21.884  -70.366  7.982 20.881021
28560  -21.305  -71.538  7.782 20.734982
28561  -21.577  -72.214  6.864 20.211193
28562  -21.829  -72.719  5.918 19.505512
28563  -18.548  -76.116  4.123 15.629126
28564  -19.658  -75.031  4.064 16.203478
28565  -19.163  -74.892  3.376 14.980391
28566  -19.669  -73.761  2.662 14.335012
28567  -20.202  -72.468  2.052 13.793646
28568  -20.595  -71.014  1.604 13.431755
28569  -19.144  -71.728  1.726 12.440275
28572  -10.703  -81.055  4.775 12.445894
28573  -11.090  -80.186  5.265 13.231745
28574  -9.528  -79.487  4.716 12.879493
29003  -18.345  -57.766  8.505 12.306146
29004  -20.454  -59.024  7.988 13.210932
29005  -22.387  -60.498  7.563 14.029125
29006  -21.811  -61.446  8.111 15.690726
29007  -22.988  -61.755  7.710 15.300434
29008  -23.994  -62.012  7.043 14.821218
29009  -25.128  -63.505  6.267 15.614355
29010  -25.651  -64.898  5.064 16.375677
29011  -25.474  -66.264  4.123 17.004875
30251  -23.165  -55.594  2.118 13.282991
30252  -22.424  -54.290  1.719 13.479605
30253  -22.798  -55.430  1.080 14.038062
30254  -22.366  -54.754  0.111 14.666860
30255  -21.764  -54.476  -0.714 14.994824
30256  -21.553  -57.469  -0.482 14.710988
30257  -21.301  -55.926  -0.990 14.756938
30258  -21.143  -54.338  -1.451 14.908319
30259  -20.378  -54.161  -2.028 14.411340
30260  -19.599  -53.963  -2.457 13.607107
30261  -18.747  -53.809  -2.805 12.624314
31972  -18.105  -74.994  8.036 19.127060
31973  -19.021  -74.790  7.319 19.219671
31974  -18.335  -75.884  7.361 18.572256
31975  -18.389  -76.622  6.637 17.881012
31976  -18.313  -77.067  5.902 17.079157
31977  -16.534  -78.247  7.842 16.794434
31978  -17.303  -77.855  6.232 16.583050
31979  -17.937  -77.106  5.028 16.185059
31980  -17.571  -76.926  4.312 15.218300
31981  -16.940  -76.340  3.645 14.208172
31982  -15.861  -75.639  3.271 13.191490
32710  -16.546  -52.577  4.948 12.167563
32713  -22.147  -54.657  3.843 12.048857
32717  -23.650  -59.349  6.223 12.429034
32722  -23.056  -55.941  3.033 12.561605
32723  -23.620  -56.904  2.436 13.344193
32724  -23.701  -58.479  1.589 14.227972
32725  -23.457  -59.806  0.956 14.909282
32726  -24.630  -61.660  1.776 14.945383
32727  -23.764  -61.430  1.078 15.134546
32728  -22.838  -61.117  0.525 15.049970
32729  -21.735  -62.213  0.406 14.485252
32730  -19.927  -63.256  0.415 13.338986
34270  -11.523  -81.488  12.754 12.581234
34271  -12.668  -81.552  11.477 13.409772
34272  -12.436  -82.441  11.073 12.209541
36041  -14.059  -49.772  3.299 14.707169
36047  -21.614  -52.954  1.520 13.951509
36048  -20.566  -52.074  1.330 14.692261
36049  -19.241  -50.716  1.268 15.666344
36050  -20.754  -50.510  -0.318 16.235174
36051  -19.421  -49.849  0.529 16.528177
36052  -17.329  -49.455  0.976 16.802637
39020  -21.043  -66.041  9.416 20.256788
39021  -21.151  -67.543  9.176 20.848831
39024  -20.920  -68.998  8.877 21.082733
39025  -20.478  -70.294  8.699 20.989201
39026  -19.887  -71.407  8.568 20.641424
39027  -19.018  -72.462  8.492 20.123344
39035  -18.474  -71.757  8.614 19.714115
39036  -18.176  -73.492  8.464 19.514782
39037  -17.407  -74.557  8.702 18.881372
39038  -16.578  -75.312  9.037 18.261919
39039  -15.593  -75.949  9.886 17.655409
39040  -15.065  -73.489  9.446 17.375593
39041  -14.632  -75.071  10.362 17.281677
39042  -14.395  -76.466  10.987 17.018145
39043  -13.136  -76.949  12.141 16.277901
39044  -12.059  -77.753  12.966 15.368627
39045  -11.184  -78.698  13.558 14.272406
39069  -10.321  -74.401  11.777 14.347314
39070  -9.819  -76.002  13.256 14.005002
39071  -9.954  -77.853  13.842 13.540362
39072  -10.472  -79.880  13.902 13.041458
39741  -16.797  -59.111  9.422 12.970729
39743  -15.755  -59.427  9.664 12.446186
39744  -17.485  -59.969  9.356 14.143247
40477  -22.239  -65.747  8.575 19.625013
40478  -23.049  -66.603  8.063 19.767296
40479  -23.740  -67.265  7.272 19.554516
40480  -22.779  -69.715  7.398 20.509693
40481  -23.592  -68.797  6.853 19.912544
40482  -24.344  -67.525  6.484 19.085058
40483  -24.672  -67.736  5.471 18.499271
40484  -24.863  -67.859  4.475 17.908604
40485  -24.890  -67.773  3.655 17.358458
40486  -20.072  -74.437  6.539 19.160526
40487  -21.042  -73.936  5.781 18.960127
40488  -21.983  -73.020  4.949 18.641720
40489  -20.923  -74.058  4.107 16.902180
40490  -21.927  -73.134  4.158 17.625553
40491  -22.836  -72.011  4.327 18.239277
40492  -23.633  -70.532  3.765 17.788088
40493  -24.144  -69.183  3.374 17.313465
40494  -24.684  -67.617  2.893 16.824034
40495  -24.211  -67.473  2.124 16.232100
40496  -23.444  -67.336  1.406 15.504124
40497  -22.277  -67.075  1.003 14.605081
40498  -20.864  -69.476  1.312 13.284205
40499  -20.974  -68.028  1.015 13.344204
40500  -20.933  -66.648  0.774 13.569316
40501  -19.322  -65.974  0.668 12.482065
40504  -13.353  -81.242  10.016 14.127815
40505  -13.534  -80.588  8.424 14.606458
40506  -13.540  -79.641  7.054 14.759336
40509  -13.896  -78.449  5.648 14.554111
40510  -14.191  -77.175  4.504 14.008454
40511  -14.325  -75.836  3.662 13.187119
40512  -14.308  -74.412  3.013 12.200139
41716  -12.065  -79.955  12.986 14.395186
41717  -12.792  -80.041  12.343 14.718193
41718  -12.541  -80.543  12.370 14.179694
41907  -25.674  -65.532  3.644 16.371578
41908  -25.791  -64.854  3.632 15.929849
41909  -25.618  -65.522  3.219 16.246742
41910  -25.495  -65.563  2.824 16.142616
41911  -25.269  -66.242  2.870 16.468842
42797  -21.759  -54.052  3.180 12.512941
42798  -21.239  -53.399  3.100 12.743818
42799  -21.862  -53.965  2.655 12.874237
42800  -19.415  -52.217  -3.196 13.320716
42801  -19.816  -51.474  -3.170 13.989016
42802  -19.500  -51.277  -3.384 13.464908
42803  -19.548  -50.289  -3.545 13.648153
42804  -19.215  -51.074  -3.614 12.910396
42805  -18.915  -50.939  -3.842 12.338251
42806  -18.765  -51.929  -3.593 12.224526
44026  -19.252  -73.463  7.998 20.064796
44027  -19.776  -73.452  7.706 20.115967
44028  -19.360  -73.862  7.688 19.824486
44029  -16.604  -74.765  2.757 12.776973
44030  -17.273  -74.537  2.628 12.899351
44031  -16.758  -74.105  2.467 12.317896
44304  -18.240  -59.256  8.953 13.896039
44305  -18.902  -59.310  8.697 13.967489
44306  -19.235  -59.796  8.707 14.581370
44307  -24.026  -65.001  7.476 18.258499
44308  -24.040  -64.298  7.514 17.667200
44309  -24.452  -65.187  7.051 18.020929
44310  -24.829  -65.344  6.602 17.750824
44311  -24.723  -66.100  6.563 18.329599
45197  -22.993  -58.727  0.650 14.909913
45198  -22.792  -57.862  0.495 14.843389
45199  -22.588  -58.562  0.348 14.934339
45200  -18.722  -58.478  -0.847 12.881305
45201  -19.455  -57.830  -1.050 13.369474
45202  -18.825  -57.735  -1.101 12.935391
45203  -18.875  -57.015  -1.420 12.973283
45204  -18.178  -57.661  -1.140 12.486079
45205  -17.532  -57.578  -1.153 12.028354
46426  -15.933  -76.839  9.499 17.580130
46427  -16.503  -77.045  8.890 17.639280
46428  -15.986  -77.384  9.401 17.348839
46429  -14.937  -79.150  6.930 15.446447
46430  -15.508  -78.899  6.579 15.637268
46431  -15.204  -78.712  6.123 15.318587
46432  -15.503  -78.269  5.475 15.117680
46433  -14.900  -78.485  5.719 14.993037
46997  -22.691  -59.890  7.234 13.264714
46998  -22.393  -59.179  7.289 12.759031
46999  -23.208  -59.963  6.923 13.094746
47000  -25.037  -60.687  3.966 13.433150
47001  -24.609  -59.988  4.376 12.945477
47002  -24.668  -59.883  3.939 13.106329
47003  -24.271  -59.067  3.894 12.823650
47004  -24.639  -59.703  3.490 13.314414
47005  -24.522  -59.569  3.012 13.560463
47006  -24.861  -60.425  3.001 13.829811
47007  -23.058  -65.148  0.897 15.184251
47008  -23.167  -64.483  0.894 15.212346
47009  -22.447  -64.992  0.745 14.860513
47010  -21.865  -64.683  0.651 14.482436
47011  -21.585  -65.371  0.691 14.349954
49670  -17.028  -50.217  2.023 15.459118
49671  -15.751  -49.628  2.246 15.637098
49675  -22.113  -53.152  -0.656 15.178603
49676  -21.915  -52.561  -0.335 15.186539
49677  -21.765  -52.356  -0.764 15.413467
49678  -18.424  -48.047  -0.903 17.917030
49679  -18.509  -48.366  -0.591 17.867571
49680  -17.344  -47.742  -0.605 18.389429
49681  -16.099  -47.329  -0.311 18.780535
49682  -16.036  -46.991  -0.624 18.918108
49683  -14.782  -46.181  -0.603 19.443148
49684  -15.903  -46.628  -0.903 18.938417
49685  -15.570  -44.628  -2.576 15.730262
49686  -14.265  -44.130  -2.246 16.830843
49687  -14.074  -43.802  -2.441 16.246666
49689  -13.981  -43.497  -2.660 15.634893
49691  -15.115  -43.897  -3.049 14.486031
52155  -16.645  -72.230  8.721 18.230190
52159  -12.116  -74.294  11.071 15.670549
52160  -11.803  -75.042  11.791 15.575515
52161  -11.428  -74.556  11.543 15.221382
53356  -21.636  -68.606  8.640 20.896378
53357  -21.998  -68.424  8.472 20.767063
53358  -21.871  -69.132  8.369 20.916491
53359  -22.665  -71.660  5.645 19.514658
53360  -22.992  -71.027  5.785 19.642294
53361  -23.117  -71.187  5.322 19.277159
53362  -23.563  -70.562  5.020 19.005720
53363  -23.199  -71.267  4.905 18.884455
53364  -19.104  -76.147  5.301 17.196686
53365  -19.572  -75.489  5.336 17.510229
53366  -19.455  -75.607  4.875 17.000708
53367  -21.274  -72.244  2.267 14.951515
53368  -21.562  -72.319  2.575 15.614015
53369  -21.902  -71.624  2.314 15.433699
53370  -22.535  -71.113  2.344 15.901046
53371  -22.184  -70.989  2.016 15.287457
53372  -22.429  -70.270  1.858 15.177919
53373  -21.777  -70.804  1.761 14.648155
53379  -12.605  -82.194  6.785 12.745941
53380  -12.719  -81.760  7.056 13.221973
53381  -12.209  -81.538  6.199 13.105929
53385  -10.886  -75.687  4.553 12.868157
53905  -20.233  -61.392  8.630 16.387714
53906  -20.508  -61.899  8.625 16.928328
53907  -22.076  -64.010  8.481 18.523134
53908  -21.956  -63.447  8.420 18.090069
53909  -22.573  -64.296  8.262 18.582188
53910  -23.103  -64.595  8.012 18.554396
53911  -23.126  -65.257  8.022 19.016121
54797  -21.091  -61.372  0.155 14.239013
54798  -21.231  -60.621  0.002 14.330099
54799  -20.386  -61.187  0.025 13.852587
54800  -17.616  -61.383  0.106 12.380247
54801  -18.794  -60.862  -0.092 12.997370
54802  -17.958  -60.726  -0.098 12.554879
54803  -18.303  -60.014  -0.341 12.695731
54804  -17.019  -60.563  -0.069 12.114978
56026  -13.687  -78.107  11.725 16.276588
56027  -14.419  -78.333  10.969 16.420860
56028  -13.829  -78.705  11.384 16.060215
56029  -13.698  -80.150  10.655 15.222357
56030  -14.036  -79.727  10.366 15.610459
56031  -14.061  -80.054  9.734 15.384732
56032  -14.380  -79.876  8.828 15.478420
56033  -14.009  -80.242  9.066 15.161725
56597  -25.284  -62.912  5.743 14.818859
56598  -25.032  -62.251  5.772 14.255383
56599  -25.466  -62.965  5.253 14.687014
56600  -25.734  -63.635  3.704 15.042569
56601  -25.564  -63.037  4.218 14.583254
56602  -25.565  -63.016  3.721 14.609236
56603  -25.389  -62.320  3.787 14.191773
56604  -25.545  -62.979  3.239 14.679324
56605  -25.446  -62.963  2.779 14.783009
56606  -25.544  -63.586  2.762 15.124639
56607  -24.999  -65.438  2.053 15.944649
56608  -25.079  -64.837  1.997 15.730841
56609  -24.632  -65.415  1.685 15.820460
56610  -24.194  -65.369  1.385 15.659537
56611  -24.027  -66.000  1.423 15.738303
59267  -18.362  -52.393  4.308 12.514436
59268  -17.657  -51.886  4.014 12.937229
59269  -18.707  -52.135  3.956 12.796300
59270  -20.275  -52.184  2.788 13.415253
59271  -19.356  -51.766  3.079 13.463384
59272  -19.568  -51.727  2.628 13.849105
59273  -18.752  -51.255  2.460 14.340557
59274  -19.730  -51.780  2.148 14.265103
59275  -20.707  -52.607  -2.127 15.000255
59276  -20.977  -51.889  -1.908 15.434292
59277  -20.709  -51.781  -2.259 15.208029
59278  -20.220  -49.895  -2.730 15.388120
59279  -20.459  -50.066  -2.406 15.750550
59280  -20.139  -49.244  -2.340 16.084417
59281  -19.809  -48.740  -1.819 16.750937
59282  -19.667  -48.517  -2.185 16.458002
59283  -18.939  -47.755  -1.995 16.868687
59284  -19.478  -48.239  -2.492 16.062145
59285  -19.337  -48.332  -3.562 14.146590
59286  -19.148  -47.718  -3.118 15.046204
59287  -18.994  -47.432  -3.387 14.467404
59288  -18.190  -46.460  -3.059 14.838354
59289  -18.701  -47.100  -3.613 13.863934
59290  -18.469  -46.773  -3.800 13.247717
59291  -18.881  -47.864  -4.036 12.944367
62956  -20.778  -71.227  8.292 20.943710
62957  -21.178  -71.127  8.101 20.917009
62958  -20.867  -71.726  7.974 20.787855
62959  -20.780  -73.123  7.053 20.083702
62960  -21.141  -72.513  7.180 20.313068
62961  -21.229  -72.853  6.695 20.002283
62962  -21.694  -72.499  6.361 19.879091
62963  -21.342  -73.137  6.229 19.647181
62964  -18.316  -75.953  3.760 15.066607
62965  -18.838  -75.515  3.723 15.310880
62966  -18.527  -75.360  3.386 14.710418
62967  -18.643  -73.910  2.466 13.339734
62968  -18.992  -74.122  2.743 13.993894
62969  -19.225  -73.493  2.422 13.661566
62970  -19.911  -73.133  2.355 14.045719
62971  -19.458  -72.821  2.143 13.363448
62972  -19.720  -72.125  1.889 13.109612
62973  -18.971  -72.473  1.974 12.692580
62979  -9.896  -80.670  4.432 12.321583
62980  -10.049  -80.201  4.673 12.714211
62981  -9.268  -80.006  4.462 12.548017
62982  -7.525  -78.540  4.491 12.400396
62983  -8.355  -78.558  4.652 12.679775
63791  -17.710  -57.754  8.767 12.280538
63792  -20.228  -59.478  8.245 13.903531
63793  -19.784  -58.897  8.212 13.316811
63794  -20.844  -59.615  8.033 13.784518
63795  -21.450  -59.766  7.803 13.626750
63796  -21.783  -60.396  7.815 14.226927
63797  -21.497  -61.846  8.327 16.434347
63798  -21.203  -61.298  8.282 15.804196
63799  -22.070  -62.012  8.163 16.340158
63800  -23.941  -63.175  7.529 16.382511
63801  -23.226  -62.365  7.771 15.964000
63802  -23.732  -62.555  7.485 15.718919
63803  -23.500  -61.893  7.410 15.061768
63804  -24.208  -62.686  7.125 15.463716
63805  -24.649  -62.777  6.703 15.218109
63806  -24.775  -63.405  6.805 15.857280
63807  -25.328  -65.522  5.618 17.193804
63808  -25.479  -64.869  5.631 16.603842
63809  -25.500  -65.528  5.071 16.939415
63810  -25.631  -65.530  4.545 16.715328
63811  -25.407  -66.216  4.569 17.232531
66467  -23.176  -56.099  1.803 13.650054
66468  -23.044  -55.489  1.595 13.665283
66469  -22.894  -56.021  1.331 14.007789
66470  -22.449  -56.295  0.109 14.782702
66471  -22.532  -55.727  0.313 14.608350
66472  -22.257  -55.466  -0.106 14.807078
66473  -22.055  -54.612  -0.323 14.877925
66474  -21.931  -55.298  -0.506 14.913711
66475  -21.203  -58.977  -0.296 14.434691
66476  -21.663  -58.331  -0.257 14.705547
66477  -21.157  -58.245  -0.510 14.461554
66478  -20.526  -56.478  -1.336 14.214728
66479  -20.983  -56.635  -1.040 14.509811
66480  -20.888  -55.842  -1.296 14.550441
66481  -21.196  -55.127  -1.220 14.815674
66482  -20.793  -55.071  -1.551 14.613585
66483  -20.747  -54.278  -1.773 14.706221
66484  -20.392  -54.971  -1.816 14.322652
66485  -18.976  -55.533  -1.976 13.034183
66486  -19.526  -54.764  -2.202 13.537026
66487  -19.038  -54.722  -2.323 13.074168
66488  -19.182  -53.880  -2.648 13.130848
66489  -18.570  -54.650  -2.450 12.582612
66490  -18.152  -54.550  -2.572 12.072150
66491  -17.992  -55.327  -2.163 12.060877
70156  -17.805  -75.477  8.134 18.805349
70157  -18.252  -75.489  7.717 18.868662
70158  -17.894  -75.969  7.877 18.548450
70159  -17.579  -77.275  7.557 17.642323
70160  -18.010  -76.756  7.215 17.935076
70161  -18.014  -77.109  6.876 17.586418
70162  -18.399  -76.858  6.289 17.492661
70163  -17.989  -77.465  6.558 17.213949
70164  -15.641  -78.478  9.175 16.556215
70165  -16.126  -78.184  8.746 16.827606
70166  -16.074  -78.612  8.168 16.545130
70167  -16.598  -78.346  5.993 16.001457
70168  -16.778  -78.360  6.454 16.363903
70169  -17.129  -77.947  5.770 16.194605
70170  -17.661  -77.508  5.594 16.406351
70171  -17.435  -77.544  5.158 15.975045
70172  -17.758  -77.057  4.675 15.709242
70173  -17.252  -77.452  4.769 15.528401
70174  -16.044  -77.217  4.234 14.514236
70175  -16.680  -76.962  4.053 14.600934
70176  -16.300  -76.578  3.794 14.127106
70177  -16.436  -76.011  3.442 13.698347
70178  -15.783  -76.102  3.677 13.651339
71860  -17.773  -52.844  4.906 12.035882
71875  -24.474  -60.834  5.716 13.233468
71876  -23.950  -60.061  6.185 12.847514
71877  -24.201  -60.056  5.781 12.790399
71878  -23.552  -58.441  5.257 12.120084
71879  -23.469  -58.518  5.768 12.069701
71885  -23.549  -57.436  3.758 12.415095
71886  -23.206  -56.812  4.067 12.049189
71887  -23.284  -56.820  3.601 12.299629
71888  -23.006  -56.134  3.469 12.248971
71889  -23.275  -56.597  3.173 12.594653
71890  -23.353  -56.408  2.708 12.926357
71891  -23.579  -57.147  2.830 13.004909
71892  -24.200  -59.413  1.985 14.111258
71893  -23.894  -58.558  2.032 13.931636
71894  -23.931  -59.150  1.669 14.380001
71895  -23.600  -59.076  1.277 14.616511
71896  -23.842  -59.807  1.370 14.759851
71897  -24.978  -62.628  2.034 15.032027
71898  -24.860  -61.891  2.076 14.788398
71899  -24.635  -62.424  1.759 15.141165
71900  -23.426  -62.752  0.947 15.215297
71901  -23.902  -62.198  1.157 15.233294
71902  -23.404  -62.047  0.875 15.184141
71903  -23.299  -61.290  0.780 15.132136
71904  -22.912  -61.818  0.677 15.058387
71905  -22.379  -61.626  0.483 14.854473
71906  -22.320  -62.398  0.557 14.797318
71907  -20.459  -64.152  0.520 13.601682
71908  -20.678  -63.481  0.459 13.793191
71909  -19.695  -63.908  0.505 13.124396
71910  -18.814  -63.700  0.488 12.640346
71911  -18.506  -64.273  0.584 12.402028
75557  -11.997  -81.989  12.017 12.382313
79885  -16.183  -50.837  3.461 13.937446
79886  -14.941  -50.436  3.547 14.151034
79887  -15.296  -50.220  3.204 14.493490
79900  -22.341  -54.157  1.175 13.888108
79901  -22.009  -53.534  1.643 13.680968
79902  -21.997  -53.467  1.104 14.100333
79903  -21.221  -51.852  0.556 15.144022
79904  -21.108  -52.499  0.916 14.726071
79905  -20.653  -51.846  0.926 15.134166
79906  -20.066  -51.404  1.283 15.153709
79907  -20.108  -51.081  0.895 15.598755
79908  -20.968  -50.642  -1.206 16.160151
79909  -21.084  -50.904  -0.792 16.050493
79910  -20.697  -50.183  -0.716 16.446398
79911  -18.657  -49.003  0.097 17.425749
79912  -19.514  -49.572  0.151 16.891949
79913  -18.616  -49.307  0.432 17.072412
79914  -18.485  -49.877  0.711 16.662640
79915  -17.479  -49.033  0.671 17.238995
79916  -16.216  -49.003  0.794 17.399529
79917  -16.309  -48.382  0.541 17.826490
79930  -16.646  -46.224  -1.688 17.787561
79931  -15.416  -45.801  -1.380 18.615145
79932  -15.156  -45.420  -1.586 18.286572
79952  -18.064  -46.041  -4.155 12.008016
79953  -17.174  -44.954  -3.797 12.350208
87304  -20.721  -65.857  9.547 20.313494
87305  -21.160  -66.799  9.272 20.596657
87306  -20.854  -66.587  9.437 20.635408
87313  -20.804  -68.108  9.184 20.997196
87314  -20.668  -68.772  9.084 21.039705
87315  -20.737  -69.655  8.815 21.072886
87316  -20.466  -69.433  9.000 20.999308
87317  -19.637  -70.330  8.855 20.530334
87318  -19.919  -70.653  8.741 20.712450
87319  -19.566  -71.126  8.703 20.489515
87320  -19.470  -71.951  8.569 20.398479
87321  -19.176  -71.651  8.650 20.229092
87342  -18.006  -72.267  8.583 19.407228
87343  -18.305  -72.673  8.476 19.638462
87344  -17.863  -73.207  8.569 19.326445
87345  -17.776  -74.116  8.559 19.197893
87346  -17.456  -73.704  8.711 19.012791
87347  -16.363  -74.117  9.160 18.187372
87348  -16.698  -74.562  8.985 18.396194
87349  -16.194  -74.912  9.275 18.094580
87350  -16.076  -75.648  9.410 17.958809
87351  -15.662  -75.300  9.709 17.793737
87355  -13.538  -74.839  10.920 16.696329
87356  -14.188  -74.585  10.392 17.037510
87357  -14.010  -75.335  10.868 16.951582
87358  -14.511  -75.796  10.723 17.167942
87359  -13.868  -76.050  11.256 16.825155
87360  -13.746  -76.676  11.600 16.665674
87361  -13.198  -76.227  11.829 16.449770
87362  -11.494  -76.519  12.899 15.260125
87363  -12.025  -76.934  12.790 15.570354
87364  -11.486  -77.302  13.183 15.059121
87365  -11.596  -78.205  13.299 14.842287
87366  -10.962  -77.730  13.551 14.502900
87423  -8.481  -74.573  12.390 12.913297
87427  -9.593  -74.702  12.292 13.819994
87428  -9.966  -75.141  12.633 14.197142
87429  -9.348  -75.542  13.038 13.638001
87430  -8.851  -78.052  13.994 12.564653
87431  -9.310  -77.423  13.864 13.175903
87432  -9.482  -78.469  14.013 12.919146
87433  -10.156  -78.878  13.923 13.290173
87434  -9.864  -79.529  13.982 12.659751
87435  -10.357  -80.506  13.781 12.407119
87436  -9.685  -80.148  13.916 12.033193
89105  -16.421  -58.639  9.468 12.402288
89106  -15.902  -58.832  9.639 12.157995
89113  -16.613  -59.687  9.501 13.306128
90947  -21.784  -65.289  8.819 19.418003
90948  -21.981  -66.092  8.774 19.852211
90949  -22.733  -67.849  8.108 20.350737
90950  -22.742  -67.009  8.236 20.081646
90951  -23.084  -67.437  7.902 20.056755
90952  -23.395  -66.984  7.637 19.701048
90953  -23.398  -67.798  7.497 19.946915
90954  -22.075  -70.738  7.604 20.708366
90955  -22.320  -70.091  7.695 20.722761
90956  -22.526  -70.432  7.299 20.525278
90957  -23.640  -69.664  6.153 19.710960
90958  -23.429  -69.571  6.661 19.996719
90959  -23.818  -68.922  6.393 19.650246
90960  -23.968  -68.176  6.648 19.527126
90961  -24.197  -68.256  6.211 19.249931
90962  -24.527  -67.628  6.000 18.798471
90963  -24.336  -68.404  5.695 18.949049
90964  -24.314  -69.210  4.540 18.370173
90965  -24.577  -68.540  4.690 18.323133
90966  -24.630  -68.536  4.305 18.011208
90967  -24.900  -67.825  4.066 17.628521
90968  -24.607  -68.504  3.913 17.701569
90969  -19.112  -75.202  6.899 18.885002
90970  -19.531  -74.591  6.923 19.208679
90971  -19.563  -74.933  6.531 18.838848
90972  -20.606  -74.547  5.322 18.174570
90973  -20.591  -74.456  5.769 18.645205
90974  -21.085  -74.077  5.303 18.503555
90975  -21.513  -73.556  5.308 18.813736
90976  -21.558  -73.573  4.831 18.337645
90977  -20.053  -74.459  3.693 15.933312
90978  -20.310  -74.487  4.096 16.542257
90979  -20.706  -74.097  3.664 16.296831
90980  -22.098  -72.492  3.343 16.855154
90981  -21.738  -73.139  3.704 17.060175
90982  -22.278  -72.570  3.785 17.423616
90983  -22.393  -72.592  4.221 17.954657
90984  -22.796  -72.024  3.892 17.748770
90985  -23.295  -71.401  4.010 18.017855
90986  -23.169  -71.346  3.578 17.540119
90987  -23.548  -69.806  2.727 16.674994
90988  -23.748  -69.834  3.175 17.128609
90989  -23.970  -69.158  2.950 16.929243
90990  -24.398  -68.478  3.122 17.070740
90991  -24.202  -68.376  2.717 16.733868
90992  -24.503  -67.520  2.533 16.540611
90993  -23.989  -68.307  2.302 16.370567
90994  -22.786  -68.776  1.487 15.067381
90995  -23.354  -68.157  1.561 15.536433
90996  -22.877  -67.987  1.321 15.059549
90997  -22.916  -67.245  1.155 15.075455
90998  -22.326  -67.800  1.141 14.545715
90999  -20.033  -70.687  1.455 12.762187
91000  -20.769  -70.230  1.445 13.330728
91001  -20.146  -69.858  1.319 12.675327
91002  -19.335  -68.052  0.936 12.068798
91003  -20.162  -68.415  1.028 12.672973
91004  -20.167  -67.704  0.902 12.749850
91005  -20.958  -67.285  0.888 13.439957
91006  -20.193  -66.966  0.786 12.870291
91007  -20.188  -66.268  0.686 13.025988
91008  -19.410  -66.645  0.721 12.305399
91014  -12.905  -81.921  10.597 13.237088
91015  -13.078  -81.481  10.762 13.791395
91016  -13.233  -81.768  9.818 13.624286
91017  -13.015  -80.881  7.542 14.059641
91018  -13.311  -80.987  8.348 14.227411
91019  -13.267  -80.426  7.697 14.414689
91020  -13.541  -80.132  7.749 14.726889
91021  -13.185  -79.923  7.132 14.512704
91022  -10.706  -79.403  5.236 13.372064
91027  -12.596  -78.252  5.613 14.142542
91028  -13.183  -78.700  5.943 14.426296
91029  -13.315  -78.060  5.394 14.243138
91030  -14.066  -77.834  5.050 14.320958
91031  -13.435  -77.306  4.789 13.973124
91032  -12.603  -75.287  3.889 12.789800
91033  -13.535  -75.912  3.903 13.210092
91034  -13.471  -75.182  3.632 12.742987
91035  -14.386  -75.225  3.284 12.705995
91036  -13.388  -74.468  3.303 12.240240
92251  -22.168  -64.556  8.537 18.886948
92783  -19.297  -62.419  0.270 13.085667
92784  -19.460  -61.736  0.116 13.274870
92785  -18.384  -62.203  0.256 12.628208
92786  -17.338  -62.021  0.280 12.174586
93520  -12.823  -79.007  12.509 15.429390
93521  -13.336  -79.187  11.774 15.659133
93522  -13.127  -79.593  12.174 15.212317
93523  -13.360  -80.097  11.677 14.997437
93524  -13.450  -80.505  10.859 14.789238
93863  -25.779  -64.269  4.584 15.652477
93864  -25.699  -63.666  4.637 15.123747
93865  -25.812  -64.248  4.100 15.546197
93866  -25.816  -64.245  3.644 15.484915
93867  -25.762  -64.222  3.215 15.462220
93868  -25.614  -64.213  2.786 15.467866
93869  -25.617  -64.862  2.801 15.808256
93870  -25.292  -65.472  2.436 16.046812
93871  -24.827  -66.075  2.109 16.149166
95465  -20.336  -52.974  4.005 12.373381
95466  -19.731  -52.430  3.756 12.709807
95467  -20.605  -52.836  3.497 12.689853
95468  -20.868  -52.699  2.957 13.045421
95469  -20.959  -52.729  2.424 13.436095
95470  -20.123  -52.507  -2.733 14.289368
95471  -20.449  -51.716  -2.618 14.879642
95472  -20.160  -51.654  -2.944 14.466792
95473  -20.107  -50.738  -3.032 14.683230
95474  -19.991  -49.701  -3.022 14.940804
95475  -19.741  -48.808  -2.964 15.240905
95476  -19.775  -49.509  -3.317 14.429629
95477  -19.509  -49.310  -3.561 13.874325
95478  -19.254  -49.120  -3.823 13.291454
95479  -19.028  -48.919  -4.082 12.693843
95480  -19.019  -49.942  -3.997 12.493114
97678  -20.114  -72.317  8.110 20.586737
97679  -20.527  -72.334  7.860 20.606054
97680  -20.169  -72.914  7.783 20.379368
97681  -20.270  -73.338  7.403 20.121971
97682  -20.399  -73.658  7.000 19.817329
97683  -17.583  -75.463  3.172 13.915947
97684  -18.125  -75.120  3.081 14.102998
97685  -17.723  -74.872  2.833 13.496699
97686  -17.911  -74.236  2.506 13.085602
97687  -18.171  -73.465  2.302 12.697758
97688  -18.262  -72.720  2.079 12.346629
97689  -17.596  -73.034  2.156 12.076465
97692  -8.401  -80.517  4.036 12.009897
97693  -8.522  -79.902  4.276 12.358314
97694  -7.785  -79.849  4.115 12.145065
97695  -7.186  -79.257  4.143 12.175112
98178  -17.383  -58.255  9.057 12.733327
98179  -18.041  -58.268  8.773 12.806086
98180  -18.467  -58.787  8.736 13.371671
98181  -19.563  -59.394  8.453 13.968173
98182  -20.619  -60.099  8.237 14.522774
98183  -23.080  -63.314  8.084 17.450230
98184  -22.863  -62.762  8.033 16.827860
98185  -23.550  -63.527  7.837 17.269632
98186  -24.015  -63.712  7.530 17.037136
98187  -24.479  -63.881  7.168 16.773928
98188  -24.861  -64.014  6.755 16.501572
98189  -24.874  -64.670  6.684 17.137302
98190  -25.148  -65.456  6.139 17.468998
98191  -25.151  -66.203  5.567 17.762733
99785  -23.066  -57.770  0.941 14.398777
99786  -22.914  -56.785  0.854 14.343378
99787  -22.858  -57.375  0.615 14.634883
99788  -22.607  -57.073  0.293 14.797733
99789  -22.265  -56.909  -0.056 14.871625
99790  -20.099  -58.698  -0.710 13.727198
99791  -20.606  -58.103  -0.749 14.147079
99792  -20.032  -57.958  -0.933 13.777838
99793  -20.052  -57.202  -1.183 13.817443
99794  -19.974  -56.426  -1.479 13.855011
99795  -19.976  -55.652  -1.741 13.899207
99796  -19.455  -56.349  -1.615 13.446416
99797  -18.936  -56.268  -1.719 13.003359
99798  -18.418  -56.192  -1.749 12.537043
99799  -17.894  -56.097  -1.800 12.055815
99800  -17.690  -56.852  -1.454 12.048031
101998  -16.908  -76.281  8.722 18.179705
101999  -17.444  -76.371  8.173 18.236233
102000  -16.990  -76.711  8.508 17.933649
102001  -17.068  -77.114  8.220 17.659971
102002  -17.116  -77.627  7.960 17.363096
102003  -15.471  -79.047  7.953 16.014627
102004  -15.947  -78.804  7.601 16.251554
102005  -15.759  -78.886  7.068 15.948542
102006  -16.065  -78.627  6.308 15.818871
102007  -16.382  -78.222  5.547 15.626885
102008  -16.695  -77.783  4.888 15.375313
102009  -16.111  -78.032  5.125 15.241666
102010  -15.811  -77.774  4.759 14.847481
102011  -15.397  -77.436  4.492 14.445919
103025  -20.761  -58.398  7.812 12.570146
103026  -20.361  -57.764  7.843 12.128473
103027  -21.415  -58.392  7.628 12.440355
103028  -22.066  -58.464  7.343 12.312300
103029  -22.537  -58.405  6.962 12.200150
103030  -24.798  -60.830  4.800 13.221951
103031  -24.363  -60.057  5.358 12.786187
103032  -24.492  -60.038  4.831 12.837858
103033  -23.923  -59.000  4.786 12.503454
103034  -23.673  -58.418  4.769 12.224041
103035  -23.365  -57.710  4.748 12.004235
103036  -23.890  -58.481  4.347 12.381896
103037  -23.894  -58.130  3.863 12.591358
103038  -23.872  -57.889  3.395 12.847201
103039  -23.855  -57.836  2.971 13.140908
103040  -24.169  -58.708  2.973 13.328347
103041  -24.381  -59.489  2.501 13.831584
103042  -24.518  -60.222  2.036 14.319843
103043  -24.306  -63.889  1.386 15.467841
103044  -24.360  -63.035  1.443 15.348857
103045  -23.819  -63.801  1.165 15.377604
103046  -23.282  -63.664  0.919 15.224199
103047  -22.770  -63.416  0.742 15.002430
103048  -22.260  -63.110  0.619 14.713551
103049  -22.120  -63.883  0.649 14.606505
103050  -21.203  -64.395  0.576 14.058789
103051  -20.146  -64.836  0.530 13.402642
107836  -16.557  -50.363  2.798 14.647068
107837  -15.454  -50.008  2.900 14.853140
107838  -15.575  -49.791  2.601 15.233871
107839  -14.660  -49.146  2.425 15.835629
107845  -22.332  -53.532  0.264 14.647915
107846  -22.006  -53.228  0.625 14.506248
107847  -22.016  -52.876  0.141 14.876337
107848  -21.603  -52.102  0.147 15.167968
107849  -21.246  -51.422  0.131 15.520504
107850  -20.092  -49.272  -1.069 16.969179
107851  -20.186  -49.552  -0.673 16.886484
107852  -19.425  -48.950  -0.623 17.363241
107853  -18.580  -48.680  -0.262 17.698252
107854  -17.539  -48.405  0.016 17.979250
107855  -16.277  -48.000  0.257 18.213820
107856  -16.203  -47.667  -0.027 18.539265
107857  -14.889  -46.872  -0.041 19.092674
107863  -16.030  -45.411  -2.126 16.869785
107864  -14.864  -45.004  -1.809 17.867270
107865  -14.596  -44.573  -2.057 17.376091
107875  -14.591  -43.248  -3.448 13.198931
112311  -17.148  -73.270  8.803 18.789017
112312  -16.869  -72.764  8.845 18.527704
112313  -16.482  -73.153  9.024 18.233177
112314  -16.014  -73.646  9.197 17.942652
112318  -13.142  -74.403  10.788 16.403391
112319  -12.851  -75.151  11.357 16.320032
112320  -12.668  -75.808  11.947 16.193890
112321  -12.207  -75.457  11.907 15.901134
112322  -11.575  -75.751  12.438 15.435515
112323  -10.955  -76.066  12.902 14.923152
112357  -7.754  -73.468  11.517 12.213351
112358  -7.351  -74.374  12.306 12.071796
112359  -7.763  -74.956  12.735 12.389589
112360  -8.191  -75.437  13.163 12.720149
112361  -8.734  -75.944  13.376 13.063906
112362  -8.167  -76.444  13.609 12.489617
112363  -8.271  -77.529  13.902 12.233537
114472  -21.786  -67.165  8.888 20.396776
114473  -22.084  -66.903  8.710 20.230106
114474  -22.084  -67.699  8.596 20.537579
114475  -22.367  -68.183  8.282 20.586248
114476  -22.637  -68.627  7.906 20.546972
114477  -22.397  -71.235  6.704 20.197624
114478  -22.711  -70.656  6.838 20.273315
114479  -22.861  -70.845  6.321 19.976341
114480  -23.312  -70.396  5.978 19.708336
114481  -23.787  -69.758  5.674 19.394470
114482  -24.139  -69.149  5.408 19.036604
114483  -23.899  -69.829  5.217 19.056456
114484  -23.960  -69.884  4.796 18.702553
114485  -24.009  -69.923  4.382 18.335148
114486  -19.171  -75.720  6.125 18.105923
114487  -19.571  -75.182  6.152 18.431133
114488  -19.572  -75.312  5.775 17.987698
114489  -20.082  -75.018  5.351 17.839506
114490  -20.630  -74.523  4.882 17.666039
114491  -20.713  -73.521  2.928 15.401345
114492  -20.985  -73.601  3.264 16.053833
114493  -21.257  -73.002  2.884 15.823176
114494  -21.821  -72.365  2.917 16.250740
114495  -22.418  -71.773  3.028 16.660826
114496  -22.979  -71.261  3.173 17.029026
114497  -22.752  -71.156  2.775 16.482592
114498  -23.106  -70.483  2.536 16.324238
114499  -23.297  -69.783  2.291 16.187336
114500  -23.491  -69.069  2.083 16.071159
114501  -22.970  -69.734  1.932 15.663648
114502  -22.604  -69.541  1.665 15.105338
114503  -22.160  -69.308  1.457 14.517583
114505  -19.443  -69.465  1.204 12.037153
114513  -13.082  -82.316  8.715 12.957285
114514  -13.192  -81.843  8.867 13.475634
114515  -13.023  -81.835  7.960 13.343144
114516  -12.840  -81.291  7.333 13.661408
114517  -12.590  -80.626  6.839 13.896296
114522  -11.889  -76.962  4.976 13.589664
114523  -12.711  -76.718  4.605 13.615959
114524  -11.886  -76.139  4.521 13.248017
114525  -11.734  -75.446  4.255 12.834993
114526  -11.535  -74.721  3.970 12.365515
115401  -18.919  -60.241  8.880 15.105290
115402  -19.621  -60.384  8.633 15.199477
115403  -19.936  -60.892  8.625 15.806682
115404  -20.891  -61.594  8.468 16.450554
115405  -21.694  -62.319  8.376 17.035219
115406  -21.250  -62.631  8.496 17.539589
115407  -21.866  -62.858  8.377 17.591328
115408  -22.486  -63.089  8.246 17.561108
115409  -23.105  -63.938  8.031 18.029816
115410  -23.604  -64.847  7.749 18.442478
115411  -23.972  -65.792  7.413 18.799393
116651  -22.423  -60.051  0.272 14.892466
116652  -22.264  -59.189  0.195 14.883154
116653  -21.865  -59.900  0.032 14.679913
116654  -21.251  -59.756  -0.175 14.393543
116655  -20.611  -59.615  -0.345 14.047301
116656  -19.631  -61.014  -0.055 13.433914
116657  -19.778  -60.279  -0.257 13.560858
116658  -19.962  -59.462  -0.487 13.657168
116659  -19.283  -59.398  -0.557 13.238236
116660  -18.548  -59.295  -0.592 12.803391
116661  -17.788  -59.130  -0.598 12.362184
118372  -14.821  -77.427  10.737 16.969383
118373  -15.460  -77.608  9.989 17.055208
118374  -14.971  -77.966  10.536 16.749250
118375  -15.082  -78.490  10.096 16.514500
118376  -15.104  -78.909  9.609 16.269369
118377  -13.939  -79.264  10.980 15.836703
118378  -14.520  -79.286  10.020 15.957237
118379  -15.052  -79.212  9.082 16.017179
118380  -14.943  -79.407  8.384 15.760090
118381  -14.678  -79.479  7.832 15.499668
118382  -14.384  -79.459  7.312 15.236700
119171  -24.168  -61.479  6.590 14.005929
119172  -23.899  -60.761  6.573 13.454723
119173  -24.513  -61.549  6.165 13.842175
119174  -24.759  -61.544  5.746 13.724177
119175  -24.926  -61.622  5.208 13.658812
119176  -25.560  -63.027  4.725 14.608200
119177  -25.327  -62.358  4.717 14.114172
119178  -25.058  -61.630  4.744 13.649607
119179  -25.167  -61.581  4.320 13.696839
119180  -25.242  -61.498  3.898 13.797339
119181  -25.222  -61.446  3.408 13.944559
119182  -25.124  -61.364  2.918 14.128494
119183  -25.319  -62.251  2.802 14.448715
119184  -25.247  -62.817  2.377 14.906237
119185  -25.065  -63.396  2.010 15.273005
119186  -25.391  -64.205  2.365 15.488203
119187  -25.097  -64.189  1.967 15.506791
119188  -24.730  -64.040  1.653 15.505837
119189  -24.272  -64.669  1.361 15.570712
119190  -23.656  -65.275  1.121 15.449958
119191  -22.899  -65.822  0.941 15.146517
122909  -16.159  -51.872  4.363 12.835018
122910  -15.351  -51.281  4.126 13.309624
122911  -16.538  -51.642  4.057 13.115659
122912  -16.942  -51.375  3.727 13.414747
122913  -17.173  -51.130  3.400 13.738207
122914  -19.086  -51.919  3.520 13.112170
122915  -18.333  -51.470  3.274 13.574774
122916  -17.380  -50.909  3.068 14.089847
122917  -17.634  -50.719  2.716 14.471122
122918  -17.899  -50.735  2.262 14.880994
122919  -18.087  -50.515  1.879 15.315047
122920  -21.420  -52.840  -1.444 15.317639
122921  -21.559  -52.212  -1.166 15.537498
122922  -21.300  -52.048  -1.552 15.545774
122923  -21.060  -51.229  -1.603 15.822838
122924  -20.826  -50.424  -1.608 16.147179
122925  -20.651  -50.940  -2.355 15.458086
122926  -20.693  -50.235  -2.019 16.008408
122927  -20.450  -49.668  -1.535 16.515749
122928  -19.967  -48.985  -1.447 16.924314
122929  -19.214  -48.353  -1.333 17.367327
122930  -18.275  -47.678  -1.199 17.838453
122931  -17.080  -47.002  -1.180 18.330591
122932  -18.087  -47.339  -1.505 17.633492
122933  -17.936  -47.009  -1.811 17.313221
122934  -17.772  -46.659  -2.081 16.895195
122935  -19.299  -47.973  -2.805 15.584336
122936  -18.600  -47.143  -2.570 15.971025
122937  -17.618  -46.314  -2.314 16.400227
122938  -17.306  -45.898  -2.535 15.849081
122939  -16.991  -45.493  -2.766 15.259721
122940  -16.808  -45.155  -3.022 14.646236
122941  -16.512  -44.757  -3.214 14.018974
122942  -17.667  -45.733  -3.473 13.605743
122943  -18.271  -46.426  -3.982 12.627176
122945  -18.817  -48.678  -4.305 12.090881
128074  -21.276  -70.036  8.455 21.067266
128075  -21.686  -69.852  8.287 20.987900
128076  -21.439  -70.544  8.186 20.985998
128077  -21.601  -71.009  7.864 20.838680
128078  -21.804  -71.299  7.489 20.631733
128079  -20.995  -72.151  7.601 20.576307
128080  -21.467  -71.884  7.405 20.498005
128081  -21.938  -71.583  7.048 20.371609
128082  -22.045  -71.865  6.553 20.064650
128083  -22.201  -72.105  6.038 19.715952
128084  -22.309  -72.288  5.505 19.329300
128085  -18.857  -76.201  4.498 16.174788
128086  -19.270  -75.647  4.416 16.461706
128087  -19.082  -75.623  4.073 15.896779
128088  -19.431  -74.987  3.706 15.601484
128089  -19.841  -74.401  3.388 15.300229
128090  -18.743  -74.760  3.036 14.348130
128091  -19.427  -74.287  3.059 14.650682
128092  -20.080  -73.906  2.969 15.005291
128093  -20.332  -73.388  2.606 14.728722
128094  -20.615  -72.745  2.286 14.481387
128095  -20.934  -72.045  1.977 14.272249
128096  -21.123  -71.288  1.763 14.107908
128097  -20.444  -71.723  1.823 13.587073
128098  -19.908  -71.381  1.663 12.907627
128099  -19.280  -71.022  1.493 12.244937
128100  -18.398  -71.981  1.833 12.043178
128106  -11.466  -81.520  5.293 12.553731
128107  -11.541  -81.142  5.510 12.987521
128108  -10.804  -80.673  4.974 12.859128
128109  -10.332  -79.783  4.923 13.066072
128110  -9.916  -79.045  4.988 13.165300
128111  -8.722  -79.287  4.537 12.668917
128112  -9.093  -78.759  4.823 12.935065
129187  -19.011  -57.788  8.243 12.281746
129188  -18.697  -58.297  8.480 12.817172
129189  -19.365  -58.349  8.196 12.773458
129190  -20.092  -58.421  7.965 12.686388
129191  -21.118  -59.082  7.778 13.071651
129192  -22.081  -59.835  7.517 13.447485
129193  -22.951  -60.591  7.295 13.823054
129194  -20.243  -60.545  8.436 15.218083
129195  -20.877  -60.698  8.250 15.161459
129196  -21.528  -60.856  8.073 15.037747
129197  -22.655  -62.189  7.977 16.177820
129198  -22.417  -61.602  7.934 15.516861
129199  -22.160  -61.026  7.886 14.861412
129200  -22.720  -61.139  7.630 14.650784
129201  -23.250  -61.232  7.326 14.425579
129202  -23.743  -61.345  7.001 14.205012
129203  -24.431  -62.133  6.626 14.597080
129204  -25.013  -62.852  6.218 14.998823
129205  -25.439  -63.565  5.688 15.405120
129206  -25.213  -64.131  6.231 16.239565
129207  -25.510  -64.228  5.661 16.003801
129208  -25.703  -64.291  5.088 15.805801
129209  -25.749  -64.904  4.547 16.185865
129210  -25.673  -65.564  4.087 16.526134
129211  -25.480  -66.278  3.672 16.804901
132575  -22.831  -55.094  2.447 12.959848
132576  -22.432  -54.450  2.255 13.078449
132577  -22.830  -54.976  1.895 13.347510
132578  -22.729  -54.878  1.325 13.743599
132579  -22.487  -54.603  0.830 14.129358
132580  -22.690  -55.934  0.811 14.334784
132581  -22.594  -55.113  0.580 14.379535
132582  -22.386  -54.230  0.385 14.482870
132583  -22.187  -53.945  -0.082 14.780724
132584  -21.949  -53.777  -0.531 15.000596
132585  -21.753  -53.681  -0.894 15.123842
132586  -22.140  -58.441  0.041 14.865827
132587  -21.991  -57.581  -0.178 14.850563
132588  -21.875  -56.767  -0.386 14.847670
132589  -21.098  -57.437  -0.772 14.483343
132590  -21.443  -56.702  -0.720 14.724903
132591  -21.736  -55.981  -0.647 14.867044
132592  -21.568  -55.183  -0.889 14.917504
132593  -21.467  -54.391  -1.084 15.006059
132594  -21.463  -53.620  -1.288 15.138329
132595  -21.099  -53.536  -1.639 15.040118
132596  -20.709  -53.444  -1.950 14.833885
132597  -20.386  -53.369  -2.234 14.531153
132598  -19.983  -54.845  -2.028 13.958323
132599  -19.997  -54.060  -2.250 14.039306
132600  -20.045  -53.271  -2.498 14.148088
132601  -19.689  -53.191  -2.735 13.702407
132602  -19.319  -53.160  -2.924 13.211061
132603  -18.911  -52.988  -3.122 12.688625
132604  -18.544  -52.826  -3.301 12.146547
132605  -18.331  -53.694  -2.954 12.098095
137248  -18.426  -74.523  8.013 19.448954
137249  -18.926  -74.396  7.680 19.513845
137250  -18.536  -74.988  7.675 19.192579
137251  -18.649  -75.384  7.305 18.895174
137252  -18.740  -75.740  6.914 18.560274
137253  -17.972  -76.411  7.567 18.256912
137254  -18.375  -76.270  7.006 18.241930
137255  -18.772  -76.083  6.515 18.191269
137256  -18.781  -76.276  6.147 17.791063
137257  -18.737  -76.497  5.765 17.362020
137258  -18.615  -76.785  5.381 16.906199
137259  -16.056  -77.808  9.156 17.096643
137260  -16.636  -77.902  8.379 17.093708
137261  -17.043  -77.904  7.526 17.046467
137262  -16.410  -78.524  7.299 16.481001
137263  -16.914  -78.117  7.005 16.712742
137264  -17.506  -77.814  6.749 16.955053
137265  -17.858  -77.494  6.067 16.819975
137266  -18.166  -77.159  5.475 16.642584
137267  -18.483  -76.740  4.966 16.425829
137268  -18.285  -76.676  4.564 15.923725
137269  -18.062  -76.558  4.160 15.403396
137270  -17.866  -76.264  3.803 14.869536
137271  -16.996  -77.251  4.388 15.069262
137272  -17.321  -76.703  3.907 14.716405
137273  -17.501  -76.055  3.512 14.327558
137274  -17.053  -75.785  3.273 13.783378
137275  -16.524  -75.437  3.091 13.242851
137276  -15.907  -74.948  2.887 12.710980
139348  -15.768  -52.061  4.675 12.565318
139349  -16.978  -52.392  4.616 12.407487
139350  -18.044  -52.631  4.610 12.262844
139351  -19.118  -52.845  4.537 12.153581
139354  -20.052  -53.119  4.430 12.097101
139355  -20.916  -53.526  4.155 12.106540
139356  -21.679  -54.040  3.717 12.190612
139357  -22.204  -54.686  3.312 12.353853
139367  -23.606  -60.099  6.564 12.951841
139368  -23.286  -59.261  6.618 12.503940
139369  -22.965  -58.453  6.590 12.116096
139370  -23.902  -59.368  5.811 12.400843
139371  -23.327  -58.580  6.236 12.070114
139383  -22.683  -55.412  3.383 12.266316
139384  -22.742  -55.336  2.878 12.595771
139385  -23.165  -55.762  2.577 12.910051
139386  -23.442  -56.269  2.203 13.283252
139387  -23.607  -56.899  1.868 13.693451
139388  -23.778  -57.705  2.539 13.460335
139389  -23.658  -57.747  2.026 13.789647
139390  -23.460  -57.822  1.462 14.109676
139391  -23.344  -58.446  1.135 14.492865
139392  -23.265  -58.993  0.905 14.799377
139393  -23.125  -59.632  0.687 14.986880
139394  -24.956  -61.195  2.475 14.335450
139395  -24.755  -61.018  2.105 14.548428
139396  -24.454  -60.834  1.752 14.747907
139397  -24.319  -62.319  1.455 15.214256
139398  -24.235  -61.533  1.421 15.067162
139399  -24.086  -60.644  1.417 14.913144
139400  -23.728  -60.557  1.059 15.024086
139401  -23.270  -60.487  0.719 15.064004
139402  -22.809  -60.343  0.437 15.021543
139403  -22.371  -60.849  0.335 14.885031
139404  -21.773  -61.472  0.302 14.577758
139405  -21.005  -62.112  0.275 14.117847
139406  -21.590  -62.973  0.475 14.364783
139407  -20.868  -62.805  0.375 13.967725
139408  -20.102  -62.621  0.304 13.536569
139409  -19.067  -63.069  0.385 12.871502
139410  -17.840  -63.512  0.486 12.160865
143866  -11.707  -80.976  12.937 13.206775
143867  -12.351  -81.078  12.314 13.603740
143868  -12.176  -81.553  12.193 13.000450
143869  -12.515  -81.981  11.311 12.816578
143870  -12.793  -82.335  10.385 12.657657
143872  -12.721  -82.789  10.178 12.064440
143873  -12.977  -82.604  9.451 12.523797
143874  -13.029  -82.733  8.492 12.412854
143875  -12.843  -82.683  7.508 12.320589
143876  -12.542  -82.540  6.587 12.240656
143885  -12.124  -82.310  5.759 12.165668
143886  -11.451  -81.857  5.055 12.087914
143887  -10.703  -81.485  4.563 12.000228
149099  -14.529  -50.647  3.893 13.819909
149102  -14.341  -49.577  2.982 15.068919
149117  -21.982  -53.781  2.151 13.267262
149118  -21.505  -53.050  2.090 13.526422
149119  -21.050  -52.552  1.949 13.854589
149120  -21.601  -52.827  1.046 14.380247
149121  -21.109  -52.407  1.459 14.289729
149122  -20.488  -52.148  1.789 14.248734
149123  -19.931  -51.549  1.693 14.703822
149124  -19.140  -50.754  1.676 15.212631
149125  -18.176  -50.213  1.519 15.765459
149126  -21.385  -51.603  -0.822 15.704821
149127  -21.146  -51.184  -0.321 15.830680
149128  -20.782  -50.797  0.103 15.929935
149129  -20.225  -49.862  -0.278 16.687113
149130  -20.218  -50.172  0.121 16.389875
149131  -20.135  -50.444  0.533 16.018692
149132  -19.318  -50.362  0.888 16.111715
149133  -18.267  -50.431  1.017 16.220146
149138  -15.083  -47.582  0.498 18.410114
149153  -15.710  -46.249  -1.163 18.836224
149180  -16.236  -44.380  -3.408 13.384660
149181  -15.891  -44.016  -3.590 12.747873
149182  -15.601  -43.653  -3.783 12.112020
158016  -21.402  -66.225  9.234 20.163294
158017  -21.465  -66.988  9.118 20.517881
158018  -21.440  -67.746  8.969 20.790709
158019  -21.345  -68.442  8.837 20.976795
158026  -20.857  -67.327  9.331 20.863827
158027  -21.069  -68.289  9.031 21.010088
158028  -21.182  -69.188  8.714 21.076813
158029  -20.991  -69.886  8.613 21.095415
158030  -20.765  -70.493  8.520 21.039850
158031  -20.477  -71.067  8.437 20.918818
158032  -20.208  -70.111  8.870 20.886395
158033  -20.199  -70.866  8.607 20.841846
158034  -20.179  -71.568  8.387 20.741518
158035  -19.787  -72.110  8.370 20.517656
158036  -19.333  -72.673  8.345 20.256653
158037  -18.877  -73.243  8.273 19.968126
158061  -18.935  -71.308  8.672 20.010181
158062  -18.736  -72.176  8.572 19.942137
158063  -18.586  -72.965  8.435 19.825752
158064  -18.480  -73.730  8.279 19.660885
158065  -18.111  -74.305  8.308 19.343527
158066  -17.778  -74.802  8.371 19.023205
158067  -17.447  -75.246  8.484 18.705341
158068  -17.084  -74.148  8.851 18.702032
158069  -17.023  -74.958  8.807 18.568905
158070  -17.022  -75.626  8.709 18.393219
158071  -16.497  -76.014  9.080 18.087326
158072  -16.013  -76.277  9.514 17.785368
158073  -15.496  -76.546  9.991 17.482119
158075  -15.677  -73.130  9.146 17.662373
158076  -15.420  -74.009  9.537 17.651535
158077  -14.443  -73.836  9.826 17.076454
158078  -14.806  -74.321  9.941 17.352709
158079  -15.226  -74.854  9.912 17.591837
158080  -15.107  -75.591  10.211 17.487631
158081  -15.031  -76.225  10.393 17.344767
158082  -14.925  -76.839  10.564 17.169859
158083  -14.277  -77.066  11.278 16.839285
158084  -13.712  -77.367  11.805 16.480547
158085  -13.155  -77.778  12.247 16.084177
158086  -12.590  -76.561  12.342 16.033340
158087  -12.573  -77.373  12.576 15.847067
158088  -12.633  -78.208  12.634 15.643232
158089  -12.195  -78.625  13.007 15.154332
158090  -11.783  -79.080  13.247 14.618317
158091  -11.465  -79.637  13.413 14.040767
158163  -11.061  -74.110  11.253 14.843179
158164  -10.713  -74.814  12.083 14.728240
158165  -10.421  -75.597  12.840 14.566680
158166  -10.370  -76.463  13.253 14.368979
158167  -9.279  -76.456  13.560 13.419363
158168  -9.863  -76.919  13.614 13.782279
158169  -10.423  -77.352  13.567 14.146358
158170  -10.539  -78.252  13.761 13.909296
158171  -10.792  -79.261  13.779 13.668036
158172  -11.222  -80.203  13.478 13.431329
158173  -11.044  -80.752  13.412 12.802777
158174  -10.895  -81.329  13.239 12.169464
160176  -16.518  -57.972  9.316 12.055988
160177  -16.907  -58.430  9.269 12.597328
160178  -17.357  -58.942  9.226 13.167098
160179  -17.692  -59.407  9.194 13.755568
160186  -16.262  -59.267  9.562 12.725245
160187  -17.142  -59.567  9.368 13.554296
160188  -18.033  -59.868  9.146 14.351625
160189  -18.370  -60.325  9.106 14.943220
162386  -22.015  -64.960  8.651 19.183136
162387  -22.500  -65.401  8.448 19.341578
162388  -22.377  -66.558  8.517 20.013855
162389  -22.659  -66.178  8.325 19.742950
162390  -22.920  -65.787  8.173 19.411840
162391  -23.315  -66.096  7.860 19.389997
162392  -23.704  -66.382  7.523 19.281675
162393  -24.105  -66.674  7.160 19.100048
162394  -22.100  -69.652  8.052 20.856173
162395  -22.504  -69.379  7.775 20.670210
162396  -22.950  -68.974  7.561 20.427797
162397  -22.985  -70.017  6.988 20.288305
162398  -23.221  -69.287  7.143 20.240005
162399  -23.341  -68.530  7.358 20.126610
162400  -23.700  -68.029  7.075 19.765034
162401  -24.071  -67.448  6.922 19.343170
162402  -24.411  -66.833  6.747 18.862986
162403  -24.679  -66.898  6.282 18.590223
162404  -24.907  -66.892  5.761 18.300474
162405  -24.978  -67.069  5.221 18.009708
162406  -24.467  -68.498  5.171 18.637194
162407  -24.785  -67.862  4.891 18.199957
162408  -25.078  -67.087  4.717 17.729736
162409  -25.168  -67.039  4.262 17.467539
162410  -25.180  -67.069  3.844 17.225237
162411  -25.149  -67.039  3.442 17.000244
162412  -19.466  -74.174  7.358 19.538158
162413  -19.973  -74.127  6.943 19.522568
162414  -20.518  -73.944  6.594 19.468178
162415  -20.123  -74.736  6.150 18.758142
162416  -20.588  -74.234  6.216 19.076841
162417  -20.985  -73.710  6.216 19.376646
162418  -21.444  -73.379  5.763 19.250484
162419  -21.905  -72.917  5.373 19.092688
162420  -22.380  -72.443  5.028 18.906706
162421  -19.874  -75.042  4.466 16.780001
162422  -20.514  -74.506  4.510 17.121128
162423  -21.074  -74.018  4.467 17.473480
162424  -21.206  -73.641  3.647 16.678183
162425  -21.430  -73.659  4.140 17.268871
162426  -21.531  -73.609  4.445 17.822512
162427  -22.020  -73.069  4.561 18.152824
162428  -22.443  -72.536  4.638 18.448729
162429  -22.818  -71.937  4.758 18.696280
162430  -23.258  -71.338  4.473 18.465115
162431  -23.731  -70.552  4.189 18.216455
162432  -23.996  -69.918  3.983 17.953131
162433  -23.479  -70.512  3.348 17.332577
162434  -23.898  -69.865  3.598 17.552784
162435  -24.268  -69.198  3.773 17.677353
162436  -24.525  -68.490  3.515 17.390400
162437  -24.804  -67.716  3.250 17.093090
162438  -25.069  -66.986  3.061 16.785807
162439  -24.930  -66.922  2.713 16.572050
162440  -24.672  -66.810  2.309 16.346792
162441  -24.343  -66.701  1.924 16.097448
162442  -23.737  -68.249  1.900 15.973087
162443  -23.873  -67.413  1.734 15.888822
162444  -23.945  -66.615  1.563 15.812658
162445  -23.472  -66.645  1.287 15.484004
162446  -22.955  -66.536  1.079 15.107372
162447  -22.354  -66.355  0.911 14.683695
162448  -21.344  -70.563  1.584 13.992207
162449  -21.480  -69.792  1.437 13.926331
162450  -21.600  -69.060  1.314 13.908949
162451  -20.190  -69.129  1.167 12.646537
162452  -20.917  -68.752  1.153 13.290154
162453  -21.665  -68.310  1.153 13.936245
162454  -21.720  -67.582  1.018 14.002380
162455  -21.613  -66.878  0.877 14.099632
162456  -21.623  -66.148  0.785 14.218853
162457  -20.892  -65.873  0.664 13.722608
162458  -20.128  -65.577  0.600 13.207042
162459  -19.340  -65.274  0.602 12.684760
162462  -18.505  -65.005  0.655 12.167704
162466  -12.845  -81.057  11.625 13.977196
162467  -13.214  -80.962  10.953 14.311083
162468  -13.483  -80.794  10.047 14.590895
162469  -13.310  -81.385  9.067 13.959727
162470  -13.451  -80.949  9.193 14.403712
162471  -13.679  -80.578  9.197 14.804475
162472  -13.827  -80.262  8.374 14.942575
162473  -13.847  -79.837  7.612 14.999211
162474  -14.073  -79.333  6.796 14.970987
162475  -11.793  -80.669  5.808 13.381577
162481  -13.143  -79.376  6.558 14.516943
162482  -13.681  -79.063  6.336 14.701462
162483  -14.328  -78.761  6.020 14.857459
162484  -14.554  -78.229  5.378 14.660596
162485  -14.743  -77.633  4.787 14.385121
162486  -14.895  -77.042  4.260 14.038501
162487  -13.537  -76.612  4.265 13.624930
162488  -14.324  -76.556  3.997 13.626344
162489  -15.035  -76.400  3.799 13.631267
162490  -15.141  -75.651  3.512 13.176870
162491  -15.185  -75.095  3.051 12.691174
162492  -15.157  -74.346  2.767 12.191737
