#!ascii label  , from subject fsaverage vox2ras=TkReg coords=white
887
278  -57.724  -39.116  36.959 11.698809
541  -55.476  -46.567  40.084 11.470510
542  -57.177  -48.551  31.914 11.310588
1193  -54.892  -45.528  45.578 10.149202
1194  -57.067  -41.604  43.155 10.342595
1195  -55.314  -40.104  34.717 12.559668
1196  -56.662  -43.788  36.131 12.676247
1197  -53.907  -45.646  33.074 13.002448
1198  -56.265  -49.891  28.294 9.223969
1654  -59.310  -35.590  32.645 10.887225
2264  -54.638  -49.483  40.432 9.334163
2265  -57.035  -50.663  35.913 9.707525
2266  -57.976  -43.386  39.190 12.583716
2267  -58.043  -47.298  35.520 11.836292
3116  -54.432  -42.856  34.392 13.151884
3716  -61.968  -33.932  31.822 9.427501
3717  -60.485  -34.757  30.047 10.854872
3718  -57.319  -36.001  31.218 11.959506
5020  -55.154  -46.117  42.898 10.992870
5021  -54.421  -48.005  43.244 10.064791
5022  -54.952  -48.244  40.274 10.480000
5023  -55.672  -49.787  37.869 9.597948
5024  -56.303  -48.611  37.689 10.708121
5025  -58.534  -38.488  38.033 10.794106
5026  -58.068  -40.751  39.798 11.485346
5027  -58.001  -41.715  38.540 12.327289
5028  -56.394  -46.216  33.958 12.444903
5029  -57.543  -45.499  35.729 12.530610
5030  -57.992  -47.772  33.521 11.748824
5031  -58.449  -49.523  33.563 10.684317
5032  -58.714  -49.864  31.878 10.184569
5034  -58.686  -50.275  29.891 9.244239
6757  -56.198  -43.386  44.547 10.479200
6758  -56.321  -44.239  42.026 11.586716
6759  -56.692  -39.791  36.008 12.009892
6760  -57.328  -42.173  37.073 12.432217
6761  -55.863  -42.240  35.855 12.541738
6762  -55.104  -44.666  34.579 12.793610
6763  -55.053  -47.156  32.533 12.192416
6764  -56.572  -49.245  30.189 10.401905
6765  -54.497  -48.091  30.968 11.480071
6766  -54.163  -48.930  28.892 10.398615
6767  -53.979  -49.459  26.536 9.615280
7697  -59.414  -36.816  35.919 10.089658
7699  -60.604  -35.100  34.064 9.621599
7700  -58.369  -37.322  34.737 11.152561
7701  -56.895  -37.608  33.732 11.848377
9352  -53.903  -47.296  46.207 9.346824
9358  -57.943  -39.859  41.289 9.800179
9359  -57.392  -42.643  40.967 11.787097
9360  -56.934  -45.000  39.645 12.232728
9361  -57.933  -43.578  37.556 12.742817
9362  -57.660  -45.240  37.745 12.497589
9363  -57.019  -47.064  37.777 11.720164
9364  -57.778  -49.213  35.631 10.803783
9365  -57.893  -51.533  33.955 9.566833
11396  -62.042  -34.084  29.816 10.187268
12700  -55.202  -46.400  41.486 11.270430
12701  -54.848  -47.290  41.674 10.817506
12702  -55.147  -47.482  40.221 10.999613
12703  -55.488  -48.373  38.898 10.611460
12704  -55.783  -47.611  38.863 11.132105
12705  -58.205  -38.849  37.448 11.365797
12706  -58.128  -40.136  38.462 11.722572
12707  -57.816  -40.496  37.917 12.028629
12708  -56.604  -47.403  32.894 12.013139
12709  -57.176  -46.881  33.653 12.154038
12710  -57.625  -48.110  32.713 11.583099
12711  -58.374  -48.867  32.713 11.064647
12712  -58.130  -49.073  31.911 10.771816
12713  -58.724  -50.045  30.947 9.763729
12714  -57.952  -49.395  31.008 10.358870
15100  -56.944  -41.079  44.066 9.493549
15101  -56.545  -42.044  44.892 9.696627
15102  -56.760  -42.418  43.921 10.465372
15103  -56.259  -43.805  43.313 11.087359
15104  -56.777  -42.908  42.791 11.162036
15105  -56.100  -39.941  35.432 12.213930
15106  -56.376  -41.015  36.114 12.296953
15107  -55.548  -41.178  35.376 12.513923
15108  -54.107  -44.208  33.841 13.229651
15109  -54.718  -43.846  34.558 12.950385
15110  -54.401  -45.144  33.764 12.919420
15111  -54.975  -45.818  33.639 12.641759
15112  -54.467  -46.445  32.856 12.585709
15113  -54.716  -47.605  31.846 11.907995
15114  -54.075  -47.025  32.162 12.405052
15118  -54.086  -49.259  27.771 9.933969
16903  -59.693  -36.521  36.805 9.256245
16908  -60.665  -34.766  32.138 10.213994
16909  -61.306  -34.415  32.982 9.492050
16910  -60.016  -35.349  33.375 10.312006
16911  -59.453  -36.223  34.405 10.476403
16912  -58.768  -36.385  33.898 10.984512
16913  -57.684  -37.480  34.266 11.497229
16914  -57.863  -36.560  33.162 11.423681
20820  -54.620  -45.098  46.684 9.579154
20821  -54.031  -45.964  46.989 9.267496
20822  -54.409  -46.499  45.958 9.800457
20823  -54.470  -48.785  41.901 9.738907
20824  -54.148  -48.642  43.382 9.506118
20825  -54.231  -49.435  41.872 9.150064
20830  -56.421  -50.228  36.860 9.676296
20831  -55.977  -50.706  36.764 9.122015
20832  -56.568  -51.189  35.847 9.167912
20834  -57.045  -51.607  34.893 9.151921
20837  -58.372  -38.843  40.383 9.415236
20838  -58.022  -42.276  39.630 12.225306
20839  -57.755  -41.819  40.404 11.701359
20840  -57.677  -43.127  39.997 12.277517
20841  -57.203  -43.885  40.421 12.183290
20842  -57.503  -44.238  39.466 12.477632
20843  -57.118  -42.986  36.750 12.598774
20844  -57.795  -42.913  37.307 12.635180
20845  -57.420  -43.591  36.770 12.705660
20846  -57.878  -46.411  35.620 12.247606
20847  -57.709  -45.316  36.760 12.534710
20848  -57.701  -46.294  36.751 12.222063
20849  -57.368  -46.176  37.818 12.155501
20850  -57.629  -47.236  36.732 11.795861
20851  -57.407  -48.136  36.647 11.301821
20852  -58.002  -48.290  35.560 11.340403
20853  -58.533  -50.727  32.900 9.908707
20854  -58.214  -50.571  33.738 10.114195
20855  -58.206  -51.767  33.030 9.359965
20865  -56.430  -49.529  29.311 9.810850
20866  -57.813  -49.934  28.984 9.249600
24038  -57.361  -40.237  43.049 9.198308
24040  -54.731  -41.465  34.642 12.891766
24044  -53.499  -46.173  32.473 12.953552
25121  -62.555  -33.521  30.687 9.423666
25122  -61.384  -34.415  31.001 10.174559
25123  -59.927  -35.024  31.294 10.848410
25124  -58.329  -35.760  31.893 11.413632
25125  -58.851  -35.311  30.605 11.446481
27468  -55.021  -45.852  44.363 10.621439
27469  -54.660  -46.801  44.623 10.231757
27470  -54.766  -47.026  43.222 10.567031
27471  -54.656  -48.127  41.793 10.302608
27472  -54.809  -48.869  40.384 9.919260
27473  -55.099  -49.543  39.050 9.482589
27474  -55.334  -48.961  38.937 10.058195
27475  -55.967  -49.278  37.781 10.161707
27476  -56.790  -49.678  36.802 10.229749
27477  -58.763  -38.081  38.683 9.980161
27478  -58.353  -39.210  39.635 10.370566
27479  -58.311  -39.653  39.041 11.166485
27480  -58.107  -41.330  39.221 12.028322
27481  -58.097  -42.640  38.896 12.528965
27482  -56.421  -45.005  35.121 12.643966
27483  -57.079  -44.600  35.937 12.666548
27484  -57.036  -45.797  34.780 12.498979
27485  -57.693  -46.631  34.565 12.227513
27486  -58.134  -47.549  34.428 11.826872
27487  -58.264  -48.456  34.453 11.329093
27488  -58.441  -48.630  33.542 11.244735
27489  -58.685  -49.668  32.746 10.490560
27490  -58.774  -50.818  31.945 9.593650
27492  -58.888  -50.985  30.852 9.168874
31123  -54.945  -43.560  47.095 9.063646
31124  -55.341  -44.036  46.187 9.754240
31126  -56.008  -43.009  45.629 9.789577
31127  -55.534  -44.461  45.121 10.376162
31128  -55.614  -44.829  43.900 10.907320
31129  -55.701  -45.195  42.492 11.333907
31130  -55.808  -45.491  41.191 11.655854
31131  -57.200  -39.459  36.429 11.874319
31132  -57.354  -40.861  37.344 12.151698
31133  -56.915  -40.983  36.693 12.203608
31134  -56.741  -42.117  36.457 12.440846
31135  -56.271  -43.106  36.047 12.613363
31136  -55.076  -42.586  35.045 12.780510
31137  -55.426  -43.467  35.287 12.728931
31138  -55.928  -44.260  35.345 12.701427
31139  -55.647  -45.453  34.369 12.642415
31140  -55.686  -46.678  33.126 12.355282
31141  -56.037  -47.973  32.208 11.779872
31142  -56.751  -48.942  31.120 10.915795
31143  -55.601  -48.348  31.516 11.424823
31144  -55.378  -48.677  30.609 10.939683
31145  -55.066  -49.011  29.710 10.364820
31146  -53.843  -47.485  31.368 12.063918
31147  -54.292  -48.508  30.059 10.946629
31148  -54.978  -49.395  28.573 9.786982
31149  -55.009  -49.749  27.427 9.301497
33507  -59.163  -37.286  37.758 9.595891
33508  -58.880  -37.540  36.898 10.421648
33509  -58.458  -37.883  36.267 11.015543
33516  -59.981  -36.013  35.133 9.820512
33517  -58.925  -37.085  35.271 10.712284
33518  -57.979  -38.134  35.719 11.394968
33519  -57.433  -38.419  35.399 11.647945
33520  -56.755  -38.641  34.941 11.887904
33521  -55.978  -38.896  34.562 12.212700
33522  -56.980  -36.758  32.421 11.880403
38299  -54.254  -47.670  44.812 9.751128
38300  -53.778  -48.358  44.926 9.205379
38316  -57.521  -40.766  42.241 10.117317
38317  -57.993  -40.296  40.527 10.717820
38318  -57.584  -41.315  41.302 10.978276
38319  -57.204  -42.061  42.122 11.127624
38320  -56.939  -43.381  41.558 11.743343
38321  -56.590  -44.706  40.759 11.966423
38322  -56.230  -45.764  39.868 11.886710
38323  -57.790  -42.032  37.827 12.430025
38324  -58.068  -42.864  38.161 12.641836
38325  -58.095  -43.557  38.429 12.723430
38326  -57.654  -44.421  36.791 12.697027
38327  -57.899  -44.395  37.667 12.701885
38328  -57.787  -44.432  38.585 12.641021
38329  -57.331  -45.207  38.706 12.403111
38330  -56.806  -46.048  38.792 12.047138
38331  -56.278  -46.883  38.805 11.614349
38332  -56.683  -47.886  37.699 11.230491
38333  -57.124  -49.037  36.672 10.774136
38334  -57.447  -50.008  35.811 10.255095
38335  -58.136  -49.317  34.523 10.781314
38336  -57.885  -50.281  34.786 10.223101
38337  -57.564  -51.115  34.912 9.677003
38350  -57.833  -49.718  29.998 9.837220
43420  -55.296  -46.503  40.804 11.378801
43421  -55.125  -46.943  40.898 11.154558
43422  -55.231  -47.030  40.211 11.241392
43423  -55.426  -47.547  39.540 11.070960
43424  -55.598  -47.113  39.495 11.315229
43425  -57.982  -38.984  37.202 11.558521
43426  -57.969  -39.660  37.748 11.732808
43427  -57.734  -39.785  37.493 11.863621
43428  -56.818  -48.038  32.403 11.695981
43429  -57.118  -47.757  32.758 11.809998
43430  -57.392  -48.327  32.280 11.461328
43431  -57.905  -48.617  32.315 11.206185
43432  -57.684  -48.793  31.917 11.049356
43433  -58.062  -49.221  31.472 10.580274
43434  -57.541  -48.983  31.471 10.861856
45820  -57.047  -41.322  43.636 9.921938
45821  -56.856  -41.776  44.045 10.017319
45822  -56.893  -42.029  43.566 10.417234
45823  -56.739  -42.670  43.368 10.825691
45824  -56.928  -42.266  43.035 10.800053
45825  -55.721  -40.020  35.071 12.366246
45826  -55.840  -40.549  35.454 12.366300
45827  -55.415  -40.623  35.051 12.526742
45828  -53.963  -44.950  33.483 13.160417
45829  -54.222  -44.706  33.826 13.068544
45830  -54.137  -45.415  33.414 12.972123
45831  -54.383  -45.825  33.291 12.795016
45832  -54.184  -46.064  32.983 12.788805
45833  -54.188  -46.764  32.518 12.514547
45834  -54.006  -46.361  32.659 12.750023
47628  -59.970  -35.175  32.401 10.567472
47629  -60.331  -35.038  32.774 10.255187
47630  -59.713  -35.473  33.009 10.610216
47631  -59.411  -35.849  33.640 10.668880
47632  -59.040  -35.955  33.286 10.927679
47633  -58.358  -36.472  33.538 11.207150
47634  -58.569  -36.029  32.949 11.172005
51540  -54.754  -45.320  46.199 9.875911
51541  -54.491  -45.835  46.352 9.726757
51542  -54.625  -46.034  45.801 9.989374
51543  -54.566  -49.132  41.184 9.542408
51544  -54.371  -49.105  41.910 9.445857
51545  -54.430  -49.466  41.173 9.246989
51549  -54.645  -49.732  39.797 9.119904
51550  -56.770  -50.446  36.381 9.698586
51551  -56.542  -50.733  36.383 9.424190
51552  -56.855  -50.948  35.932 9.436296
51553  -56.817  -51.378  35.371 9.168721
51554  -57.071  -51.129  35.424 9.432807
51557  -58.557  -38.303  39.906 9.209198
51558  -58.012  -42.868  39.412 12.448483
51559  -57.862  -42.696  39.800 12.270363
51560  -57.847  -43.298  39.575 12.453319
51561  -57.614  -43.714  39.763 12.419009
51562  -57.755  -43.839  39.391 12.550021
51563  -56.871  -43.309  36.494 12.648861
51564  -57.267  -43.258  36.768 12.662930
51565  -57.056  -43.638  36.461 12.686432
51566  -57.972  -46.850  35.572 12.055490
51567  -57.803  -46.324  36.198 12.240122
51568  -57.845  -46.852  36.124 12.043163
51569  -57.708  -46.789  36.720 12.020223
51570  -57.861  -47.338  36.107 11.821213
51571  -57.824  -47.785  36.129 11.580293
51572  -58.060  -47.811  35.494 11.595939
51573  -58.537  -51.260  32.545 9.483987
51574  -58.395  -51.251  32.979 9.628407
51575  -58.329  -51.840  32.595 9.216315
51585  -56.341  -49.716  28.822 9.510962
51586  -57.058  -49.867  28.675 9.233825
57227  -62.849  -33.281  30.191 9.443574
57228  -61.295  -34.447  29.891 10.529025
57229  -61.700  -34.242  30.364 10.174647
57230  -60.957  -34.600  30.532 10.520964
57231  -60.637  -34.725  31.114 10.524060
57232  -60.166  -34.878  30.660 10.846634
57233  -59.393  -35.194  30.937 11.148646
57234  -59.644  -35.038  30.292 11.161170
61140  -55.100  -45.966  43.623 10.819537
61141  -54.869  -46.416  43.781 10.626554
61142  -54.945  -46.577  43.065 10.790246
61143  -54.821  -47.818  40.990 10.663429
61144  -54.699  -47.742  41.718 10.567280
61145  -54.774  -48.207  41.007 10.397939
61146  -54.696  -48.542  41.070 10.121013
61147  -54.892  -48.582  40.283 10.203988
61148  -55.046  -48.914  39.636 9.993420
61149  -55.120  -48.610  39.565 10.276044
61150  -55.836  -48.460  38.250 10.663657
61151  -55.717  -48.825  38.303 10.392143
61152  -56.150  -48.959  37.706 10.437592
61153  -56.408  -49.486  37.274 10.200446
61154  -56.571  -49.148  37.225 10.474852
61155  -58.663  -38.294  38.342 10.414165
61156  -58.505  -38.823  38.868 10.607332
61157  -58.419  -39.063  38.543 10.983508
61158  -58.018  -40.957  38.560 12.065001
61159  -58.098  -40.782  38.863 11.885668
61160  -58.054  -41.547  38.864 12.206787
61161  -58.109  -42.086  39.077 12.321959
61162  -58.076  -42.236  38.728 12.444085
61163  -56.351  -45.661  34.546 12.569644
61164  -56.713  -45.382  34.973 12.585512
61165  -56.737  -45.995  34.323 12.474972
61166  -57.627  -47.342  33.577 11.965607
61167  -57.460  -46.761  34.118 12.198105
61168  -57.841  -47.190  34.006 12.012572
61169  -57.945  -47.061  34.474 12.041974
61170  -58.103  -47.631  33.952 11.797602
61171  -58.282  -48.104  33.942 11.557414
61172  -58.263  -48.195  33.498 11.506836
61173  -58.538  -49.346  32.312 10.646464
61174  -58.572  -49.210  32.700 10.781640
61175  -58.706  -49.759  32.335 10.352168
61176  -58.790  -50.245  32.374 10.056361
61177  -58.797  -50.330  31.890 9.886464
61178  -58.827  -50.892  31.424 9.394343
61179  -58.851  -50.411  31.345 9.688208
61180  -58.705  -50.142  30.408 9.514288
61181  -58.875  -50.563  30.368 9.214172
68337  -55.296  -43.041  46.804 9.077447
68338  -55.171  -43.795  46.653 9.416018
68339  -55.509  -43.275  46.358 9.438492
68343  -56.404  -42.740  44.784 10.129150
68344  -56.308  -42.530  45.294 9.758087
68345  -56.133  -43.143  45.117 10.142463
68346  -55.794  -43.688  45.399 10.124947
68347  -55.879  -43.886  44.827 10.442815
68348  -55.591  -44.659  44.517 10.654215
68349  -55.933  -44.136  44.195 10.739059
68350  -56.284  -44.045  42.674 11.351748
68351  -55.977  -44.508  42.905 11.255078
68352  -56.017  -44.728  42.245 11.471583
68353  -55.714  -45.346  41.838 11.507410
68354  -56.080  -44.884  41.625 11.660051
68355  -56.970  -39.653  36.228 11.939748
68356  -56.996  -40.271  36.734 12.053722
68357  -56.721  -40.335  36.451 12.099468
68358  -56.109  -41.621  36.001 12.424368
68359  -56.576  -41.546  36.254 12.363671
68360  -56.310  -42.125  36.175 12.475807
68361  -56.509  -42.601  36.259 12.535228
68362  -56.068  -42.707  35.951 12.574924
68363  -54.569  -42.154  34.516 13.036736
68364  -54.911  -41.997  34.850 12.827339
68365  -54.746  -42.714  34.677 12.952146
68366  -54.896  -44.271  34.589 12.868408
68367  -55.062  -43.662  34.931 12.828218
68368  -55.257  -44.087  34.954 12.782203
68369  -55.653  -43.882  35.318 12.715199
68370  -55.497  -44.473  34.950 12.740055
68371  -55.744  -44.868  34.864 12.695322
68372  -55.337  -45.046  34.501 12.720440
68373  -55.005  -46.503  33.050 12.457419
68374  -55.288  -46.286  33.418 12.502668
68375  -55.338  -46.916  32.833 12.286126
68376  -55.771  -47.312  32.667 12.105325
68377  -55.509  -47.584  32.383 11.991222
68378  -55.797  -48.244  31.909 11.618902
68379  -55.235  -47.792  32.117 11.846353
68380  -54.607  -47.844  31.433 11.711114
68381  -54.996  -48.135  31.262 11.453228
68382  -54.845  -48.321  30.822 11.207041
68383  -55.219  -48.822  30.158 10.658768
68384  -54.742  -48.546  30.348 10.935679
68385  -53.301  -46.417  32.135 12.861621
68386  -53.629  -46.862  31.954 12.548231
68387  -53.467  -47.077  31.537 12.383361
68389  -53.969  -48.218  30.341 11.261151
68390  -54.219  -48.723  29.488 10.667902
68391  -54.535  -48.964  29.268 10.361388
68392  -54.525  -49.162  28.709 10.084080
68393  -54.949  -49.581  27.960 9.527672
68394  -54.525  -49.346  28.151 9.829534
68395  -54.046  -49.393  27.187 9.754407
68396  -54.551  -49.669  27.045 9.423882
68397  -54.535  -49.749  26.422 9.282686
68399  -54.466  -49.758  25.792 9.183797
73748  -59.245  -37.133  38.180 9.114588
73750  -59.569  -36.679  36.346 9.697852
73751  -59.263  -37.049  36.811 9.859624
73752  -59.076  -37.239  36.340 10.248771
73753  -58.674  -37.731  36.546 10.748540
73754  -58.928  -37.350  36.058 10.580885
73766  -60.976  -34.722  33.526 9.548444
73767  -61.606  -34.245  33.518 9.087496
73768  -61.230  -34.643  34.040 9.145480
73770  -60.859  -35.041  34.556 9.220538
73771  -60.537  -35.431  35.082 9.313234
73772  -60.302  -35.539  34.630 9.712202
73773  -58.863  -36.776  34.553 10.838472
73774  -59.156  -36.681  34.834 10.585387
73775  -58.666  -37.199  34.937 10.950680
73776  -58.445  -37.606  35.378 11.080948
73777  -58.181  -37.731  35.187 11.264809
73778  -57.725  -38.282  35.536 11.530216
73779  -57.888  -37.863  35.008 11.420692
73780  -57.279  -37.546  34.016 11.666059
73781  -57.194  -38.015  34.612 11.704197
73782  -56.787  -38.088  34.410 11.858090
73783  -56.334  -38.744  34.748 12.034857
73784  -56.394  -38.177  34.144 12.034735
73785  -57.826  -35.875  31.558 11.680433
73786  -57.581  -36.219  32.172 11.657225
73787  -57.126  -36.334  31.844 11.915886
85503  -53.965  -46.673  46.711 9.338851
85504  -53.735  -46.409  47.145 9.066237
85505  -53.716  -47.099  46.846 9.106597
85507  -53.635  -47.684  46.267 9.089739
85508  -54.548  -47.389  44.000 10.173802
85509  -54.481  -47.245  44.738 10.001482
85510  -54.366  -47.827  44.042 9.918406
85511  -54.011  -48.930  43.372 9.214591
85512  -53.963  -48.505  44.175 9.365372
85513  -53.801  -48.800  44.137 9.075836
85530  -55.382  -49.633  38.444 9.544489
85531  -55.187  -49.865  38.412 9.256763
85532  -55.502  -50.058  37.852 9.313352
85548  -58.097  -39.168  41.253 9.119077
85550  -57.885  -39.634  41.731 9.315332
85551  -57.679  -40.070  42.196 9.496798
85552  -57.735  -40.356  41.762 9.969148
85553  -58.174  -39.986  39.738 10.969765
85554  -58.174  -39.775  40.095 10.552687
85555  -58.039  -40.505  40.156 11.125961
85556  -57.592  -42.264  40.672 11.761039
85557  -57.657  -41.552  40.835 11.361563
85558  -57.483  -41.987  41.177 11.434639
85559  -57.422  -41.687  41.726 11.067489
85560  -57.288  -42.356  41.524 11.476353
85561  -57.070  -42.690  41.881 11.487397
85562  -57.185  -42.997  41.273 11.780525
85563  -57.073  -44.441  40.038 12.244574
85564  -56.902  -44.263  40.588 12.088216
85565  -56.730  -44.859  40.187 12.112824
85566  -56.354  -45.252  40.341 11.957286
85567  -56.575  -45.424  39.785 12.070102
85568  -57.370  -41.610  37.283 12.309340
85569  -57.570  -41.495  37.613 12.294705
85570  -57.576  -42.134  37.491 12.436822
85571  -57.876  -43.230  37.457 12.704984
85572  -57.951  -42.910  37.748 12.647921
85573  -58.035  -43.222  37.890 12.714119
85574  -58.122  -43.191  38.298 12.701944
85575  -58.062  -43.572  37.978 12.744451
85576  -57.308  -45.023  35.818 12.616634
85577  -57.406  -44.491  36.345 12.682614
85578  -57.552  -44.914  36.289 12.629091
85579  -57.725  -45.270  37.252 12.522276
85580  -57.778  -44.803  37.231 12.633800
85581  -57.800  -44.790  37.698 12.619318
85582  -57.899  -44.413  38.120 12.682072
85583  -57.752  -44.788  38.150 12.589061
85584  -57.590  -44.807  38.641 12.539585
85585  -57.547  -45.235  38.241 12.458610
85586  -57.191  -46.639  37.792 11.946758
85587  -57.081  -46.119  38.294 12.106932
85588  -56.869  -46.564  38.291 11.897073
85589  -56.518  -46.488  38.786 11.838239
85590  -56.645  -46.995  38.289 11.671268
85591  -56.451  -47.370  38.288 11.432984
85592  -56.859  -47.483  37.737 11.480394
85593  -57.611  -48.682  36.135 11.062943
85594  -57.303  -48.570  36.643 11.040787
85595  -57.485  -49.113  36.163 10.794288
85596  -57.330  -49.501  36.238 10.522337
85597  -57.619  -49.606  35.705 10.529862
85598  -58.383  -48.961  33.947 11.024313
85599  -58.219  -48.872  34.479 11.058649
85600  -58.283  -49.374  34.001 10.743601
85601  -58.053  -51.090  33.896 9.836450
85602  -58.046  -50.444  34.247 10.179608
85603  -57.894  -50.934  34.416 9.903097
85604  -57.742  -50.731  34.883 9.947799
85605  -57.749  -51.365  34.391 9.633031
85606  -57.529  -51.643  34.385 9.370241
85607  -57.712  -51.904  33.939 9.306762
85635  -56.649  -49.112  30.664 10.672209
85636  -57.282  -49.343  30.587 10.396185
85637  -57.231  -49.497  30.053 10.123838
94240  -62.647  -33.614  29.743 9.834797
96588  -55.172  -46.269  42.172 11.142533
96589  -55.000  -46.712  42.334 10.931458
96590  -55.047  -46.823  41.616 11.052126
96591  -54.991  -47.381  40.954 10.915972
96592  -55.036  -47.884  40.263 10.745647
96593  -55.204  -48.284  39.522 10.550703
96594  -55.297  -47.966  39.569 10.815883
96595  -55.612  -48.020  38.901 10.876220
96596  -55.997  -48.097  38.261 10.928134
96597  -58.378  -38.688  37.753 11.112161
96598  -58.297  -39.290  38.272 11.297730
96599  -58.151  -39.490  38.005 11.546731
96600  -57.995  -40.315  38.181 11.904258
96601  -57.922  -41.138  38.256 12.186021
96602  -56.464  -46.777  33.372 12.261662
96603  -56.753  -46.530  33.768 12.313324
96604  -56.909  -47.137  33.261 12.093299
96605  -57.380  -47.524  33.177 11.898924
96606  -57.848  -47.917  33.109 11.678054
96607  -58.165  -48.346  33.085 11.432976
96608  -58.050  -48.482  32.710 11.333481
96609  -58.274  -48.980  32.309 10.933112
96610  -58.513  -49.456  31.883 10.481755
96611  -58.714  -49.981  31.426 9.988011
96612  -58.450  -49.584  31.481 10.287394
96613  -58.409  -49.692  30.983 10.064241
96614  -58.411  -49.810  30.478 9.814662
100908  -56.813  -40.804  44.444 9.065336
100909  -56.627  -41.273  44.870 9.195560
100910  -56.756  -41.525  44.477 9.607687
100911  -56.654  -42.248  44.413 10.086909
100912  -56.486  -42.934  44.246 10.486329
100913  -56.262  -43.585  43.943 10.795485
100914  -56.513  -43.100  43.672 10.824274
100915  -56.527  -43.340  43.068 11.137968
100916  -56.564  -43.595  42.432 11.423501
100917  -56.364  -39.843  35.798 12.097780
100918  -56.469  -40.432  36.167 12.159813
100919  -56.208  -40.468  35.833 12.245895
100920  -55.953  -41.090  35.759 12.386474
100921  -55.642  -41.737  35.669 12.519873
100922  -54.261  -43.516  34.144 13.221691
100923  -54.564  -43.372  34.491 13.043951
100924  -54.396  -43.987  34.179 13.087920
100925  -54.528  -44.438  34.197 12.967140
100926  -54.722  -44.855  34.229 12.856290
100927  -54.967  -45.232  34.128 12.750700
100928  -54.651  -45.508  33.692 12.778741
100929  -54.705  -46.118  33.227 12.625157
100930  -54.747  -46.764  32.712 12.388657
100931  -54.819  -47.406  32.267 12.067867
100932  -54.490  -47.068  32.385 12.288793
100933  -54.352  -47.343  32.003 12.152122
100934  -54.246  -47.629  31.609 11.976463
100940  -54.107  -49.088  28.336 10.150813
104155  -60.071  -36.166  36.353 9.110518
104156  -59.921  -36.278  35.917 9.552178
104162  -61.377  -34.355  31.961 9.831542
104163  -61.636  -34.156  32.410 9.451917
104164  -61.012  -34.579  32.550 9.866632
104165  -60.663  -34.867  33.108 9.917340
104166  -60.329  -35.207  33.671 9.984410
104167  -60.030  -35.633  34.226 10.068651
104168  -59.717  -35.722  33.916 10.385448
104169  -59.117  -36.306  34.150 10.744636
104170  -58.546  -36.884  34.335 11.059183
104171  -58.044  -37.426  34.542 11.330341
104172  -58.195  -36.950  34.062 11.259391
104173  -57.766  -37.020  33.719 11.451388
104174  -57.349  -37.097  33.399 11.647055
104176  -56.664  -36.577  31.511 12.194242
111204  -54.444  -44.844  47.119 9.260493
111205  -54.100  -45.283  47.223 9.128510
111206  -54.321  -45.592  46.856 9.439547
111207  -54.228  -46.266  46.524 9.546781
111208  -54.143  -46.897  46.116 9.585126
111209  -54.431  -48.405  42.562 9.916142
111210  -54.287  -48.342  43.325 9.790833
111211  -54.298  -48.738  42.671 9.629950
111212  -54.203  -49.037  42.603 9.337198
111222  -56.033  -49.981  37.322 9.642256
111223  -55.819  -50.279  37.275 9.361015
111224  -56.210  -50.510  36.815 9.398472
111225  -56.278  -50.986  36.286 9.151620
111235  -58.174  -39.366  40.868 9.614026
111236  -58.043  -41.565  39.773 11.905288
111237  -57.921  -41.292  40.129 11.608597
111238  -57.878  -42.053  40.001 11.990674
111239  -57.704  -42.492  40.224 12.040888
111240  -57.530  -42.899  40.466 12.055198
111241  -57.348  -43.268  40.718 12.034650
111242  -57.467  -43.512  40.222 12.247571
111243  -57.359  -44.085  39.919 12.348088
111244  -57.242  -44.612  39.528 12.370256
111245  -57.274  -42.607  36.923 12.527128
111246  -57.565  -42.586  37.223 12.541289
111247  -57.466  -42.945  37.010 12.615132
111248  -57.615  -43.246  37.067 12.684578
111249  -57.769  -43.574  37.114 12.727105
111250  -57.733  -45.969  35.678 12.407211
111251  -57.670  -45.378  36.245 12.536907
111252  -57.750  -45.868  36.235 12.406333
111253  -57.701  -45.813  36.764 12.395445
111254  -57.632  -45.764  37.275 12.373912
111255  -57.506  -45.709  37.787 12.341128
111256  -57.573  -46.232  37.297 12.193792
111257  -57.470  -46.686  37.299 11.987777
111258  -57.343  -47.126  37.274 11.761801
111259  -57.270  -47.588  37.177 11.521052
111260  -57.528  -47.693  36.681 11.554742
111261  -57.699  -48.228  36.141 11.326023
111262  -57.890  -48.750  35.633 11.074997
111263  -58.506  -50.123  33.233 10.311034
111264  -58.363  -49.987  33.651 10.398025
111265  -58.388  -50.660  33.316 10.024581
111266  -58.254  -51.180  33.411 9.745443
111267  -58.075  -51.650  33.516 9.476458
111268  -57.863  -52.070  33.530 9.219058
111269  -58.010  -52.233  33.058 9.105461
111285  -56.535  -49.413  29.767 10.111618
111286  -57.228  -49.608  29.581 9.832894
111287  -57.157  -49.735  29.152 9.532634
117529  -57.142  -40.671  43.560 9.356376
117530  -57.234  -40.926  43.126 9.802323
117531  -54.904  -40.278  34.376 12.796199
117532  -54.978  -40.747  34.695 12.729653
117533  -54.572  -40.951  34.390 12.974286
117534  -54.334  -41.670  34.358 13.138357
117535  -54.246  -42.342  34.230 13.275668
117538  -54.097  -43.028  34.068 13.370296
117539  -53.944  -43.723  33.822 13.404948
117540  -53.810  -44.459  33.516 13.362512
117541  -53.744  -45.224  33.140 13.229787
117542  -53.742  -45.926  32.769 12.999114
117543  -53.503  -45.484  32.857 13.264171
117544  -53.247  -45.745  32.612 13.254233
120055  -62.249  -33.697  31.203 9.418221
120056  -62.292  -33.816  30.126 9.813228
120057  -62.017  -33.982  30.777 9.805371
120058  -61.715  -34.162  31.386 9.811307
120059  -61.004  -34.544  31.529 10.187440
120060  -60.304  -34.911  31.725 10.539215
120061  -59.580  -35.290  32.001 10.861391
120062  -58.877  -35.663  32.272 11.152006
120063  -59.145  -35.398  31.605 11.144938
120064  -58.617  -35.492  31.270 11.425975
120065  -58.077  -35.620  30.938 11.711654
125532  -54.968  -45.704  44.965 10.397907
125533  -54.755  -46.185  45.145 10.226777
125534  -54.822  -46.334  44.496 10.439085
125535  -54.720  -46.934  43.943 10.410788
125536  -54.588  -47.472  43.302 10.324451
125537  -54.812  -47.197  42.461 10.701930
125538  -54.665  -47.592  42.544 10.454939
125539  -54.545  -48.026  42.544 10.192231
125540  -54.567  -48.461  41.826 10.025598
125541  -54.617  -48.834  41.165 9.834875
125542  -54.738  -49.174  40.415 9.628301
125543  -54.851  -49.483  39.736 9.412497
125544  -54.970  -49.213  39.694 9.704669
125545  -55.244  -49.279  38.983 9.772144
125546  -55.494  -49.349  38.433 9.831073
125547  -55.394  -48.694  38.917 10.338470
125548  -55.612  -49.093  38.366 10.114231
125549  -55.809  -49.494  37.885 9.881366
125550  -56.236  -49.740  37.317 9.922552
125551  -56.633  -49.966  36.824 9.953721
125552  -56.975  -50.162  36.353 9.973695
125553  -58.772  -37.933  39.105 9.504554
125554  -58.567  -38.458  39.540 9.706716
125555  -58.558  -38.617  39.179 10.177642
125556  -58.343  -39.390  39.368 10.794661
125557  -58.191  -40.218  39.428 11.335997
125558  -58.231  -39.908  38.725 11.477086
125559  -58.170  -40.498  39.129 11.642800
125560  -58.114  -41.032  39.503 11.787724
125561  -58.100  -41.831  39.455 12.143386
125562  -58.084  -42.450  39.266 12.404050
125563  -58.066  -43.000  39.047 12.576580
125564  -56.523  -44.409  35.627 12.676767
125565  -56.856  -44.190  36.050 12.684327
125566  -56.773  -44.742  35.568 12.652743
125567  -57.011  -45.179  35.409 12.601427
125568  -57.282  -45.664  35.284 12.517618
125569  -57.095  -46.370  34.206 12.352117
125570  -57.359  -46.240  34.705 12.380173
125571  -57.592  -46.138  35.160 12.398459
125572  -57.894  -46.531  35.033 12.243685
125573  -58.022  -46.952  35.002 12.055712
125574  -58.121  -47.414  34.971 11.838951
125575  -58.169  -47.902  34.959 11.599138
125576  -58.269  -48.070  34.407 11.587222
125577  -58.376  -48.553  33.947 11.297531
125578  -58.480  -49.080  33.535 10.968439
125579  -58.412  -48.737  33.120 11.167902
125580  -58.559  -49.142  33.142 10.888370
125581  -58.610  -49.626  33.139 10.600748
125582  -58.667  -50.191  32.816 10.197678
125583  -58.698  -50.727  32.465 9.765307
125584  -58.682  -51.317  32.007 9.311782
125586  -58.767  -51.407  31.482 9.112170
125589  -58.853  -50.509  30.879 9.463166
134946  -54.804  -44.374  46.886 9.356696
134947  -54.970  -44.583  46.447 9.684363
134948  -55.120  -44.810  45.940 9.992356
134952  -56.402  -41.828  45.295 9.300979
134953  -56.139  -42.281  45.723 9.378582
134954  -55.848  -42.778  46.036 9.425318
134955  -55.646  -43.519  45.901 9.788904
134956  -55.464  -44.270  45.677 10.075282
134957  -55.208  -45.001  45.339 10.278329
134958  -55.264  -45.181  44.769 10.540579
134959  -55.303  -45.327  44.174 10.777620
134960  -55.361  -45.480  43.442 10.988838
134961  -55.946  -44.308  43.589 11.010448
134962  -55.651  -44.992  43.211 11.133997
134963  -55.389  -45.632  42.724 11.174226
134964  -55.401  -45.813  42.019 11.334690
134965  -55.466  -45.936  41.347 11.471838
134966  -55.555  -46.057  40.672 11.588104
134967  -57.463  -39.308  36.672 11.799125
134968  -57.434  -39.983  37.232 11.950976
134969  -57.208  -40.157  36.958 12.009199
134970  -57.165  -41.003  37.106 12.179064
134971  -57.117  -41.613  36.889 12.316894
134972  -56.645  -41.002  36.391 12.239032
134973  -56.855  -41.567  36.544 12.330999
134974  -57.043  -42.182  36.774 12.429562
134975  -56.924  -42.611  36.626 12.521861
134976  -56.680  -42.985  36.439 12.595640
134977  -56.488  -43.431  36.146 12.649824
134978  -55.128  -41.290  34.992 12.682371
134979  -55.243  -41.856  35.262 12.654059
134980  -55.426  -42.383  35.472 12.642956
134981  -54.901  -43.216  34.827 12.883486
134982  -55.244  -43.030  35.220 12.748947
134983  -55.641  -42.862  35.613 12.645595
134984  -55.833  -43.300  35.677 12.657054
134985  -56.084  -43.637  35.738 12.671017
134986  -56.309  -44.017  35.717 12.680206
134987  -56.158  -44.668  35.203 12.680217
134988  -56.020  -45.274  34.722 12.640879
134989  -56.023  -45.857  34.174 12.552784
134990  -55.281  -45.637  33.993 12.644772
134991  -55.645  -46.063  33.795 12.532182
134992  -56.058  -46.455  33.515 12.406381
134993  -56.132  -47.044  32.956 12.193764
134994  -56.265  -47.711  32.575 11.909996
134995  -56.601  -48.267  31.997 11.553903
134996  -56.967  -48.735  31.519 11.128961
134997  -56.385  -48.489  31.649 11.380912
134998  -56.171  -48.691  31.314 11.175540
134999  -56.042  -48.831  30.836 10.938356
135000  -55.081  -47.945  31.704 11.667329
135001  -55.468  -48.484  31.071 11.197303
135002  -55.950  -48.970  30.372 10.672746
135003  -55.816  -49.118  29.934 10.385722
135004  -55.702  -49.285  29.474 10.086894
135005  -55.593  -49.475  29.018 9.788191
135006  -53.861  -46.633  32.330 12.671044
135007  -53.958  -47.278  31.794 12.254123
135008  -54.172  -47.823  31.158 11.764071
135009  -53.704  -47.680  30.943 11.841368
135010  -54.073  -48.023  30.745 11.521999
135011  -54.393  -48.315  30.483 11.221678
135012  -54.640  -48.764  29.841 10.649625
135013  -54.974  -49.210  29.178 10.069945
135014  -55.554  -49.624  28.500 9.502054
135015  -55.567  -49.803  27.894 9.239934
135018  -54.558  -49.528  27.625 9.607265
135019  -55.040  -49.907  26.874 9.115278
141657  -58.983  -37.493  38.663 9.305357
141658  -58.944  -37.687  38.239 9.784513
141659  -58.824  -37.823  37.858 10.221620
141660  -59.407  -36.898  37.268 9.418720
141661  -59.047  -37.386  37.316 10.035338
141662  -58.691  -37.964  37.472 10.604945
141663  -58.497  -38.099  37.118 10.927165
141664  -58.301  -38.303  36.857 11.186830
141665  -58.074  -38.457  36.601 11.388261
141685  -60.210  -35.869  35.574 9.423795
141686  -59.689  -36.441  35.552 9.946415
141687  -59.733  -36.119  34.746 10.170528
141688  -59.407  -36.588  35.194 10.290182
141689  -59.208  -36.942  35.617 10.427399
141690  -58.722  -37.469  35.743 10.856319
141691  -58.235  -38.009  35.974 11.227690
141692  -57.807  -38.580  36.351 11.540822
141693  -57.571  -38.760  36.103 11.657361
141694  -57.326  -38.939  35.916 11.752650
141695  -57.046  -39.135  35.691 11.841752
141696  -57.550  -37.937  34.841 11.562565
141697  -57.130  -38.542  35.163 11.762768
141698  -56.719  -39.217  35.471 11.938737
141699  -56.320  -39.307  35.232 12.055794
141700  -56.019  -39.429  34.991 12.202794
141701  -55.656  -39.550  34.733 12.386935
141702  -58.055  -36.132  32.549 11.412004
141703  -57.386  -36.649  32.789 11.645000
141704  -56.915  -37.190  33.057 11.856762
141705  -56.562  -36.878  32.114 12.137259
141706  -56.462  -37.294  32.799 12.089111
141707  -56.459  -37.672  33.466 12.053730
141708  -56.044  -38.353  33.932 12.242376
141709  -55.645  -39.077  34.281 12.427741
141710  -55.307  -39.690  34.406 12.612499
155857  -54.567  -46.648  45.330 10.028605
155858  -54.331  -47.077  45.470 9.805636
155859  -54.064  -47.482  45.538 9.561201
155860  -54.177  -48.203  44.117 9.647571
155861  -54.001  -48.022  44.904 9.484417
155862  -53.835  -47.856  45.599 9.299143
155884  -54.914  -49.780  39.071 9.192137
155887  -55.634  -50.467  37.298 9.080895
155909  -57.462  -40.467  42.660 9.660035
155910  -57.287  -41.184  42.695 10.242316
155911  -58.350  -39.034  39.986 9.906045
155912  -58.174  -39.578  40.487 10.096346
155913  -57.960  -40.090  40.914 10.271861
155914  -57.840  -41.042  40.501 11.257945
155915  -57.777  -40.814  40.912 10.860992
155916  -57.754  -40.586  41.349 10.427649
155917  -57.558  -41.048  41.789 10.560264
155918  -57.361  -41.456  42.230 10.667117
155919  -57.114  -41.831  42.642 10.747190
155920  -56.984  -42.472  42.473 11.158838
155921  -56.833  -43.119  42.162 11.469216
155922  -56.639  -43.802  41.800 11.677931
155923  -57.078  -43.675  40.958 11.981701
155924  -56.765  -44.052  41.184 11.899601
155925  -56.432  -44.455  41.399 11.791507
155926  -56.211  -45.078  40.989 11.821343
155927  -55.975  -45.619  40.481 11.781485
155928  -55.835  -46.144  39.971 11.686059
155929  -57.575  -40.731  37.653 12.106548
155930  -57.779  -41.319  37.898 12.258377
155931  -57.949  -41.876  38.141 12.397911
155932  -57.779  -42.559  37.632 12.552691
155933  -57.952  -42.495  38.015 12.548590
155934  -58.052  -42.374  38.374 12.516349
155935  -58.101  -42.782  38.543 12.605586
155936  -58.108  -43.118  38.674 12.658876
155937  -58.035  -43.511  38.805 12.672071
155938  -57.221  -44.036  36.405 12.700009
155939  -57.549  -43.986  36.782 12.719108
155940  -57.803  -43.940  37.208 12.735516
155941  -57.700  -44.814  36.789 12.635887
155942  -57.804  -44.360  37.222 12.705161
155943  -57.946  -43.967  37.619 12.742888
155944  -58.007  -44.004  38.066 12.734315
155945  -57.986  -44.041  38.515 12.703152
155946  -57.875  -43.944  38.941 12.643445
155947  -57.655  -44.365  39.045 12.574199
155948  -57.432  -44.737  39.081 12.467671
155949  -57.090  -45.142  39.176 12.328644
155950  -57.294  -45.677  38.275 12.295947
155951  -57.037  -45.622  38.758 12.237084
155952  -56.802  -45.551  39.267 12.162521
155953  -56.519  -45.932  39.321 11.974418
155954  -56.180  -46.300  39.352 11.768608
155955  -55.850  -46.683  39.401 11.548137
155956  -56.055  -47.236  38.841 11.378460
155957  -56.220  -47.731  38.278 11.184833
155958  -56.462  -48.253  37.697 10.972703
155959  -57.105  -48.019  37.144 11.269591
155960  -56.912  -48.424  37.150 11.010309
155961  -56.723  -48.812  37.181 10.745043
155962  -56.960  -49.363  36.740 10.503465
155963  -57.127  -49.894  36.338 10.248517
155964  -57.269  -50.367  35.888 9.980724
155965  -58.147  -48.359  34.981 11.342391
155966  -58.078  -48.811  35.031 11.074426
155967  -58.001  -49.255  35.081 10.800383
155968  -58.176  -49.906  34.107 10.460711
155969  -58.038  -49.821  34.621 10.501729
155970  -57.864  -49.691  35.163 10.523804
155971  -57.681  -50.136  35.277 10.247417
155972  -57.553  -50.563  35.387 9.972851
155973  -57.312  -50.867  35.419 9.701050
155974  -57.322  -51.350  34.927 9.411564
155975  -57.267  -51.880  34.389 9.115213
156010  -57.383  -49.151  31.041 10.643536
156011  -57.888  -49.541  30.569 10.109774
156012  -58.318  -49.967  29.945 9.543032
156013  -57.816  -49.844  29.435 9.547602
156014  -58.296  -50.112  29.365 9.255788
