#!ascii label  , from subject fsaverage vox2ras=TkReg coords=white
1203
33  51.943  -54.796  34.826 8.637052
310  53.555  -51.200  40.694 8.030985
413  52.244  -56.848  42.580 10.559911
414  50.743  -62.427  35.557 8.728441
415  46.838  -62.828  45.325 12.357202
790  55.251  -54.189  39.252 9.386564
929  49.836  -56.516  44.749 8.440653
930  50.265  -59.818  43.862 12.265621
931  47.683  -58.642  46.163 10.616690
933  40.811  -63.444  45.195 8.176383
1494  44.204  -57.105  42.629 8.056418
1925  52.391  -56.477  38.375 11.102564
1926  49.171  -58.773  35.482 10.246685
1927  50.962  -59.781  39.086 11.981217
1928  49.349  -63.117  40.298 11.245880
1929  43.493  -65.668  42.059 9.219833
1930  43.705  -60.556  45.706 10.528756
1931  43.320  -65.146  46.718 10.113857
1932  41.412  -70.014  44.759 8.186625
1945  53.823  -54.172  42.577 9.614590
2710  54.326  -55.326  36.545 9.238641
2711  56.063  -54.375  36.059 8.307800
2850  48.834  -57.408  45.458 9.554937
2851  47.060  -56.566  44.855 8.353962
4229  52.531  -56.618  40.441 11.131783
4230  50.775  -57.837  38.494 11.762335
4231  51.248  -58.121  40.610 11.739517
4232  48.925  -61.222  44.514 12.805438
4233  50.068  -61.457  42.016 12.569160
4234  48.205  -62.907  42.852 12.141688
4235  46.377  -64.378  41.240 10.226760
4236  45.600  -64.600  43.763 11.022520
4237  42.365  -58.041  42.284 8.221305
4238  44.050  -58.883  44.265 9.562520
4239  42.562  -59.756  44.160 9.060510
4241  41.981  -64.152  46.039 9.472079
4242  41.367  -66.740  47.168 8.912915
4243  42.450  -67.765  46.371 9.093324
4244  40.507  -69.514  46.861 8.016966
4270  52.126  -55.398  44.099 9.055056
4271  52.391  -53.775  43.649 8.833450
4272  53.087  -55.445  42.948 10.048214
4273  53.766  -55.633  41.193 10.505845
5242  50.509  -60.658  35.187 9.697606
5243  49.107  -60.033  33.202 8.157832
6030  55.197  -52.908  40.614 8.931509
6032  56.336  -53.014  38.449 8.414115
6281  51.405  -56.864  44.153 9.601058
6282  51.171  -58.343  42.910 11.334512
6283  50.398  -58.226  44.817 10.601708
6284  49.276  -59.386  45.679 11.719907
6285  47.682  -60.799  46.206 12.226916
6287  41.264  -61.033  43.866 8.044387
8381  52.072  -55.843  36.494 10.255562
8382  49.414  -56.388  35.502 9.721995
8383  50.117  -57.134  36.933 11.170744
8384  50.092  -59.325  37.312 11.393637
8385  51.072  -61.278  37.272 10.843576
8386  50.860  -59.803  41.312 12.279996
8387  50.955  -61.313  39.580 11.804869
8388  50.343  -62.832  37.925 10.032132
8389  47.633  -64.049  38.729 9.137615
8390  44.064  -64.710  39.690 8.324158
8392  45.885  -57.881  44.766 9.273168
8393  45.740  -59.864  46.006 11.006576
8394  45.270  -61.997  46.601 11.744942
8395  42.311  -61.520  45.237 9.504301
8396  43.526  -62.560  46.223 10.699402
8397  44.886  -64.094  46.309 11.245704
8398  43.613  -66.157  44.849 9.935673
8399  42.144  -68.029  43.469 8.645031
8434  52.226  -52.260  42.464 8.538583
8435  54.066  -52.740  41.985 8.970111
8436  54.700  -54.234  41.063 9.814702
8437  53.998  -55.384  39.049 10.261844
9622  48.021  -57.714  33.855 8.347974
10381  50.474  -54.841  34.130 8.200217
10390  53.280  -55.052  35.566 8.983070
10391  54.248  -54.807  35.160 8.487147
10392  53.301  -54.635  34.406 8.119536
11909  52.486  -56.762  41.515 10.906395
11910  51.782  -57.370  40.376 11.440236
11911  51.837  -57.489  41.545 11.225138
11912  47.981  -61.952  44.862 12.709970
11913  48.612  -62.082  43.680 12.693289
11914  47.468  -62.879  44.153 12.353024
11915  46.905  -63.808  43.388 11.625399
11916  46.332  -63.748  44.696 11.825520
11917  41.779  -58.542  42.236 8.032677
11918  42.388  -58.893  43.239 8.681914
11919  42.001  -59.410  43.136 8.344660
11921  40.467  -66.325  46.845 8.522970
11922  40.038  -67.790  47.501 8.165960
11923  40.870  -68.235  47.396 8.480596
11950  52.243  -56.178  43.652 9.818144
11951  52.643  -55.437  43.547 9.606079
11952  52.695  -56.084  42.716 10.277509
11953  52.989  -56.092  41.844 10.620413
12922  50.975  -61.453  35.205 9.212236
12923  50.499  -61.117  34.058 8.526548
12924  50.474  -62.082  34.225 8.049299
13890  55.387  -53.599  40.058 9.233645
13891  55.822  -52.960  39.687 8.739264
13892  55.903  -53.638  38.959 8.917364
14309  50.752  -56.777  44.620 9.033835
14310  50.930  -57.469  44.321 10.053219
14311  50.142  -57.304  44.816 9.530227
14312  48.359  -57.928  45.898 10.134242
14313  49.153  -58.350  45.843 10.707920
14314  48.547  -59.108  46.158 11.223725
14315  48.620  -60.225  46.013 12.094147
14316  47.765  -59.834  46.324 11.565493
14352  50.243  -55.900  44.726 8.032879
14353  51.087  -56.079  44.519 8.663589
18449  52.265  -56.204  37.385 10.789106
18450  50.864  -56.311  36.770 10.759566
18451  51.136  -56.658  37.504 11.226468
18452  50.711  -58.775  38.809 11.931824
18453  50.328  -58.511  37.823 11.739236
18454  50.577  -59.601  38.076 11.735271
18455  50.685  -60.378  37.257 11.182528
18456  51.079  -60.514  38.261 11.584433
18457  50.703  -59.066  43.501 11.803365
18458  50.876  -59.086  42.220 11.954422
18459  50.587  -59.869  42.593 12.324924
18460  49.864  -62.307  41.115 12.081061
18461  50.629  -61.405  40.827 12.226912
18462  50.378  -62.299  39.835 11.585666
18463  50.777  -62.179  38.755 11.031746
18464  49.829  -63.070  39.049 10.658625
18465  49.196  -63.654  38.293 9.593533
18466  48.610  -63.802  39.450 10.210137
18467  44.863  -64.961  41.743 9.680542
18468  45.319  -64.635  40.512 9.205322
18469  43.695  -65.238  40.872 8.781536
18470  42.621  -65.757  40.010 8.068913
18471  42.581  -66.388  41.258 8.482110
18473  45.826  -56.839  43.849 8.257464
18474  45.133  -57.456  43.726 8.630552
18475  43.858  -59.734  45.170 10.138108
18476  44.846  -59.353  45.280 10.289617
18477  44.610  -60.163  45.871 10.862165
18478  45.550  -60.779  46.404 11.530488
18479  44.482  -61.166  46.310 11.190213
18480  40.995  -62.216  44.609 8.142932
18481  41.777  -61.305  44.600 8.777278
18482  41.503  -62.438  45.159 8.876064
18483  42.615  -64.487  46.439 9.896894
18484  42.629  -63.132  46.019 10.107518
18485  43.328  -63.761  46.406 10.489062
18486  44.228  -63.378  46.566 11.069274
18487  44.068  -64.446  46.527 10.667822
18488  44.407  -65.060  45.643 10.642472
18489  43.693  -65.808  46.214 10.117516
18490  41.830  -68.895  45.704 8.593814
18491  42.314  -68.049  45.068 8.923574
18492  41.791  -69.019  44.281 8.444554
18493  41.805  -68.938  42.684 8.213118
18494  41.735  -69.983  43.211 8.110119
18573  53.091  -54.061  43.162 9.293294
18574  52.313  -53.067  43.089 8.720489
18575  53.193  -53.298  42.739 9.095522
18576  53.208  -52.529  42.271 8.818296
18577  54.013  -53.496  42.267 9.331893
18578  54.559  -53.542  41.596 9.433043
18579  54.346  -54.228  41.864 9.789684
18580  53.165  -56.068  39.748 10.851233
18581  53.902  -55.501  40.170 10.480157
18582  53.191  -55.952  38.577 10.688360
18583  53.331  -55.793  37.586 10.315462
21487  49.082  -57.642  35.598 10.112813
21488  48.555  -57.051  34.679 9.158361
21489  48.531  -58.270  34.657 9.380838
23310  54.934  -54.942  38.080 9.382593
23311  55.748  -54.264  37.833 8.922432
23312  55.275  -54.869  36.377 8.767265
23313  55.260  -54.554  34.697 8.027556
23562  49.242  -56.962  45.046 8.965312
23563  48.342  -56.586  45.093 8.381678
23564  48.004  -56.934  45.302 8.956706
23565  47.463  -57.592  45.509 9.504252
26045  52.445  -56.595  39.326 11.207604
26046  51.373  -57.013  38.334 11.474928
26047  51.552  -57.189  39.264 11.534137
26048  51.142  -58.075  39.477 11.808866
26049  51.009  -58.886  39.887 12.017765
26050  49.716  -60.509  44.225 12.633987
26051  50.181  -60.592  42.878 12.629326
26052  49.487  -61.403  43.254 12.779148
26053  49.295  -62.257  42.385 12.468872
26054  48.840  -63.082  41.505 11.756425
26055  48.034  -63.729  40.660 10.777558
26056  47.392  -63.791  42.036 11.262659
26057  45.906  -64.539  42.554 10.676901
26058  44.532  -65.181  42.902 10.103518
26059  43.357  -57.606  42.403 8.233083
26060  44.138  -57.979  43.437 8.844663
26061  43.266  -58.491  43.289 8.861053
26062  43.061  -59.330  44.176 9.398340
26063  43.057  -60.110  45.074 9.804419
26064  40.296  -64.733  45.744 8.123586
26065  41.446  -63.759  45.599 8.877854
26066  40.968  -65.063  46.127 8.763909
26067  41.618  -65.470  46.620 9.255551
26068  42.498  -65.907  46.925 9.548200
26069  43.028  -66.559  46.716 9.625026
26070  42.137  -67.270  47.044 9.101647
26071  41.492  -68.659  46.706 8.618022
26072  41.007  -69.805  45.995 8.163625
26118  51.552  -54.480  44.310 8.306268
26119  51.613  -53.571  44.069 8.254548
26120  52.370  -54.650  43.861 8.925920
26121  52.977  -54.827  43.302 9.447038
26122  53.508  -54.846  42.749 9.840717
26123  54.002  -54.870  42.089 10.088382
26124  53.488  -55.562  42.099 10.355413
26125  53.194  -56.126  40.862 10.820402
27868  49.820  -59.774  35.308 10.084256
27869  49.119  -59.436  34.322 9.312165
27870  49.916  -60.357  34.131 8.987484
29430  54.547  -52.111  41.101 8.514110
29432  55.360  -52.201  40.331 8.409025
29433  56.127  -52.177  39.222 8.202537
29435  56.333  -53.680  37.455 8.448195
30017  51.948  -56.895  43.497 10.117280
30018  51.760  -57.605  42.621 10.912506
30019  51.532  -57.602  43.487 10.517988
30020  50.844  -58.321  43.979 11.009951
30021  50.412  -59.017  44.552 11.552512
30022  49.627  -57.898  45.319 10.112177
30023  49.876  -58.777  45.389 11.187465
30024  49.830  -59.582  44.943 12.070029
30025  49.163  -60.424  45.219 12.458747
30026  48.341  -61.071  45.535 12.618935
30027  47.267  -61.827  45.762 12.504006
30078  51.400  -55.328  44.462 8.427839
30079  51.794  -56.196  44.186 9.269969
31435  49.986  -63.051  35.972 8.293134
35429  52.006  -55.341  35.727 9.520076
35430  50.557  -55.430  35.152 9.192071
35431  50.703  -55.928  36.031 10.069864
35432  49.791  -56.821  36.248 10.555382
35433  49.544  -57.917  36.291 10.865214
35434  50.467  -57.526  37.620 11.563392
35435  49.955  -58.204  37.120 11.398637
35436  49.615  -59.084  36.356 10.911962
35437  50.297  -60.103  36.191 10.696439
35438  50.963  -61.006  36.170 10.305694
35439  51.094  -61.851  36.345 9.846354
35440  51.288  -58.310  41.695 11.577933
35441  50.981  -58.957  40.935 12.022917
35442  51.057  -59.781  40.217 12.160448
35443  50.607  -60.638  41.674 12.481777
35444  50.976  -60.554  40.503 12.237382
35445  51.167  -60.498  39.372 11.933030
35446  51.131  -61.338  38.528 11.339590
35447  51.012  -62.007  37.601 10.449240
35448  50.688  -62.654  36.762 9.387179
35449  49.703  -63.306  37.163 8.950399
35450  48.200  -63.821  37.550 8.537549
35451  46.534  -63.937  38.015 8.159883
35452  47.056  -64.195  39.927 9.705767
35453  45.891  -64.223  39.215 8.696467
35459  46.599  -57.215  44.752 8.863877
35460  46.727  -58.224  45.692 9.949503
35461  45.116  -58.371  44.568 9.519786
35462  45.963  -58.907  45.556 10.225473
35463  46.866  -59.309  46.143 10.923682
35464  46.791  -60.407  46.407 11.670420
35465  46.477  -61.486  46.427 12.095508
35466  46.139  -62.582  46.241 12.147365
35467  42.086  -60.271  43.896 8.596672
35468  42.561  -60.635  44.758 9.337512
35469  43.060  -60.985  45.530 10.061439
35470  42.046  -62.757  45.559 9.552665
35471  42.888  -61.931  45.762 10.163281
35472  43.739  -61.542  46.123 10.716496
35473  44.300  -62.257  46.618 11.256001
35474  45.133  -63.052  46.517 11.638771
35475  45.789  -63.525  45.870 11.833134
35476  45.295  -64.449  45.082 11.223870
35477  44.438  -65.365  44.183 10.439656
35478  43.398  -66.011  43.328 9.618351
35479  43.010  -67.003  45.696 9.505812
35480  42.812  -67.055  44.168 9.238527
35481  42.602  -66.885  42.617 8.881118
35482  42.032  -67.804  41.967 8.308494
35576  52.813  -51.194  40.682 8.011608
35580  51.460  -52.749  43.381 8.213610
35581  51.318  -52.138  42.516 8.125384
35583  52.042  -51.662  41.697 8.263724
35584  53.020  -51.863  41.545 8.451430
35585  53.836  -51.983  41.439 8.529605
35586  54.659  -52.858  41.360 9.006077
35587  54.981  -53.564  40.904 9.401960
35588  54.959  -54.191  40.309 9.683236
35589  54.274  -54.880  41.298 10.176887
35590  54.510  -54.858  40.450 10.094504
35591  54.612  -54.780  39.329 9.830616
35592  54.284  -55.476  37.807 9.843792
35593  53.262  -55.528  36.597 9.735977
39100  49.270  -55.808  34.523 8.722768
39101  48.268  -56.576  33.756 8.072693
39103  48.378  -58.912  33.542 8.379309
41099  51.930  -54.614  34.332 8.164825
41101  51.176  -54.757  34.442 8.430999
41110  52.661  -54.911  35.201 8.820797
41111  53.272  -54.792  34.982 8.560376
41112  52.668  -54.670  34.694 8.371805
42629  52.374  -56.794  42.079 10.746653
42630  52.158  -57.111  41.525 11.061340
42631  52.108  -57.179  42.106 10.906354
42632  47.409  -62.384  45.022 12.561677
42633  47.708  -62.459  44.504 12.584813
42634  47.153  -62.892  44.745 12.382149
42635  46.893  -63.376  44.460 12.105887
42636  46.649  -63.305  45.071 12.133784
42638  41.895  -59.015  42.689 8.195126
42639  41.696  -59.236  42.600 8.013450
42670  52.298  -56.488  43.150 10.194634
42671  52.484  -56.115  43.201 10.060673
42672  52.475  -56.431  42.673 10.410620
42673  52.604  -56.422  42.141 10.600072
43642  50.986  -61.992  35.357 8.966015
43643  50.773  -61.772  34.714 8.630291
43644  50.648  -62.268  34.870 8.392068
44610  55.371  -53.891  39.717 9.329953
44611  55.650  -53.622  39.536 9.094623
44612  55.619  -53.904  39.145 9.155856
45029  50.307  -56.665  44.667 8.738877
45030  50.432  -57.020  44.659 9.268010
45031  49.988  -56.894  44.776 8.982093
45032  48.037  -58.279  46.069 10.392882
45033  48.467  -58.443  46.118 10.697964
45034  48.142  -58.835  46.237 10.931067
45035  48.184  -59.502  46.253 11.421393
45036  47.743  -59.207  46.285 11.119663
45072  50.000  -56.237  44.717 8.220050
45073  50.505  -56.364  44.633 8.526838
49169  52.360  -56.332  37.867 10.973189
49170  51.678  -56.387  37.470 11.015956
49171  51.800  -56.556  37.912 11.183184
49172  50.783  -59.269  38.975 11.970446
49173  50.560  -59.191  38.443 11.877081
49174  50.832  -59.732  38.525 11.867902
49175  50.859  -60.107  38.151 11.674913
49176  51.047  -60.138  38.663 11.828547
49177  50.490  -59.442  43.726 12.040026
49178  50.587  -59.503  43.132 12.104678
49179  50.433  -59.836  43.247 12.310436
49180  49.625  -62.749  40.678 11.698759
49181  50.086  -62.312  40.493 11.843399
49182  49.849  -62.752  40.052 11.432396
49183  50.108  -62.703  39.431 11.149214
49184  49.555  -63.105  39.666 10.959158
49185  49.256  -63.480  39.264 10.443590
49186  49.026  -63.508  39.881 10.742591
49187  44.145  -65.273  41.876 9.435911
49188  44.253  -65.093  41.294 9.211834
49189  43.585  -65.489  41.459 9.003820
49190  43.072  -65.713  41.035 8.615015
49191  43.028  -66.023  41.653 8.827888
49193  45.053  -56.980  43.328 8.172223
49194  44.659  -57.273  43.149 8.332947
49195  43.767  -60.094  45.466 10.358166
49196  44.219  -59.900  45.556 10.504491
49197  44.151  -60.346  45.799 10.715659
49198  44.550  -60.629  46.101 11.058540
49199  44.084  -60.835  46.023 10.869973
49200  40.909  -62.816  44.950 8.168965
49201  41.250  -62.340  44.904 8.512115
49202  41.215  -62.973  45.162 8.535406
49203  42.992  -64.769  46.670 10.032509
49204  42.975  -64.071  46.373 10.196285
49205  43.351  -64.414  46.515 10.319456
49206  43.733  -64.069  46.609 10.604507
49207  43.680  -64.767  46.588 10.389139
49208  43.947  -65.100  46.400 10.406142
49209  43.597  -65.529  46.674 10.141340
49210  41.552  -69.467  45.266 8.376000
49211  41.823  -68.989  45.017 8.532070
49212  41.633  -69.537  44.558 8.328599
49213  41.718  -69.508  43.777 8.258135
49214  41.604  -70.015  43.975 8.159203
49215  41.534  -70.465  43.383 8.024651
49216  41.364  -70.474  44.145 8.028540
49293  53.479  -54.116  42.883 9.471896
49294  53.195  -53.679  42.919 9.202612
49295  53.585  -53.758  42.685 9.360192
49296  53.644  -53.398  42.493 9.230992
49297  53.935  -53.813  42.388 9.482223
49298  54.191  -53.851  42.101 9.568696
49299  54.099  -54.199  42.239 9.720640
49300  52.819  -56.287  38.999 10.990393
49301  53.182  -56.009  39.178 10.795340
49302  52.856  -56.239  38.447 10.898342
49303  52.851  -56.113  37.955 10.753206
52207  49.067  -58.230  35.551 10.216988
52208  48.731  -57.943  35.151 9.784047
52209  48.868  -58.571  35.061 9.838120
54210  54.705  -55.225  37.267 9.326419
54211  55.131  -54.951  37.287 9.093838
54212  54.810  -55.120  36.440 9.000393
54213  54.276  -54.668  34.425 8.076096
54214  54.772  -54.694  34.947 8.253886
54630  48.559  -56.397  44.924 8.106099
54632  47.213  -56.291  44.850 8.081819
54633  47.704  -56.479  45.068 8.372405
54634  47.542  -56.752  45.092 8.653457
54635  47.757  -57.223  45.376 9.238578
54636  47.294  -57.024  45.076 8.926267
58769  52.494  -56.599  39.885 11.190383
58770  52.000  -56.885  39.281 11.375941
58771  52.074  -56.900  39.835 11.350301
58772  51.466  -57.765  40.457 11.591427
58773  51.420  -57.725  39.898 11.650113
58774  51.186  -58.112  40.027 11.786890
58775  51.043  -58.488  39.662 11.921848
58776  51.088  -58.463  40.255 11.913449
58777  49.316  -60.899  44.357 12.750135
58778  49.605  -60.937  43.768 12.763124
58779  49.200  -61.328  43.887 12.817864
58780  48.433  -62.497  43.252 12.467360
58781  48.930  -62.163  43.021 12.604813
58782  48.797  -62.575  42.597 12.333287
58783  49.153  -62.682  41.917 12.156054
58784  48.529  -62.970  42.182 11.967956
58785  48.155  -63.384  41.765 11.527301
58786  47.851  -63.336  42.434 11.733162
58787  46.238  -64.213  43.596 11.327453
58788  46.449  -64.202  42.966 11.167842
58789  45.743  -64.574  43.166 10.865209
58790  45.195  -64.870  42.743 10.382751
58791  45.081  -64.946  43.324 10.567497
58792  42.859  -57.857  42.320 8.251017
58793  43.289  -58.048  42.824 8.554758
58794  42.818  -58.275  42.750 8.531012
58795  42.466  -59.321  43.720 8.883079
58796  42.760  -59.132  43.709 9.034554
58797  42.773  -59.519  44.222 9.248120
58798  43.061  -59.720  44.676 9.619230
58799  42.776  -59.933  44.642 9.432066
58800  39.981  -65.299  46.101 8.057837
58801  40.626  -64.917  45.937 8.458203
58802  40.330  -65.466  46.286 8.375128
58803  40.940  -66.486  47.023 8.741879
58804  41.080  -65.860  46.677 8.902460
58805  41.506  -66.069  46.904 9.098371
58806  42.061  -65.664  46.812 9.428678
58807  41.955  -66.309  47.029 9.242752
58808  42.374  -66.584  47.107 9.333752
58809  41.813  -67.007  47.250 9.033017
58810  40.717  -68.922  47.228 8.248617
58811  41.196  -68.449  47.160 8.571105
58812  41.013  -69.066  46.857 8.335224
58813  41.228  -69.256  46.400 8.383353
58814  40.819  -69.617  46.490 8.106994
58890  51.922  -54.980  44.249 8.677292
58891  51.976  -54.577  44.103 8.626141
58892  52.266  -55.030  44.001 8.982508
58893  52.866  -55.435  43.228 9.842556
58894  52.831  -55.115  43.436 9.522737
58895  53.066  -55.161  43.149 9.749914
58896  53.241  -54.857  43.058 9.661169
58897  53.321  -55.219  42.844 9.944206
58898  53.543  -55.222  42.476 10.102952
58899  53.307  -55.516  42.524 10.220088
58900  52.844  -56.366  41.206 10.886333
58901  53.133  -56.144  41.368 10.739908
58902  52.876  -56.359  40.647 10.976279
58903  52.890  -56.348  40.104 11.025974
61807  50.186  -60.224  35.212 9.911353
61808  49.841  -60.067  34.727 9.561326
61809  50.297  -60.503  34.638 9.357032
61811  50.194  -60.984  33.509 8.158316
64710  54.932  -52.559  40.885 8.734350
64711  54.954  -52.191  40.723 8.473152
64712  55.298  -52.584  40.465 8.675982
64713  56.111  -52.989  39.076 8.594209
64714  56.009  -52.573  39.450 8.475693
64715  56.255  -52.596  38.880 8.329094
64716  56.378  -52.237  38.686 8.054939
64717  56.494  -52.659  38.289 8.148816
64718  55.951  -54.303  36.945 8.631833
64719  56.080  -53.946  37.652 8.687974
64720  56.239  -54.018  36.813 8.398137
65969  51.689  -56.914  43.845 9.867002
65970  51.738  -57.283  43.482 10.304983
65971  51.521  -57.241  43.816 10.066545
65972  50.583  -57.791  44.544 10.318255
65973  50.869  -57.901  44.132 10.545322
65974  50.606  -58.254  44.425 10.816258
65975  50.637  -58.675  44.279 11.278743
65976  50.460  -58.667  44.700 11.099296
65977  49.040  -57.211  45.243 9.256260
65978  49.445  -57.407  45.174 9.540817
65979  49.253  -57.643  45.421 9.840605
65980  49.245  -58.865  45.813 11.239769
65981  49.530  -58.576  45.640 10.961243
65982  49.657  -59.042  45.563 11.466975
65983  49.882  -59.169  45.192 11.660894
65984  49.566  -59.497  45.339 11.914480
65985  49.497  -60.021  45.093 12.287375
65986  49.223  -59.928  45.468 12.131618
65987  48.178  -60.513  46.184 12.193895
65988  48.495  -60.650  45.803 12.406622
65989  48.008  -60.963  45.927 12.446711
65990  47.829  -61.424  45.694 12.595627
65991  47.461  -61.314  46.018 12.417624
66098  51.070  -54.855  44.454 8.021309
66099  50.957  -55.247  44.550 8.098004
66100  51.252  -56.494  44.373 9.130658
66101  51.494  -56.165  44.365 8.971986
66102  51.584  -56.542  44.188 9.419992
66103  51.889  -56.535  43.910 9.696075
69007  49.414  -63.301  36.183 8.097163
78389  52.033  -55.614  36.094 9.910490
78390  51.360  -55.624  35.869 9.796997
78391  51.369  -55.849  36.243 10.180055
78392  50.405  -56.665  36.852 10.982674
78393  50.280  -56.503  36.515 10.683080
78394  49.928  -56.940  36.603 10.891639
78395  49.621  -57.372  36.281 10.739223
78396  49.789  -57.517  36.656 11.053842
78397  50.996  -57.382  38.367 11.631873
78398  50.863  -57.253  37.911 11.545897
78399  50.635  -57.724  38.012 11.684485
78400  50.194  -58.904  37.567 11.610131
78401  50.175  -58.346  37.486 11.590353
78402  49.977  -58.802  37.224 11.425359
78403  49.766  -58.647  36.813 11.198537
78404  49.877  -59.217  36.889 11.173296
78405  49.908  -59.587  36.295 10.832938
78406  50.099  -59.723  36.891 11.088038
78407  50.995  -60.851  37.217 11.023750
78408  50.842  -60.726  36.709 10.779423
78409  51.026  -61.158  36.698 10.581378
78410  51.119  -61.440  36.141 10.079041
78411  51.087  -61.559  36.781 10.369108
78412  51.472  -57.978  42.698 11.115615
78413  51.559  -57.943  42.145 11.266932
78414  51.266  -58.356  42.332 11.466269
78415  50.816  -59.439  41.785 12.159479
78416  50.929  -59.054  41.574 11.998106
78417  50.897  -59.396  41.205 12.155888
78418  50.978  -59.341  40.603 12.134777
78419  50.961  -59.781  40.774 12.228209
78420  50.120  -61.083  42.424 12.654411
78421  50.413  -60.657  42.245 12.570457
78422  50.436  -61.099  41.771 12.544456
78423  50.818  -61.342  40.189 12.023045
78424  50.842  -60.974  40.667 12.245644
78425  50.990  -60.912  40.036 12.068497
78426  51.097  -60.498  39.916 12.091106
78427  51.095  -60.888  39.470 11.878870
78428  51.150  -60.945  39.027 11.679350
78429  51.070  -61.335  39.033 11.576293
78430  50.575  -62.514  38.343 10.551346
78431  50.970  -62.082  38.203 10.742998
78432  50.740  -62.403  37.772 10.243066
78433  50.869  -62.320  37.192 9.930711
78434  50.529  -62.718  37.353 9.711303
78435  50.262  -63.001  36.927 9.165775
78436  50.044  -63.119  37.533 9.492587
78437  48.429  -63.906  38.511 9.366478
78438  48.768  -63.795  37.938 9.056491
78439  47.871  -63.956  38.154 8.840902
78440  47.369  -63.902  37.769 8.342754
78441  47.105  -64.006  38.383 8.630923
78442  47.225  -64.046  40.917 10.507469
78443  47.559  -64.031  40.267 10.242491
78444  46.703  -64.306  40.564 9.973338
78445  44.740  -64.623  40.098 8.741799
78446  45.617  -64.406  39.845 8.954499
78447  44.968  -64.410  39.491 8.498163
78448  45.253  -64.234  38.844 8.248999
78449  44.310  -64.460  39.098 8.089379
78460  45.858  -57.366  44.290 8.766087
78461  46.180  -57.032  44.313 8.553891
78462  46.234  -57.547  44.765 9.085248
78463  46.639  -57.715  45.281 9.413026
78464  46.300  -58.042  45.264 9.609585
78465  44.132  -58.421  43.845 9.217533
78466  44.621  -58.147  44.010 9.176314
78467  44.609  -58.606  44.415 9.567848
78468  45.257  -59.621  45.675 10.651661
78469  45.420  -59.176  45.418 10.285274
78470  45.879  -59.431  45.798 10.643412
78471  46.385  -59.121  45.909 10.578280
78472  46.344  -59.635  46.106 10.994489
78473  46.821  -59.847  46.297 11.332066
78474  46.245  -60.102  46.285 11.348206
78475  45.413  -61.360  46.513 11.678132
78476  46.018  -61.139  46.488 11.829237
78477  45.845  -61.780  46.533 11.942883
78478  46.291  -62.038  46.340 12.169178
78479  45.716  -62.358  46.475 11.967974
78481  41.747  -60.123  43.422 8.237617
78482  41.672  -60.621  43.863 8.329964
78483  42.053  -61.406  44.968 9.145510
78484  42.224  -60.920  44.626 9.067410
78485  42.471  -60.994  44.962 9.435129
78486  42.790  -60.767  45.176 9.705056
78487  42.709  -61.200  45.357 9.792311
78488  41.680  -63.931  45.815 9.192651
78489  41.736  -63.209  45.607 9.224360
78490  42.010  -63.428  45.789 9.529219
78491  43.060  -62.781  46.107 10.407642
78492  42.749  -62.476  45.872 10.155153
78493  43.206  -62.211  45.979 10.449739
78494  43.319  -61.705  45.920 10.447631
78495  43.670  -62.044  46.189 10.733178
78496  44.032  -61.878  46.376 11.003428
78497  43.970  -62.409  46.409 10.983080
78498  44.595  -63.777  46.573 11.182526
78499  44.680  -63.240  46.576 11.357271
78500  45.023  -63.594  46.466 11.474248
78501  45.478  -63.324  46.286 11.760823
78502  45.321  -63.810  46.063 11.541553
78503  45.605  -63.983  45.537 11.558710
78504  45.159  -64.267  45.811 11.258930
78505  44.033  -65.603  45.241 10.294754
78506  44.445  -65.259  44.921 10.560673
78507  43.982  -65.693  44.445 10.176652
78508  43.951  -65.674  43.751 10.025373
78509  43.519  -66.122  44.062 9.790461
78510  42.747  -67.189  46.541 9.359718
78511  43.111  -66.831  46.277 9.587420
78512  42.769  -67.454  46.020 9.302269
78513  42.237  -68.056  44.272 8.794469
78514  42.537  -67.575  44.634 9.077290
78515  42.418  -67.556  43.827 8.924248
78516  42.704  -67.002  43.351 9.067643
78517  42.337  -67.495  43.034 8.753504
78518  42.252  -67.358  42.339 8.571038
78519  42.103  -67.996  42.700 8.481392
78520  41.804  -69.404  42.151 8.064100
78521  41.771  -68.905  41.901 8.077845
78758  52.011  -53.675  43.863 8.557015
78759  51.534  -53.128  43.760 8.236582
78760  51.911  -53.167  43.678 8.524088
78761  52.264  -52.682  42.775 8.640379
78762  51.807  -52.526  42.949 8.425544
78763  51.765  -52.194  42.540 8.348444
78764  51.230  -51.841  42.061 8.050442
78765  51.737  -51.815  42.144 8.248134
78766  51.631  -51.569  41.712 8.123723
78767  52.162  -51.904  42.111 8.413048
78768  53.629  -52.636  42.141 8.909463
78769  53.072  -52.163  41.961 8.645555
78770  53.553  -52.257  41.877 8.716115
78771  53.476  -51.932  41.538 8.503070
78772  53.966  -52.373  41.778 8.758826
78773  54.298  -52.443  41.522 8.775462
78774  54.351  -52.809  41.670 9.001960
78775  54.666  -53.874  41.344 9.635537
78776  54.765  -53.538  41.324 9.434141
78777  54.862  -53.889  40.964 9.615385
78778  55.031  -53.889  40.587 9.558621
78779  54.831  -54.214  40.690 9.769100
78780  53.938  -55.307  41.700 10.304957
78781  54.135  -54.905  41.697 10.153237
78782  54.042  -55.302  41.259 10.344241
78783  53.962  -55.406  39.656 10.395856
78784  54.236  -55.178  40.315 10.289720
78785  54.300  -55.120  39.824 10.192513
78786  54.569  -54.798  39.911 9.985741
78787  54.342  -55.085  39.243 10.047078
78788  54.432  -55.117  38.624 9.853346
78789  54.091  -55.378  38.454 10.077591
78790  52.759  -55.872  36.929 10.299995
78791  53.300  -55.699  37.051 10.050220
78792  52.691  -55.672  36.530 9.994368
78793  52.636  -55.416  36.144 9.641217
87502  49.955  -55.847  35.355 9.466337
87503  49.881  -55.537  34.848 8.977720
87504  49.366  -56.100  34.978 9.237955
87505  48.214  -57.385  34.289 8.783462
87506  48.398  -56.800  34.262 8.625701
87507  48.068  -57.129  33.828 8.236072
87510  49.116  -59.744  33.792 8.752863
87511  48.707  -59.174  33.946 8.863967
87512  48.683  -59.519  33.336 8.296350
92430  53.760  -55.199  35.991 9.123099
92431  54.225  -55.005  35.837 8.877560
92432  53.747  -54.910  35.356 8.729731
92433  53.775  -54.721  34.712 8.312366
95165  52.541  -56.710  40.997 11.035921
95166  52.167  -56.969  40.394 11.286698
95167  52.204  -57.066  40.956 11.189156
95168  51.842  -57.422  40.966 11.346128
95169  51.508  -57.813  41.023 11.506436
95170  48.499  -61.548  44.689 12.792617
95171  48.832  -61.641  44.107 12.807821
95172  48.292  -62.034  44.319 12.729347
95173  48.087  -62.459  43.897 12.552592
95174  47.836  -62.883  43.524 12.271677
95175  47.559  -63.292  43.100 11.901697
95176  47.207  -63.348  43.818 12.027428
95177  46.578  -63.841  44.081 11.748036
95178  45.986  -64.148  44.236 11.448649
95179  42.052  -58.263  42.255 8.146836
95180  42.414  -58.479  42.722 8.459939
95181  42.103  -58.720  42.717 8.345998
95182  42.197  -59.146  43.187 8.530022
95183  42.297  -59.571  43.630 8.695881
95185  40.060  -66.120  46.662 8.261159
95186  39.816  -66.829  46.999 8.116892
95187  40.274  -67.013  47.237 8.357123
95188  40.702  -67.234  47.349 8.554315
95189  41.131  -67.499  47.444 8.704662
95190  40.399  -68.005  47.618 8.345302
95191  40.302  -68.740  47.442 8.121912
95238  52.225  -55.789  43.891 9.436584
95239  52.426  -55.422  43.844 9.342305
95240  52.443  -55.795  43.620 9.703001
95241  52.680  -55.765  43.216 9.944568
95242  52.898  -55.751  42.849 10.157936
95243  53.079  -55.776  42.497 10.339593
95244  52.830  -56.066  42.223 10.465179
95245  52.726  -56.392  41.649 10.759774
96988  50.775  -61.063  35.225 9.459831
96989  50.560  -60.882  34.623 9.123668
96990  50.735  -61.293  34.635 8.877167
96991  50.636  -61.521  34.075 8.284271
98730  55.336  -53.238  40.340 9.099640
98731  55.535  -52.943  40.157 8.850991
98732  55.605  -53.304  39.884 8.992092
98733  55.888  -53.328  39.372 8.849497
98734  56.140  -53.347  38.699 8.670294
98736  56.295  -54.149  35.990 8.076583
99485  51.102  -56.828  44.393 9.322308
99486  51.211  -57.199  44.165 9.812783
99487  50.840  -57.121  44.468 9.545834
99488  50.533  -57.399  44.593 9.798147
99489  50.241  -57.728  44.808 10.074129
99490  48.643  -57.655  45.673 9.851151
99491  49.035  -57.895  45.672 10.141056
99492  48.773  -58.163  45.913 10.430792
99493  48.869  -58.693  46.027 10.982086
99494  48.922  -59.257  45.955 11.488477
99495  48.972  -59.838  45.820 11.933042
99496  48.612  -59.728  46.077 11.694625
99497  48.200  -60.039  46.229 11.847583
99498  47.735  -60.353  46.288 11.939202
99563  50.825  -55.603  44.614 8.206336
99564  50.701  -56.007  44.666 8.348983
99565  50.907  -56.437  44.554 8.831694
106937  52.144  -56.062  36.914 10.549531
106938  51.429  -56.062  36.636 10.513512
106939  51.537  -56.247  37.022 10.792801
106940  50.984  -56.469  37.109 11.021368
106941  50.517  -56.839  37.167 11.225121
106942  50.734  -58.327  38.616 11.862747
106943  50.528  -58.184  38.123 11.787059
106944  50.511  -58.652  38.246 11.851138
106945  50.379  -59.051  37.967 11.758663
106946  50.300  -59.442  37.694 11.579034
106947  50.346  -59.856  37.312 11.309450
106948  50.593  -59.994  37.740 11.503320
106949  50.872  -60.478  37.746 11.391657
106950  51.048  -60.950  37.803 11.253171
106951  50.923  -58.714  43.175 11.565619
106952  51.018  -58.746  42.595 11.675371
106953  50.805  -59.113  42.885 11.890159
106954  50.726  -59.479  42.420 12.143391
106955  50.732  -59.848  41.923 12.313438
106956  49.971  -61.878  41.592 12.375477
106957  50.348  -61.457  41.393 12.411066
106958  50.220  -61.858  40.991 12.174304
106959  50.498  -61.827  40.333 11.949912
106960  50.729  -61.772  39.717 11.708424
106961  50.897  -61.783  39.186 11.454949
106962  50.587  -62.265  39.264 11.313623
106963  50.386  -62.634  38.848 10.854259
106964  50.110  -62.996  38.470 10.348536
106965  49.824  -63.294  38.084 9.815722
106966  49.553  -63.449  38.630 10.133563
106967  48.883  -63.795  38.851 9.906310
106968  48.185  -64.045  39.054 9.669070
106969  45.607  -64.680  41.554 9.947268
106970  45.853  -64.588  40.879 9.704903
106971  45.061  -64.836  41.170 9.447873
106972  44.471  -64.893  40.718 8.979917
106973  43.839  -64.949  40.288 8.554774
106974  43.264  -65.151  39.844 8.179916
106975  43.172  -65.396  40.423 8.398786
106976  42.622  -66.048  40.627 8.276555
106977  42.231  -66.793  40.889 8.188014
106981  45.504  -57.195  43.831 8.460261
106982  45.523  -57.672  44.253 8.945386
106983  43.934  -59.343  44.749 9.871424
106984  44.441  -59.094  44.801 9.925014
106985  44.322  -59.523  45.204 10.239416
106986  44.701  -59.718  45.582 10.604216
106987  45.141  -60.019  45.931 10.961166
106988  45.624  -60.304  46.215 11.304853
106989  45.027  -60.465  46.196 11.206040
106990  44.985  -60.970  46.363 11.381321
106991  44.885  -61.555  46.501 11.483787
106992  41.100  -61.621  44.245 8.100707
106993  41.516  -61.172  44.223 8.407477
106994  41.357  -61.740  44.564 8.468754
106995  41.618  -61.858  44.916 8.837623
106996  41.887  -61.952  45.196 9.198872
106997  42.249  -64.331  46.255 9.708759
106998  42.274  -63.610  45.975 9.796915
106999  42.623  -63.792  46.177 10.021009
107000  42.968  -63.398  46.210 10.322453
107001  43.398  -63.141  46.307 10.617129
107002  43.863  -62.966  46.431 10.907309
107003  43.754  -63.529  46.503 10.779468
107004  44.167  -63.905  46.611 10.891893
107005  44.499  -64.275  46.439 10.953234
107006  44.763  -64.551  46.060 10.964170
107007  44.372  -64.820  46.239 10.679565
107008  44.037  -65.398  45.886 10.373219
107009  43.717  -66.025  45.606 10.046997
107010  42.110  -68.340  46.046 8.835194
107011  42.434  -67.954  45.767 9.025494
107012  42.143  -68.463  45.476 8.766220
107013  42.044  -68.524  44.688 8.667674
107014  41.988  -68.522  43.896 8.545945
107015  41.937  -68.463  43.112 8.406875
107016  41.800  -68.976  43.494 8.336564
107017  41.765  -69.442  42.996 8.168869
107018  41.794  -69.909  42.400 8.042207
107159  52.714  -53.908  43.478 9.079783
107160  52.362  -53.335  43.469 8.782971
107161  52.763  -53.558  43.170 9.009848
107162  52.754  -53.194  42.895 8.925348
107163  52.723  -52.787  42.648 8.821415
107164  52.696  -52.342  42.399 8.695056
107165  53.231  -52.921  42.522 8.968175
107166  53.675  -53.061  42.357 9.081147
107167  54.044  -53.155  42.159 9.161461
107168  54.358  -53.177  41.798 9.210246
107169  54.334  -53.551  41.931 9.399057
107170  54.464  -53.880  41.717 9.619830
107171  54.554  -54.239  41.469 9.821237
107172  53.556  -55.866  40.561 10.688734
107173  53.860  -55.624  40.691 10.516130
107174  53.542  -55.793  39.978 10.667140
107175  53.562  -55.709  39.419 10.596784
107176  53.583  -55.668  38.800 10.475679
107177  53.691  -55.624  38.269 10.302715
107178  53.260  -55.860  38.098 10.528571
107179  52.824  -55.994  37.481 10.553665
112405  49.199  -57.006  35.603 9.942951
112406  48.986  -56.710  35.068 9.470281
112407  48.768  -57.325  35.142 9.657605
112408  48.463  -57.652  34.706 9.303333
112409  48.230  -57.993  34.276 8.880901
115830  55.063  -54.564  38.681 9.403647
115831  55.466  -54.216  38.609 9.174972
115832  55.344  -54.634  38.017 9.153303
115833  55.575  -54.624  37.124 8.862979
115834  55.765  -54.595  36.192 8.537228
115835  54.808  -54.856  35.726 8.640268
115836  55.292  -54.708  35.516 8.409328
115837  55.707  -54.566  35.313 8.182289
116417  49.353  -56.349  44.807 8.142857
116418  49.507  -56.721  44.874 8.690999
116419  49.033  -56.581  44.939 8.397871
116420  48.832  -56.821  45.085 8.674143
116421  48.601  -57.002  45.275 8.964080
116422  47.857  -56.297  45.017 8.091769
116423  48.136  -56.693  45.216 8.668060
116424  48.414  -57.164  45.438 9.258830
116425  48.232  -57.402  45.599 9.548664
116426  47.939  -57.770  45.802 9.823364
116427  47.571  -58.191  45.962 10.072845
122213  52.414  -56.552  38.862 11.179614
122214  51.863  -56.723  38.351 11.296581
122215  51.921  -56.812  38.807 11.359574
122216  51.459  -57.106  38.790 11.525953
122217  51.158  -57.521  38.867 11.674630
122218  51.711  -57.300  39.837 11.504147
122219  51.336  -57.688  39.368 11.679180
122220  50.989  -57.979  38.986 11.802112
122221  50.901  -58.428  39.129 11.906114
122222  50.858  -58.839  39.354 11.986034
122223  50.930  -59.309  39.528 12.042768
122224  49.999  -60.176  44.026 12.468106
122225  50.210  -60.155  43.355 12.497154
122226  49.942  -60.526  43.558 12.652315
122227  49.861  -61.042  43.104 12.729455
122228  49.766  -61.484  42.623 12.694186
122229  49.076  -61.736  43.456 12.768927
122230  49.388  -61.821  42.814 12.679853
122231  49.703  -61.898  42.212 12.546406
122232  49.589  -62.321  41.763 12.291939
122233  49.415  -62.736  41.290 11.942198
122234  49.136  -63.105  40.908 11.513705
122235  48.755  -63.428  40.484 11.026281
122236  48.470  -63.387  41.089 11.289704
122237  47.701  -63.740  41.332 11.032801
122238  46.910  -64.102  41.615 10.752988
122239  47.149  -63.766  42.704 11.461993
122240  46.639  -64.181  42.321 10.974670
122241  46.128  -64.453  41.913 10.462559
122242  45.391  -64.777  42.179 10.174458
122243  44.678  -65.072  42.304 9.900370
122244  44.031  -65.404  42.475 9.649176
122245  43.805  -57.369  42.511 8.167354
122246  44.216  -57.568  43.009 8.453778
122247  43.779  -57.784  42.920 8.528863
122248  43.699  -58.237  43.342 8.878444
122249  43.622  -58.696  43.768 9.206341
122250  42.803  -58.752  43.181 8.794144
122251  43.156  -58.936  43.699 9.144197
122252  43.481  -59.151  44.174 9.504853
122253  43.452  -59.540  44.689 9.767786
122254  43.385  -59.921  45.081 9.991008
122255  43.401  -60.323  45.407 10.171794
122256  40.620  -64.089  45.405 8.162245
122257  41.120  -63.615  45.385 8.536012
122258  40.904  -64.294  45.634 8.511116
122259  41.224  -64.454  45.844 8.836380
122260  41.516  -64.684  46.030 9.128890
122261  40.717  -65.660  46.462 8.659297
122262  41.277  -65.278  46.364 9.032084
122263  41.797  -64.841  46.314 9.380773
122264  42.147  -65.051  46.557 9.585260
122265  42.575  -65.218  46.740 9.737885
122266  42.942  -65.520  46.885 9.836047
122267  43.271  -65.919  46.918 9.879538
122268  42.847  -66.234  47.018 9.613210
122269  42.601  -66.894  46.882 9.371790
122270  42.331  -67.559  46.760 9.120467
122271  41.488  -67.741  47.256 8.806496
122272  41.815  -67.973  46.962 8.860183
122273  42.011  -68.173  46.534 8.868364
122274  41.693  -68.783  46.232 8.624114
122275  41.394  -69.370  45.936 8.395643
122276  41.228  -69.938  45.435 8.189183
122277  41.117  -70.459  44.864 8.009224
122384  51.560  -54.100  44.176 8.275204
122385  52.003  -54.156  43.974 8.588502
122386  52.396  -54.309  43.681 8.878659
122387  52.607  -55.093  43.733 9.265694
122388  52.706  -54.756  43.580 9.200865
122389  52.740  -54.386  43.466 9.141247
122390  53.029  -54.443  43.265 9.372666
122391  53.358  -54.452  43.000 9.570440
122392  53.671  -54.491  42.671 9.732565
122393  53.967  -54.540  42.345 9.857695
122394  53.782  -54.836  42.418 9.983698
122395  53.785  -55.203  42.129 10.223882
122396  53.643  -55.583  41.675 10.451414
122397  53.258  -55.829  42.066 10.486502
122398  53.382  -55.859  41.559 10.595584
122399  53.473  -55.853  41.092 10.663962
122400  53.228  -56.106  40.342 10.858616
122401  52.836  -56.317  39.510 11.031904
126466  49.434  -59.363  35.365 10.200246
126467  49.133  -59.130  34.900 9.815238
126468  49.467  -59.622  34.778 9.719349
126469  49.478  -59.925  34.226 9.175363
126470  49.513  -60.240  33.649 8.587512
126471  50.288  -60.742  34.067 8.765654
126472  49.956  -60.614  33.521 8.383765
130350  54.060  -51.637  40.968 8.277478
130351  54.035  -51.261  40.608 8.012757
130352  54.532  -51.730  40.871 8.249606
130353  54.973  -51.794  40.514 8.201862
130354  55.462  -51.837  40.109 8.132891
130355  55.655  -52.551  40.033 8.590561
130356  55.789  -52.209  39.830 8.319682
130357  55.869  -51.848  39.644 8.040321
130361  55.838  -53.909  38.502 8.941449
130362  56.141  -53.671  38.236 8.701580
130363  56.353  -53.339  37.982 8.454087
130364  56.457  -53.800  36.687 8.160088
130365  56.533  -53.424  37.258 8.201696
130366  56.561  -53.082  37.777 8.198284
131945  52.112  -56.896  43.058 10.349232
131946  52.009  -57.235  42.597 10.727072
131947  51.906  -57.270  43.074 10.525833
131948  51.660  -57.627  43.087 10.724691
131949  51.346  -57.971  43.234 10.944532
131950  51.217  -57.567  43.910 10.293710
131951  51.107  -57.965  43.663 10.754266
131952  51.043  -58.324  43.457 11.182531
131953  50.794  -58.683  43.739 11.433853
131954  50.589  -59.012  44.123 11.691477
131955  50.337  -59.417  44.275 11.946228
131956  49.662  -57.103  44.944 9.251714
131957  49.863  -57.609  45.042 9.814320
131958  50.036  -58.119  45.085 10.366508
131959  49.427  -58.130  45.623 10.413805
131960  49.788  -58.352  45.401 10.665968
131961  50.202  -58.585  45.116 10.894904
131962  50.163  -58.928  44.995 11.384693
131963  50.135  -59.328  44.783 11.820448
131964  50.055  -59.783  44.455 12.186512
131965  49.767  -60.116  44.627 12.399146
131966  49.439  -60.461  44.777 12.570206
131967  49.038  -60.851  44.899 12.686970
131968  48.918  -60.355  45.604 12.299347
131969  48.782  -60.761  45.369 12.572117
131970  48.649  -61.112  45.062 12.739270
131971  48.176  -61.481  45.219 12.721668
131972  47.652  -61.887  45.354 12.634362
131973  47.077  -62.318  45.551 12.483038
132109  51.506  -54.902  44.403 8.355113
132110  51.815  -55.346  44.342 8.748564
132111  51.259  -55.700  44.489 8.529570
132112  51.680  -55.752  44.373 8.845489
132113  51.965  -55.766  44.152 9.149355
132114  52.047  -56.173  43.919 9.553308
132115  52.127  -56.489  43.597 9.955452
135793  50.398  -62.773  35.767 8.503633
135794  50.372  -62.637  35.061 8.168033
147293  51.965  -55.053  35.285 9.092401
147294  51.225  -55.076  34.969 8.912432
147295  51.298  -55.361  35.430 9.371379
147296  50.644  -55.692  35.625 9.650599
147297  50.052  -56.112  35.759 9.919389
147298  50.774  -56.141  36.392 10.441422
147299  50.123  -56.308  36.131 10.327292
147300  49.627  -56.625  35.872 10.163824
147301  49.404  -57.212  35.957 10.368030
147302  49.317  -57.803  35.924 10.516572
147303  49.306  -58.323  35.915 10.597322
147304  51.244  -56.801  37.896 11.376522
147305  50.721  -57.048  37.541 11.411836
147306  50.268  -57.298  37.274 11.393606
147307  50.358  -58.024  37.748 11.673906
147308  50.197  -57.801  37.399 11.517497
147309  49.983  -57.666  37.023 11.312338
147310  49.741  -58.054  36.719 11.158360
147311  49.524  -58.453  36.323 10.923931
147312  49.422  -58.911  35.883 10.604247
147313  49.680  -59.457  35.823 10.538582
147314  50.053  -59.926  35.734 10.408706
147315  50.462  -60.424  35.618 10.228124
147316  50.475  -60.256  36.769 10.952550
147317  50.679  -60.585  36.141 10.515885
147318  50.760  -60.832  35.679 10.012508
147319  50.978  -61.250  35.674 9.777060
147320  51.064  -61.695  35.750 9.534312
147321  50.989  -62.147  35.954 9.293400
147322  51.844  -57.568  42.106 11.079859
147323  51.545  -57.895  41.581 11.397622
147324  51.278  -58.231  41.117 11.669351
147325  51.048  -58.727  41.959 11.764471
147326  51.083  -58.656  41.333 11.833799
147327  51.103  -58.500  40.789 11.883601
147328  51.016  -58.878  40.414 12.029528
147329  51.009  -59.266  40.102 12.097083
147330  51.052  -59.768  39.636 12.078172
147331  50.422  -60.234  42.733 12.490542
147332  50.608  -60.258  42.106 12.453324
147333  50.750  -60.203  41.505 12.390748
147334  50.658  -61.053  41.211 12.406068
147335  50.782  -60.579  41.116 12.368948
147336  50.928  -60.170  40.890 12.307587
147337  51.060  -60.155  40.347 12.207733
147338  51.125  -60.156  39.755 12.094016
147339  51.162  -60.179  39.175 11.967760
147340  51.155  -60.534  38.861 11.764309
147341  51.141  -60.971  38.457 11.470940
147342  51.133  -61.367  37.921 11.095607
147343  51.019  -61.737  38.631 11.193016
147344  51.152  -61.678  38.072 10.924628
147345  51.123  -61.641  37.425 10.650273
147346  51.077  -61.951  36.975 10.150670
147347  50.961  -62.266  36.571 9.614429
147348  50.758  -62.566  36.180 9.059743
147349  50.374  -62.891  36.349 8.836108
147350  49.858  -63.169  36.565 8.623136
147351  49.201  -63.441  36.798 8.420602
147352  49.454  -63.494  37.732 9.274263
147353  48.998  -63.627  37.365 8.740746
147354  48.438  -63.685  37.014 8.228765
147355  47.628  -63.810  37.185 8.048292
147358  48.344  -63.793  40.023 10.501818
147359  47.873  -64.031  39.655 9.962000
147360  47.377  -64.151  39.321 9.426474
147361  46.156  -64.417  40.220 9.450291
147362  46.507  -64.257  39.584 9.185566
147363  46.828  -64.125  38.977 8.912043
147364  46.215  -64.091  38.600 8.431537
147378  46.619  -56.405  44.575 8.063368
147379  46.018  -56.530  43.984 8.030210
147380  46.449  -56.711  44.401 8.316953
147381  46.865  -56.883  44.807 8.617382
147382  47.033  -57.415  45.197 9.182394
147383  47.108  -57.946  45.639 9.744156
147384  47.212  -58.451  46.010 10.287257
147385  44.629  -57.718  43.587 8.760706
147386  45.136  -57.924  44.149 9.084212
147387  45.566  -58.159  44.689 9.420204
147388  45.007  -58.912  44.957 9.925189
147389  45.531  -58.664  45.117 9.871045
147390  45.956  -58.372  45.207 9.764381
147391  46.385  -58.570  45.621 10.112100
147392  46.815  -58.764  45.985 10.458066
147393  47.286  -58.975  46.180 10.796126
147394  47.317  -59.549  46.292 11.255137
147395  47.283  -60.160  46.355 11.649494
147396  47.218  -60.645  46.353 11.965775
147397  46.163  -60.597  46.420 11.629227
147398  46.654  -60.912  46.432 11.927631
147399  47.067  -61.160  46.327 12.192878
147400  46.870  -61.687  46.147 12.322612
147401  46.677  -62.227  46.026 12.350922
147402  46.469  -62.740  45.863 12.278232
147403  41.754  -59.672  43.049 8.131737
147404  42.095  -59.827  43.541 8.479057
147405  42.377  -59.996  44.013 8.841587
147406  41.937  -60.777  44.249 8.696440
147407  42.384  -60.447  44.298 8.965791
147408  42.569  -60.220  44.506 9.212404
147409  42.799  -60.385  44.954 9.584690
147410  43.092  -60.565  45.343 9.952040
147411  43.389  -60.784  45.646 10.308565
147412  41.473  -63.084  45.396 8.890205
147413  41.775  -62.538  45.405 9.225729
147414  42.144  -62.075  45.431 9.543920
147415  42.327  -62.956  45.752 9.849006
147416  42.452  -62.293  45.633 9.865114
147417  42.597  -61.668  45.539 9.845945
147418  42.988  -61.428  45.700 10.131932
147419  43.360  -61.223  45.822 10.400631
147420  43.696  -61.032  45.931 10.648396
147421  44.040  -61.343  46.249 10.966030
147422  44.408  -61.709  46.477 11.255939
147423  44.792  -62.143  46.618 11.512647
147424  44.295  -62.823  46.550 11.192508
147425  44.726  -62.677  46.601 11.469278
147426  45.210  -62.528  46.562 11.730865
147427  45.625  -62.855  46.399 11.905725
147428  45.963  -63.071  46.120 12.032965
147429  46.291  -63.209  45.637 12.109591
147430  46.093  -63.681  45.384 11.854517
147431  45.786  -64.096  44.888 11.526967
147432  45.439  -64.554  44.401 11.143731
147433  44.840  -64.778  45.353 10.926879
147434  44.932  -64.930  44.636 10.845045
147435  44.986  -65.004  43.951 10.723389
147436  44.476  -65.295  43.521 10.285213
147437  43.947  -65.505  43.092 9.847402
147438  43.435  -65.861  42.687 9.426257
147439  43.370  -66.208  46.511 9.870638
147440  43.390  -66.457  46.049 9.813535
147441  43.281  -66.564  45.303 9.714080
147442  42.666  -67.570  45.362 9.205794
147443  42.879  -67.044  44.987 9.387053
147444  43.194  -66.612  44.498 9.579348
147445  43.106  -66.517  43.704 9.416670
147446  42.983  -66.417  42.963 9.233120
147447  42.936  -66.235  42.265 9.035206
147448  42.570  -66.678  41.944 8.684525
147449  42.235  -67.113  41.615 8.381451
147450  41.984  -67.559  41.209 8.129858
147451  41.900  -68.413  42.325 8.255702
147452  41.795  -68.263  41.582 8.096102
147728  53.196  -51.184  40.728 8.031226
147741  51.856  -52.851  43.325 8.482454
147742  51.405  -52.425  42.972 8.178461
147749  52.036  -51.350  41.247 8.092611
147750  52.576  -52.076  42.005 8.545147
147751  52.508  -51.806  41.563 8.372371
147752  52.489  -51.481  41.121 8.179342
147753  52.932  -51.558  41.110 8.238748
147754  53.353  -51.591  41.125 8.273379
147755  53.691  -51.590  41.053 8.285670
147756  54.170  -52.025  41.251 8.532916
147757  54.622  -52.496  41.241 8.767217
147758  54.937  -52.867  40.982 8.982782
147759  54.613  -53.195  41.503 9.228438
147760  54.864  -53.202  41.180 9.216475
147761  55.101  -53.210  40.738 9.173891
147762  55.193  -53.568  40.464 9.335602
147763  55.218  -53.875  40.211 9.463833
147764  55.089  -54.149  39.809 9.556022
147765  54.166  -54.573  42.001 9.944840
147766  54.350  -54.573  41.601 9.992966
147767  54.488  -54.584  41.188 10.001182
147768  54.154  -55.251  40.782 10.339742
147769  54.402  -54.894  40.861 10.157791
147770  54.624  -54.557  40.835 9.968230
147771  54.723  -54.511  40.407 9.892965
147772  54.764  -54.404  39.912 9.774104
147773  54.905  -54.463  39.325 9.611002
147774  54.718  -54.883  38.735 9.629175
147775  54.601  -55.226  37.955 9.612185
147776  54.296  -55.421  37.225 9.562740
147777  53.812  -55.615  37.678 10.078202
147778  53.819  -55.562  37.159 9.803929
147779  53.809  -55.440  36.615 9.483665
147780  53.220  -55.309  36.068 9.377835
147781  52.639  -55.148  35.678 9.247202
158254  50.469  -55.095  34.637 8.704662
158255  49.817  -55.271  34.336 8.465017
158256  49.229  -55.576  34.026 8.188931
158257  48.827  -56.445  34.617 8.959322
158258  48.743  -56.190  34.173 8.422213
158263  48.739  -58.893  34.508 9.383551
158264  48.387  -58.584  34.115 8.908509
158265  48.120  -58.332  33.781 8.397297
