#!ascii label  , from subject fsaverage vox2ras=TkReg coords=white
828
40  36.324  -71.575  -12.338 8.924626
446  29.193  -85.487  -12.419 10.673429
617  17.066  -91.986  -8.896 8.046587
618  24.741  -83.164  -9.226 9.410813
983  27.605  -90.716  -12.143 8.965804
1379  19.865  -86.754  -8.867 9.294333
2000  34.078  -79.817  -10.914 10.822114
2488  24.215  -89.938  -7.352 10.614759
2489  26.344  -85.025  -9.708 11.672119
2490  32.486  -77.548  -8.480 11.078693
2498  30.506  -76.189  -8.760 8.960924
2499  33.233  -70.827  -13.768 8.844529
2749  37.397  -73.584  -13.366 8.463188
4384  30.684  -85.824  -13.620 9.050467
4386  32.291  -83.385  -13.372 9.385602
4387  34.748  -80.708  -12.220 9.621737
4388  31.348  -83.105  -11.779 10.888836
5574  22.900  -92.418  -9.250 9.147768
5575  20.518  -91.246  -7.705 9.218463
5576  22.732  -85.156  -10.501 9.422626
5577  23.421  -86.459  -8.437 10.619459
5578  25.305  -84.214  -9.305 10.817671
5579  29.150  -82.271  -9.109 11.609416
5580  28.143  -81.525  -7.948 10.719475
5601  30.634  -72.610  -10.525 8.491397
5602  32.006  -73.210  -11.440 9.418282
5603  31.088  -70.235  -13.408 8.342958
6376  29.651  -88.235  -13.478 8.498055
6377  28.479  -87.800  -11.790 10.142416
7088  14.522  -90.133  -8.971 8.030128
7089  17.412  -89.289  -7.968 8.872382
7090  17.033  -87.687  -10.462 8.398583
7091  20.380  -85.669  -11.621 8.390692
7092  22.511  -83.441  -11.093 8.209251
8581  35.964  -77.406  -12.588 9.413311
8582  35.205  -75.407  -11.693 10.168616
10018  24.794  -93.257  -11.379 8.432507
10019  26.184  -90.601  -9.783 10.217335
10020  27.226  -87.555  -9.827 11.279207
10021  21.550  -88.716  -6.840 10.146426
10022  25.435  -87.259  -8.123 11.385883
10023  27.700  -85.310  -10.973 11.658584
10024  30.392  -82.826  -10.560 11.678349
10025  33.451  -78.606  -9.679 11.286938
10026  34.383  -74.007  -10.865 10.346205
10047  23.964  -81.397  -9.258 8.064504
10049  26.727  -78.835  -7.743 8.004632
10050  28.062  -80.068  -8.080 9.266055
10051  31.845  -76.833  -8.874 10.228443
10052  33.319  -73.318  -11.015 10.095765
10053  34.765  -70.989  -12.899 9.026491
10429  37.053  -72.579  -12.606 8.749639
10431  37.654  -70.546  -12.351 8.022703
10433  36.627  -70.212  -12.543 8.182494
12064  29.823  -85.723  -13.071 9.902778
12065  31.313  -84.806  -13.575 9.226930
12066  30.587  -84.759  -12.959 10.068257
12067  31.602  -83.438  -12.535 10.202264
12068  30.011  -84.553  -12.379 10.805027
13254  20.260  -92.250  -9.028 8.566115
13255  18.833  -91.782  -8.303 8.569307
13256  23.688  -84.220  -10.182 9.430615
13257  24.082  -84.899  -9.883 10.124526
13258  25.057  -83.671  -9.225 10.152859
13259  26.470  -83.035  -8.456 10.814270
13260  26.210  -82.532  -8.373 10.124031
13280  30.382  -72.230  -9.864 8.114164
13281  30.593  -70.903  -11.420 8.160501
13282  30.899  -71.412  -12.057 8.532763
13283  30.665  -69.668  -12.986 8.019536
14464  28.233  -90.658  -13.343 8.222285
14465  29.327  -89.472  -13.794 8.058615
14466  28.681  -89.353  -12.895 8.846029
14467  29.018  -88.051  -12.637 9.334409
14468  28.051  -89.331  -11.811 9.642455
15654  15.516  -88.744  -9.765 8.263707
15655  15.892  -88.160  -10.787 8.095807
15657  19.274  -86.139  -12.361 8.094798
15659  21.616  -84.528  -11.767 8.304955
18918  36.900  -79.480  -12.794 8.005629
18919  34.334  -80.431  -11.438 10.310087
18920  35.520  -79.005  -12.145 9.602820
18921  35.197  -78.570  -11.577 10.182960
18922  35.488  -76.651  -12.164 9.874990
18923  34.728  -77.662  -11.290 10.581640
22481  23.571  -91.178  -8.066 9.963737
22482  24.572  -91.671  -9.263 9.780960
22483  25.330  -90.307  -8.503 10.543475
22484  26.861  -88.946  -9.529 10.854658
22485  26.023  -88.837  -8.255 11.102781
22486  18.306  -87.795  -8.326 9.132368
22487  19.327  -88.935  -7.190 9.464355
22488  20.292  -87.641  -7.524 9.741024
22489  24.993  -85.898  -9.134 11.247210
22490  24.323  -87.028  -8.005 11.083391
22491  25.595  -86.258  -9.107 11.572824
22492  26.491  -86.326  -9.561 11.679097
22493  26.941  -85.204  -10.225 11.787049
22494  28.665  -84.245  -11.111 11.707139
22495  28.105  -84.011  -10.305 11.812933
22496  31.064  -80.209  -8.466 11.408928
22497  31.674  -80.506  -9.243 11.573174
22498  33.027  -77.872  -9.018 11.262915
22499  34.065  -76.010  -9.912 10.881066
22500  33.811  -75.428  -9.499 10.820937
22557  30.033  -75.872  -8.387 8.389904
22559  29.100  -77.772  -8.128 8.480560
22560  27.354  -79.540  -8.022 8.557144
22561  29.549  -78.255  -8.230 9.132753
22562  30.299  -78.627  -8.324 9.851590
22563  31.290  -76.522  -9.146 9.609512
22564  32.397  -72.049  -12.762 9.252949
22565  32.767  -73.232  -11.293 9.810396
22566  33.174  -72.150  -12.535 9.497102
22567  33.924  -72.209  -12.247 9.648566
22568  34.069  -70.890  -13.351 8.973226
22569  34.957  -69.782  -13.565 8.292053
22570  34.354  -69.580  -14.122 8.246947
23379  37.707  -74.338  -14.091 8.041615
23657  27.094  -91.877  -12.788 8.169206
26322  31.980  -85.986  -13.913 8.200210
26324  32.512  -84.996  -13.804 8.360242
26325  33.220  -83.721  -13.669 8.511993
26326  34.420  -82.545  -13.194 8.666365
26327  35.422  -81.083  -12.661 8.800422
26328  33.438  -82.226  -12.770 9.528985
26329  32.888  -82.029  -11.944 10.297241
26330  32.882  -81.647  -11.150 10.909298
28464  22.158  -93.458  -10.504 8.238877
28465  21.431  -92.842  -9.675 8.462844
28466  21.909  -91.776  -8.312 9.258083
28467  22.323  -90.678  -7.245 9.937454
28468  21.396  -86.053  -9.631 9.382655
28469  21.599  -86.739  -8.255 9.927423
28470  22.891  -85.932  -9.386 10.049829
28471  24.453  -85.466  -9.434 10.748606
28472  25.778  -84.634  -9.527 11.338493
28473  27.532  -83.746  -9.744 11.689763
28474  27.042  -83.380  -9.010 11.350284
28475  28.668  -81.879  -8.430 11.261846
28476  30.466  -79.811  -8.110 11.055782
28512  30.312  -74.022  -9.029 8.274718
28513  30.778  -74.209  -9.614 8.750490
28514  31.471  -74.482  -10.036 9.309502
28515  31.290  -72.923  -11.064 8.954521
28516  31.442  -71.731  -12.521 8.919705
28517  32.095  -70.632  -13.761 8.631628
28518  33.400  -69.529  -14.367 8.125248
30237  30.216  -86.881  -13.463 8.822025
30238  29.385  -86.693  -12.820 9.674949
30239  28.785  -86.442  -12.229 10.470016
31898  15.435  -91.365  -8.367 8.060070
31899  17.037  -90.837  -8.029 8.504610
31900  15.690  -89.695  -8.639 8.398983
31901  16.740  -88.205  -9.323 8.643192
31902  18.220  -87.028  -9.699 8.783943
31903  17.534  -87.341  -11.552 8.141257
31904  18.729  -86.678  -10.988 8.433392
31905  19.895  -86.106  -10.198 8.836470
31906  21.528  -85.286  -10.960 8.828703
31907  22.593  -84.280  -10.899 8.789165
31908  23.432  -83.370  -9.951 8.737583
36003  36.111  -79.377  -12.706 8.860113
36004  36.471  -77.764  -13.099 8.779056
36005  36.818  -76.197  -13.695 8.508113
36006  36.478  -75.553  -13.155 9.026768
36007  36.122  -74.501  -12.605 9.384752
36008  35.771  -73.268  -12.108 9.601680
40290  26.227  -91.910  -11.549 8.818726
40291  23.774  -92.835  -10.234 8.866520
40292  25.531  -91.974  -10.549 9.383810
40293  26.913  -90.610  -11.039 9.664839
40294  27.544  -89.270  -10.755 10.345515
40295  27.969  -87.793  -10.973 10.820881
40296  28.091  -86.436  -11.341 11.113476
40297  18.818  -90.440  -7.396 9.074365
40298  20.894  -90.015  -7.032 9.749944
40299  22.884  -89.480  -6.838 10.460531
40300  22.449  -87.450  -7.400 10.426170
40301  23.591  -88.157  -7.061 10.831907
40302  24.864  -88.534  -7.342 11.080435
40303  26.393  -87.561  -8.672 11.466438
40304  27.368  -86.396  -10.431 11.528652
40305  28.486  -85.228  -11.680 11.279043
40306  29.356  -84.302  -11.742 11.366274
40307  30.907  -82.849  -11.207 11.390009
40308  32.518  -81.411  -10.602 11.329212
40309  29.787  -82.653  -9.909 11.749877
40310  32.203  -81.073  -9.946 11.548452
40311  33.773  -79.347  -10.409 11.144798
40312  34.424  -76.859  -10.628 10.807228
40313  34.817  -74.414  -11.039 10.317101
40314  35.165  -72.632  -11.784 9.704683
40376  23.219  -82.330  -10.180 8.125880
40377  24.421  -82.231  -9.125 8.682612
40384  25.033  -80.355  -8.429 8.025464
40385  25.679  -81.082  -8.350 8.623566
40386  26.184  -81.730  -8.388 9.358167
40387  28.052  -80.841  -7.982 10.025241
40388  30.294  -79.187  -8.099 10.522344
40389  32.270  -77.038  -8.397 10.731812
40390  32.213  -74.761  -10.226 9.855099
40391  32.910  -74.706  -9.728 10.308393
40392  33.445  -74.848  -9.425 10.631686
40393  33.898  -73.494  -10.922 10.271955
40394  34.590  -72.285  -12.013 9.716728
40395  35.537  -71.250  -12.595 9.011647
40396  35.718  -69.933  -13.007 8.269755
41149  36.652  -72.067  -12.353 8.849498
41150  37.428  -71.582  -12.369 8.394475
41151  36.918  -71.108  -12.331 8.487904
41152  37.103  -70.314  -12.394 8.112518
41153  36.485  -70.891  -12.403 8.559422
42784  29.518  -85.634  -12.768 10.303790
42785  30.171  -85.288  -13.061 9.990632
42786  29.927  -85.234  -12.728 10.384995
42787  30.285  -84.655  -12.639 10.454598
42788  29.562  -85.034  -12.412 10.745803
43973  17.939  -92.379  -9.219 8.021388
43974  18.734  -92.194  -8.937 8.282236
43975  17.978  -91.909  -8.613 8.290551
43976  24.187  -83.700  -9.721 9.424402
43977  24.376  -84.018  -9.696 9.789364
43978  24.900  -83.490  -9.255 9.786238
43979  25.606  -83.121  -8.780 10.146487
43980  25.446  -82.922  -8.777 9.771634
44000  30.589  -70.571  -11.126 8.003814
44002  30.637  -70.386  -12.215 8.116548
45184  27.932  -90.698  -12.841 8.593207
45185  28.488  -90.037  -13.109 8.547995
45186  28.125  -90.096  -12.557 8.938159
45187  28.333  -89.389  -12.346 9.249217
45188  27.846  -90.037  -11.950 9.324032
46374  15.069  -88.604  -10.497 8.035047
49639  34.224  -80.137  -11.063 10.589620
49640  34.845  -79.530  -11.358 10.267347
49641  34.626  -79.120  -11.196 10.518562
49642  34.912  -78.117  -11.447 10.404965
49643  34.426  -78.830  -11.080 10.723076
53201  23.897  -90.570  -7.628 10.312432
53202  24.471  -90.778  -8.166 10.278990
53203  24.793  -90.131  -7.884 10.610331
53204  25.669  -89.597  -8.305 10.849270
53205  25.123  -89.439  -7.734 10.891556
53206  19.048  -87.157  -8.599 9.224252
53207  19.254  -87.692  -7.842 9.422982
53208  19.992  -87.170  -8.139 9.520625
53209  25.610  -85.555  -9.506 11.492173
53210  25.305  -86.141  -9.093 11.434554
53211  25.870  -85.699  -9.476 11.632427
53212  26.176  -85.824  -9.632 11.717840
53213  26.574  -85.172  -9.952 11.758677
53214  27.464  -84.610  -10.372 11.810105
53215  27.145  -84.473  -10.127 11.779494
53216  31.843  -78.881  -8.404 11.259695
53217  32.162  -79.031  -8.681 11.369327
53218  32.808  -77.559  -8.706 11.190862
53219  33.468  -76.580  -9.178 11.057290
53220  33.281  -76.365  -8.939 10.980949
53277  30.327  -75.973  -8.669 8.659194
53278  29.735  -76.806  -8.230 8.437392
53279  29.957  -77.061  -8.417 8.728563
53280  29.314  -78.018  -8.184 8.791281
53281  30.175  -77.212  -8.464 9.051514
53282  30.462  -77.415  -8.626 9.392934
53283  30.884  -76.301  -9.019 9.282287
53284  32.676  -71.423  -13.358 9.075815
53285  32.821  -72.105  -12.666 9.386969
53286  33.154  -71.528  -13.210 9.177785
53287  33.606  -71.562  -13.045 9.257682
53288  33.739  -70.783  -13.598 8.919031
53289  34.156  -70.252  -13.760 8.617290
53290  33.865  -70.143  -14.000 8.566138
54324  37.597  -73.992  -13.736 8.270437
59229  31.313  -85.851  -13.784 8.620343
59230  32.237  -85.520  -13.855 8.283058
59231  31.469  -85.434  -13.770 8.709441
59232  31.734  -84.173  -13.495 9.307467
59233  32.251  -84.232  -13.644 8.871865
59234  32.732  -83.549  -13.551 8.951149
59235  33.780  -83.118  -13.471 8.589466
59236  33.338  -82.881  -13.338 9.029767
59237  33.912  -82.356  -13.014 9.105022
59238  32.855  -82.756  -13.121 9.460658
59239  31.374  -83.390  -12.208 10.565889
59240  32.209  -82.788  -12.253 10.256630
59241  32.102  -82.618  -11.856 10.604467
59242  32.849  -81.863  -11.525 10.625749
59243  32.109  -82.338  -11.437 10.909338
62799  21.192  -93.303  -10.259 8.046093
62800  20.713  -93.034  -9.983 8.140734
62801  20.367  -91.758  -8.360 8.904883
62802  21.072  -92.012  -8.637 8.903186
62803  21.249  -91.502  -7.974 9.254431
62804  22.109  -91.240  -7.725 9.615867
62805  21.443  -90.958  -7.486 9.574903
62806  22.052  -85.632  -10.156 9.407351
62807  22.140  -85.993  -9.434 9.705068
62808  22.769  -85.574  -9.944 9.740355
62809  24.691  -84.619  -9.562 10.481644
62810  24.245  -85.175  -9.668 10.449057
62811  24.865  -84.803  -9.497 10.791143
62812  25.112  -85.090  -9.458 11.066457
62813  25.582  -84.472  -9.418 11.099247
62814  26.365  -84.043  -9.280 11.355443
62815  26.089  -83.890  -9.091 11.112971
62816  27.262  -82.329  -8.127 10.779365
62817  27.509  -82.529  -8.320 11.072535
62818  28.386  -81.709  -8.072 11.013303
62819  29.571  -80.903  -8.226 11.174094
62820  29.350  -80.801  -8.023 10.925856
62877  30.537  -72.329  -10.179 8.287246
62878  30.319  -73.138  -9.418 8.201867
62879  30.530  -73.198  -9.770 8.399226
62880  30.496  -74.048  -9.366 8.496586
62881  30.750  -73.332  -10.075 8.628167
62882  31.108  -73.527  -10.347 8.878689
62883  30.970  -72.757  -10.790 8.717357
62884  30.939  -70.916  -12.672 8.467883
62885  31.092  -71.645  -12.226 8.729242
62886  31.204  -71.036  -12.956 8.642679
62887  31.681  -71.159  -13.176 8.805842
62888  31.499  -70.436  -13.597 8.495023
62889  32.038  -69.967  -14.083 8.290253
62890  31.472  -69.742  -13.949 8.160040
66432  29.488  -88.874  -13.565 8.292322
66434  30.075  -88.314  -13.819 8.097468
66436  30.349  -87.652  -13.773 8.261952
66437  30.703  -86.958  -13.752 8.401638
66438  29.926  -87.539  -13.439 8.674165
66439  28.690  -87.962  -12.238 9.748183
66440  29.207  -87.355  -12.703 9.521810
66441  28.914  -87.212  -12.315 9.935155
66442  29.039  -86.562  -12.491 10.085642
66443  28.649  -87.077  -11.996 10.325331
69998  14.865  -90.824  -8.560 8.050529
69999  15.404  -90.564  -8.356 8.239704
70000  15.065  -90.017  -8.795 8.203464
70001  16.253  -88.170  -10.147 8.344223
70002  16.092  -88.519  -9.577 8.441901
70003  16.779  -87.904  -9.900 8.522637
70004  17.466  -87.567  -9.506 8.726008
70005  17.579  -87.391  -10.150 8.577491
70007  16.845  -87.638  -11.691 8.016236
70008  17.710  -87.117  -12.163 8.010341
70009  19.884  -85.813  -11.972 8.227831
70010  19.031  -86.452  -11.641 8.261271
70011  19.583  -86.193  -11.303 8.419677
70012  19.236  -86.346  -10.646 8.618014
70013  20.125  -85.927  -10.957 8.610431
70014  20.748  -85.742  -10.575 8.838227
70015  20.869  -85.480  -11.279 8.589797
70016  22.095  -83.991  -11.467 8.256615
70017  22.057  -84.362  -11.308 8.525395
70018  22.510  -83.926  -10.930 8.488389
70019  23.007  -83.867  -10.443 8.764070
70020  22.907  -83.405  -10.489 8.451637
79794  35.108  -80.917  -12.472 9.223927
79795  35.824  -80.216  -12.628 8.843766
79796  35.541  -80.040  -12.388 9.252534
79797  35.736  -78.248  -12.326 9.532096
79798  36.004  -78.388  -12.607 9.206257
79799  36.255  -77.595  -12.821 9.116917
79800  36.624  -77.061  -13.339 8.668855
79801  36.421  -76.795  -13.147 8.977760
79802  36.669  -75.908  -13.460 8.788085
79803  36.205  -76.463  -12.922 9.244463
79804  35.347  -76.076  -11.942 10.041650
79805  35.707  -75.654  -12.384 9.650996
79806  35.642  -74.948  -12.162 9.794404
79807  36.010  -73.803  -12.393 9.509138
79808  35.445  -74.280  -11.926 9.901964
90478  25.350  -93.254  -11.898 8.174536
90479  25.998  -92.562  -11.952 8.361915
90480  25.582  -92.643  -11.462 8.651006
90481  22.514  -92.940  -9.872 8.698870
90482  22.887  -93.216  -10.387 8.557837
90483  23.315  -92.616  -9.698 9.028386
90484  25.441  -91.167  -9.469 10.032285
90485  25.088  -91.843  -9.892 9.607428
90486  25.902  -91.297  -10.167 9.821453
90487  26.250  -91.350  -10.800 9.560004
90488  26.557  -90.621  -10.452 9.965328
90489  27.242  -89.909  -10.814 10.029946
90490  26.903  -89.880  -10.238 10.323803
90491  27.070  -88.197  -9.610 11.092066
90492  27.426  -88.324  -10.281 10.881528
90493  27.627  -87.686  -10.439 11.082043
90494  28.078  -87.140  -11.101 10.986815
90495  27.772  -87.074  -10.642 11.236711
90496  17.114  -90.101  -7.877 8.701674
90497  17.910  -90.699  -7.699 8.774069
90498  18.047  -89.921  -7.548 8.978231
90499  20.419  -88.831  -6.957 9.798085
90500  20.090  -89.507  -6.982 9.615734
90501  21.208  -89.375  -6.844 9.964450
90502  21.881  -89.820  -6.852 10.107625
90503  22.229  -89.135  -6.790 10.318810
90504  22.544  -86.662  -8.257 10.272697
90505  21.974  -87.113  -7.763 10.185116
90506  22.974  -86.963  -7.893 10.531972
90507  24.958  -87.157  -7.992 11.258642
90508  23.948  -87.591  -7.466 10.970333
90509  24.594  -87.712  -7.498 11.134437
90510  24.204  -88.375  -7.121 10.980336
90511  25.139  -87.879  -7.570 11.250634
90512  25.733  -88.057  -7.879 11.310424
90513  25.961  -87.451  -8.265 11.457465
90514  27.078  -85.914  -10.312 11.707291
90515  26.922  -86.440  -9.955 11.637412
90516  27.384  -85.720  -10.744 11.605481
90517  27.891  -85.796  -11.139 11.438380
90518  28.074  -85.271  -11.295 11.499534
90519  28.814  -84.866  -11.777 11.330620
90520  28.401  -84.816  -11.374 11.541183
90521  29.501  -83.569  -10.866 11.703429
90522  29.819  -83.518  -11.170 11.573272
90523  30.730  -82.851  -10.865 11.561441
90524  31.746  -82.161  -10.866 11.372537
90525  31.620  -82.192  -10.577 11.526480
90526  28.332  -83.059  -9.440 11.663378
90527  28.668  -83.212  -9.794 11.755732
90528  29.567  -82.382  -9.482 11.705832
90529  32.728  -79.585  -9.363 11.457443
90530  31.992  -80.739  -9.580 11.584628
90531  32.890  -79.904  -9.770 11.435585
90532  33.110  -80.199  -10.129 11.368526
90533  33.667  -79.008  -10.039 11.237447
90534  34.146  -78.116  -10.494 10.995955
90535  34.058  -77.677  -10.069 11.068523
90536  34.243  -74.953  -10.323 10.627830
90537  34.444  -75.171  -10.468 10.619469
90538  34.572  -74.036  -10.916 10.345297
90539  34.988  -73.433  -11.370 10.023618
90540  34.699  -73.236  -11.408 10.044167
90696  23.592  -81.834  -9.723 8.092275
90697  23.696  -82.362  -9.573 8.384086
90698  24.199  -81.920  -9.162 8.354246
90716  25.824  -79.646  -8.065 8.013116
90717  27.761  -79.824  -8.083 8.898055
90718  26.431  -80.347  -8.157 8.591445
90719  26.812  -80.644  -8.124 8.942064
90720  25.997  -81.382  -8.380 8.979891
90721  27.114  -80.927  -8.143 9.317268
90722  27.136  -81.310  -8.121 9.702843
90723  28.206  -80.449  -8.002 9.646818
90724  31.236  -77.721  -8.563 10.073834
90725  30.294  -78.974  -8.228 10.199622
90726  31.214  -78.046  -8.389 10.386542
90727  31.338  -78.232  -8.263 10.666700
90728  32.069  -76.855  -8.600 10.498174
90729  31.781  -73.837  -10.812 9.397920
90730  31.793  -74.759  -10.257 9.589788
90731  32.153  -73.982  -10.893 9.644079
90732  33.145  -73.208  -11.187 9.967131
90733  32.889  -73.867  -10.517 10.067367
90734  33.244  -73.790  -10.394 10.235618
90735  33.210  -74.766  -9.478 10.487022
90736  33.404  -73.976  -10.224 10.372910
90737  33.716  -74.170  -10.158 10.480003
90738  33.650  -73.417  -10.927 10.196985
90739  34.326  -71.651  -12.627 9.356382
90740  34.236  -72.284  -12.101 9.692598
90741  34.671  -71.652  -12.501 9.377666
90742  35.041  -71.805  -12.428 9.380949
90743  35.187  -71.064  -12.770 9.027539
90744  35.654  -70.596  -12.806 8.645559
90745  35.231  -70.467  -13.000 8.663190
92499  37.226  -73.083  -13.015 8.621871
92500  38.015  -72.519  -13.176 8.130711
92501  37.793  -72.046  -12.794 8.276352
95442  30.257  -85.767  -13.366 9.481381
95443  30.960  -85.347  -13.622 9.142507
95444  30.489  -85.331  -13.405 9.572910
95445  30.850  -84.798  -13.300 9.655678
95446  31.325  -84.100  -13.174 9.733045
95447  31.865  -83.349  -13.010 9.805856
95448  31.065  -84.044  -12.790 10.138716
95449  30.751  -84.030  -12.472 10.514991
95450  30.645  -83.850  -12.101 10.853067
97584  20.165  -92.742  -9.684 8.210342
97585  19.445  -92.460  -9.272 8.256588
97586  19.543  -91.999  -8.626 8.578221
97587  19.630  -91.474  -8.034 8.880391
97588  23.356  -84.660  -10.576 9.430148
97589  23.419  -85.070  -10.176 9.765868
97590  23.920  -84.535  -10.027 9.782245
97591  24.533  -84.282  -9.766 10.144987
97592  25.150  -83.987  -9.229 10.499745
97593  25.820  -83.649  -8.935 10.826270
97594  25.696  -83.368  -8.803 10.501476
97595  26.322  -82.770  -8.355 10.484451
97596  27.026  -82.153  -8.057 10.446763
97631  30.482  -71.300  -10.319 8.007292
97632  30.556  -71.517  -10.619 8.156760
97633  30.624  -71.722  -10.968 8.336780
97634  30.764  -71.997  -11.242 8.538877
97635  30.667  -71.197  -11.721 8.339857
97636  30.733  -70.615  -12.503 8.289379
97637  30.875  -70.044  -13.134 8.181705
97638  31.148  -69.524  -13.754 8.016792
99764  28.770  -90.080  -13.570 8.165723
99765  29.030  -89.408  -13.357 8.445371
99766  29.181  -88.746  -13.185 8.696185
99767  29.356  -88.106  -13.084 8.913845
99768  28.854  -88.669  -12.729 9.109284
99769  28.492  -88.693  -12.245 9.520008
99770  28.229  -88.605  -11.723 9.915643
101904  14.952  -89.420  -9.330 8.158015
101905  14.964  -88.931  -9.933 8.102362
101906  15.706  -88.361  -10.309 8.184233
101907  16.540  -87.951  -10.703 8.240679
101911  20.001  -85.473  -12.528 8.046301
101912  20.621  -85.194  -12.161 8.181433
101913  21.068  -85.067  -11.864 8.350984
101914  21.167  -84.672  -12.155 8.127090
101915  21.648  -84.072  -11.888 8.069478
101916  22.052  -83.468  -11.572 8.012614
107780  37.018  -78.705  -13.173 8.018723
107781  34.613  -80.534  -11.794 9.985928
107782  35.218  -79.906  -12.116 9.630361
107783  35.056  -79.594  -11.707 9.970261
107784  35.350  -78.697  -11.807 9.915193
107785  35.536  -77.829  -12.077 9.814841
107786  35.689  -77.054  -12.406 9.666047
107787  35.362  -77.616  -11.872 10.052720
107788  35.142  -77.095  -11.758 10.245979
107789  34.985  -76.520  -11.493 10.396408
114192  23.891  -93.715  -11.474 8.176648
114193  23.241  -91.788  -8.612 9.572933
114194  23.706  -92.045  -9.161 9.479896
114195  24.095  -91.432  -8.652 9.900086
114196  24.969  -91.002  -8.818 10.185816
114197  25.798  -90.430  -9.119 10.411878
114198  26.574  -89.754  -9.575 10.563051
114199  26.163  -89.642  -8.885 10.739668
114200  26.498  -88.877  -8.903 11.013373
114201  26.725  -88.179  -9.010 11.234541
114202  17.801  -88.527  -8.127 9.015753
114203  18.303  -89.118  -7.537 9.154089
114204  18.690  -88.358  -7.634 9.301743
114205  19.768  -88.250  -7.310 9.615664
114206  20.856  -88.177  -7.064 9.951481
114207  24.257  -86.172  -8.763 10.950561
114208  23.877  -86.709  -8.201 10.867866
114209  24.674  -86.423  -8.662 11.174794
114210  25.083  -86.671  -8.564 11.357430
114211  25.514  -86.748  -8.646 11.491744
114212  26.085  -86.862  -8.726 11.570779
114213  26.015  -86.331  -9.179 11.656094
114214  26.662  -85.747  -9.938 11.744030
114215  27.469  -85.293  -10.546 11.754350
114216  28.125  -84.825  -11.102 11.691936
114217  27.849  -84.744  -10.685 11.781458
114218  28.453  -84.106  -10.661 11.789304
114219  29.251  -83.406  -10.480 11.776750
114220  30.048  -81.348  -8.761 11.525336
114221  30.454  -81.433  -9.146 11.626337
114222  31.359  -80.329  -8.838 11.514588
114223  32.472  -79.301  -9.005 11.435212
114224  33.264  -78.180  -9.345 11.295049
114225  33.867  -77.185  -9.696 11.101731
114226  33.681  -76.822  -9.451 11.097621
114227  33.982  -75.580  -9.678 10.867153
114228  34.184  -74.612  -10.185 10.607008
114329  29.730  -75.689  -8.055 8.163033
114331  29.432  -76.672  -7.911 8.188997
114332  28.878  -77.584  -7.859 8.212234
114333  27.962  -78.413  -7.888 8.234196
114334  27.033  -79.216  -8.030 8.255995
114335  28.243  -78.684  -8.024 8.520300
114336  28.546  -78.929  -8.094 8.847742
114337  28.919  -79.181  -8.135 9.204399
114338  29.217  -79.467  -8.099 9.576063
114339  29.923  -78.486  -8.281 9.491139
114340  30.968  -77.557  -8.687 9.738482
114341  31.655  -76.705  -9.100 9.929054
114342  32.158  -72.591  -12.131 9.369050
114343  32.377  -73.252  -11.453 9.626423
114344  32.574  -72.590  -12.060 9.538903
114345  32.989  -72.696  -11.929 9.683887
114346  33.247  -72.739  -11.793 9.803164
114347  33.575  -72.840  -11.651 9.897388
114348  33.588  -72.227  -12.395 9.583827
114349  33.976  -71.558  -12.842 9.316775
114350  34.419  -70.934  -13.105 9.008619
114351  34.866  -70.390  -13.213 8.664696
114352  34.502  -70.301  -13.467 8.649680
114353  34.628  -69.655  -13.831 8.278405
116638  27.739  -91.246  -13.152 8.223969
116639  27.360  -91.272  -12.443 8.576863
122860  33.513  -84.517  -13.896 8.007571
122861  31.842  -84.876  -13.698 8.791986
122862  32.837  -84.392  -13.781 8.435721
122863  33.862  -83.882  -13.770 8.076831
122864  34.230  -83.237  -13.535 8.148793
122865  34.767  -82.701  -13.232 8.222463
122866  35.302  -82.003  -12.932 8.294703
122867  35.792  -81.177  -12.689 8.360288
122868  34.935  -81.939  -12.809 8.738745
122869  34.518  -81.699  -12.710 9.171968
122870  34.152  -81.469  -12.434 9.585184
122871  32.488  -82.731  -12.707 9.872623
122872  33.085  -82.120  -12.362 9.929257
122873  33.758  -81.429  -12.042 9.969562
122874  33.678  -81.264  -11.639 10.317571
122875  33.596  -81.074  -11.230 10.623138
122876  33.543  -80.774  -10.959 10.882346
127856  21.864  -93.126  -10.041 8.366393
127857  22.159  -92.648  -9.433 8.803155
127858  20.893  -92.544  -9.343 8.528773
127859  21.718  -92.290  -8.964 8.870551
127860  22.449  -92.096  -8.771 9.223760
127861  22.710  -91.504  -8.098 9.617134
127862  22.973  -90.934  -7.567 9.974460
127863  23.257  -90.336  -7.222 10.290229
127864  20.661  -86.413  -9.192 9.346004
127865  20.784  -86.801  -8.468 9.597999
127866  21.472  -86.386  -8.887 9.658449
127867  22.230  -86.322  -8.769 9.995252
127868  23.066  -86.187  -8.822 10.344830
127869  23.555  -85.451  -9.748 10.092690
127870  23.678  -85.702  -9.358 10.403326
127871  23.909  -85.957  -8.948 10.691339
127872  24.685  -85.694  -9.265 11.016590
127873  25.358  -85.313  -9.444 11.301881
127874  26.041  -84.858  -9.670 11.530861
127875  26.892  -84.370  -9.793 11.691788
127876  26.612  -84.200  -9.619 11.549512
127877  27.269  -83.549  -9.415 11.546054
127878  28.052  -82.898  -9.080 11.517616
127879  26.750  -83.260  -8.664 11.104943
127880  27.791  -82.650  -8.727 11.319942
127881  28.915  -82.154  -8.740 11.461190
127882  29.822  -81.212  -8.471 11.374364
127883  30.762  -80.068  -8.274 11.255893
127884  31.549  -78.747  -8.230 11.105807
127964  30.187  -72.905  -9.156 8.043810
127965  30.081  -73.803  -8.696 8.093539
127966  29.890  -74.798  -8.318 8.132139
127967  30.238  -74.935  -8.658 8.336447
127968  30.423  -74.962  -8.972 8.582451
127969  30.735  -75.162  -9.201 8.860833
127970  31.103  -75.193  -9.427 9.159852
127971  31.110  -74.311  -9.891 9.025572
127972  31.421  -73.648  -10.571 9.139239
127973  31.656  -72.956  -11.309 9.191558
127974  31.117  -72.215  -11.565 8.753314
127975  31.352  -72.324  -11.713 8.969423
127976  31.737  -72.404  -12.035 9.177335
127977  31.906  -71.893  -12.711 9.096151
127978  32.210  -71.386  -13.332 8.951403
127979  32.641  -70.746  -13.896 8.748739
127980  33.320  -70.231  -14.104 8.494797
127981  32.736  -70.134  -14.191 8.402693
127982  32.762  -69.423  -14.431 8.033821
132537  31.619  -86.547  -13.926 8.106777
132538  31.070  -86.348  -13.774 8.519535
132539  30.495  -86.286  -13.529 8.945618
132540  29.544  -87.472  -13.053 9.097631
132541  29.755  -86.787  -13.142 9.249981
132542  30.007  -86.248  -13.267 9.375810
132543  29.558  -86.111  -12.971 9.799723
132544  29.240  -86.053  -12.661 10.206165
132545  28.918  -85.931  -12.394 10.583594
137048  16.248  -91.709  -8.580 8.058995
137049  17.032  -91.467  -8.382 8.284544
137050  16.193  -91.064  -8.285 8.267015
137051  16.246  -90.274  -8.229 8.455789
137052  16.468  -89.438  -8.358 8.620999
137053  15.514  -89.198  -9.210 8.334996
137054  16.149  -88.899  -8.983 8.534164
137055  16.921  -88.669  -8.629 8.760091
137056  17.521  -87.963  -8.863 8.872407
137057  18.252  -87.329  -9.077 8.959096
137058  19.041  -86.783  -9.265 9.022411
137060  16.703  -87.819  -11.178 8.131161
137061  17.374  -87.513  -11.018 8.271192
137062  18.398  -86.786  -11.963 8.127983
137063  18.217  -87.011  -11.319 8.277083
137064  17.829  -87.243  -10.718 8.427514
137065  18.371  -86.854  -10.384 8.608311
137066  19.042  -86.547  -9.933 8.819639
137067  19.856  -86.433  -9.543 9.065351
137068  20.641  -86.082  -9.884 9.091575
137069  21.423  -85.715  -10.307 9.104570
137070  22.090  -85.146  -10.773 9.107512
137071  21.494  -84.919  -11.417 8.560209
137072  22.153  -84.680  -11.286 8.811320
137073  22.616  -84.677  -10.842 9.103114
137074  23.085  -84.263  -10.587 9.093237
137075  23.566  -83.808  -10.083 9.079105
137076  24.034  -83.311  -9.591 9.060977
148989  36.197  -80.304  -12.654 8.412391
148990  36.500  -79.418  -12.809 8.442698
148991  36.693  -78.583  -13.060 8.442657
148992  35.803  -79.205  -12.448 9.249303
148993  36.304  -78.523  -12.884 8.841126
148994  36.774  -77.852  -13.372 8.404155
148995  36.884  -77.173  -13.619 8.320586
148996  37.072  -76.386  -13.924 8.188062
148997  37.359  -75.487  -14.266 8.005619
148998  37.217  -75.264  -13.956 8.297703
148999  37.085  -74.911  -13.707 8.550509
149000  36.898  -74.566  -13.317 8.764291
149001  35.925  -76.085  -12.660 9.468519
149002  36.241  -75.038  -12.872 9.224997
149003  36.699  -74.004  -13.067 8.940503
149004  36.580  -73.470  -12.690 9.082060
149005  36.373  -72.908  -12.395 9.191956
149006  36.108  -72.352  -12.253 9.273798
161824  26.360  -92.581  -12.532 8.059839
161825  26.632  -91.894  -12.072 8.498569
161826  26.950  -91.270  -11.792 8.925634
161827  22.477  -93.800  -11.069 8.081852
161828  23.334  -93.487  -10.936 8.382215
161829  24.256  -93.083  -10.847 8.665847
161830  24.178  -92.239  -9.685 9.337325
161831  24.675  -92.425  -10.300 9.147607
161832  25.121  -92.627  -10.931 8.916161
161833  25.879  -92.010  -11.097 9.117650
161834  26.575  -91.301  -11.323 9.257519
161835  27.279  -90.637  -11.573 9.327435
161836  27.574  -89.974  -11.353 9.692460
161837  27.831  -89.302  -11.282 10.012341
161838  28.062  -88.591  -11.295 10.282880
161839  27.237  -89.121  -10.167 10.629670
161840  27.790  -88.519  -10.852 10.608692
161841  28.264  -87.846  -11.388 10.504050
161842  28.365  -87.122  -11.603 10.679731
161843  28.420  -86.458  -11.797 10.816176
161844  28.500  -85.861  -11.957 10.920996
161845  17.942  -91.372  -8.048 8.543479
161846  18.779  -91.141  -7.772 8.835080
161847  19.694  -90.866  -7.509 9.156371
161848  18.981  -89.692  -7.179 9.284364
161849  19.816  -90.193  -7.147 9.402032
161850  20.674  -90.633  -7.327 9.501179
161851  21.645  -90.382  -7.122 9.859914
161852  22.584  -90.116  -6.983 10.219161
161853  23.544  -89.726  -7.017 10.562146
161854  20.987  -87.156  -7.847 9.843756
161855  21.397  -87.598  -7.362 10.079211
161856  21.965  -88.062  -7.043 10.299002
161857  23.475  -87.265  -7.659 10.766839
161858  23.012  -87.815  -7.137 10.644333
161859  22.613  -88.456  -6.880 10.496443
161860  23.251  -88.761  -6.836 10.663466
161861  23.830  -89.087  -6.911 10.791083
161862  24.550  -89.229  -7.274 10.870009
161863  25.443  -88.729  -7.716 11.123662
161864  26.266  -88.173  -8.394 11.306688
161865  26.844  -87.538  -9.202 11.407795
161866  26.392  -86.987  -9.078 11.588458
161867  26.877  -86.966  -9.560 11.539742
161868  27.320  -86.989  -10.119 11.422300
161869  27.819  -86.465  -10.886 11.352983
161870  28.235  -85.792  -11.531 11.208509
161871  28.739  -85.344  -12.055 11.001487
161872  29.203  -84.923  -12.087 11.063590
161873  29.743  -84.414  -12.029 11.111159
161874  30.332  -83.764  -11.860 11.145399
161875  28.979  -84.187  -11.408 11.565805
161876  30.046  -83.632  -11.565 11.386703
161877  31.142  -82.981  -11.520 11.165001
161878  31.896  -82.284  -11.198 11.166407
161879  32.630  -81.599  -10.901 11.144367
161880  33.374  -80.757  -10.690 11.093038
161881  27.838  -83.915  -10.021 11.779293
161882  28.875  -83.375  -10.143 11.793926
161883  30.118  -82.687  -10.241 11.740938
161884  30.770  -81.616  -9.555 11.677323
161885  31.069  -81.786  -9.917 11.678093
161886  31.308  -82.002  -10.242 11.628114
161887  32.440  -81.249  -10.309 11.463709
161888  33.225  -80.547  -10.427 11.254837
161889  33.893  -79.699  -10.738 11.006893
161890  34.274  -78.572  -10.858 10.881576
161891  34.565  -77.346  -10.960 10.714801
161892  34.828  -76.071  -11.133 10.506598
161893  34.293  -76.396  -10.209 10.861798
161894  34.640  -75.570  -10.791 10.579967
161895  35.027  -74.850  -11.328 10.259338
161896  35.153  -73.793  -11.542 9.977240
161897  35.347  -72.930  -11.915 9.665740
161898  35.621  -72.220  -12.219 9.330865
162084  22.843  -82.815  -10.634 8.165149
162085  23.282  -82.823  -9.999 8.416582
162086  23.901  -82.801  -9.528 8.710488
162087  24.634  -82.700  -9.143 9.038794
162108  24.369  -80.973  -8.818 8.042432
162109  26.184  -79.983  -8.141 8.278367
162110  25.413  -80.687  -8.377 8.301804
162111  24.768  -81.318  -8.749 8.326984
162112  25.019  -81.704  -8.693 8.653787
162113  25.300  -82.056  -8.779 9.011975
162114  25.459  -82.456  -8.759 9.389056
162115  26.208  -82.142  -8.360 9.744237
162116  26.969  -81.744  -7.987 10.083925
162117  27.975  -81.259  -7.998 10.386932
162118  29.266  -79.779  -8.080 9.947577
162119  29.113  -80.179  -8.082 10.304370
162120  29.227  -80.414  -7.969 10.633794
162121  30.408  -79.576  -8.086 10.810018
162122  31.408  -78.395  -8.134 10.907695
162123  32.350  -77.214  -8.397 10.925702
162124  31.434  -75.434  -9.642 9.466346
162125  31.734  -75.691  -9.663 9.767104
162126  32.155  -75.738  -9.511 10.050466
162127  32.521  -73.971  -10.709 9.869209
162128  32.603  -74.652  -10.008 10.096676
162129  32.542  -75.641  -9.202 10.307165
162130  32.775  -75.794  -9.026 10.530894
162131  32.928  -75.874  -8.808 10.718261
162132  33.098  -75.994  -8.799 10.868198
162133  33.631  -75.139  -9.454 10.742673
162134  34.017  -74.246  -10.182 10.557746
162135  34.223  -73.629  -10.848 10.321608
162136  33.893  -72.847  -11.589 9.967739
162137  34.183  -72.885  -11.518 10.015410
162138  34.473  -72.944  -11.531 10.040944
162139  34.868  -72.472  -11.983 9.721132
162140  35.306  -71.948  -12.255 9.365794
162141  35.928  -71.445  -12.470 8.977825
162142  36.051  -70.767  -12.579 8.611414
162143  36.150  -70.039  -12.754 8.234440
162145  35.322  -69.847  -13.291 8.288939
162151  33.951  -69.555  -14.324 8.196223
