#!ascii label  , from subject fsaverage vox2ras=TkReg coords=white
2049
132  5.175  -77.919  19.214 10.937674
133  24.809  -62.653  13.377 18.399475
288  23.539  -61.561  23.158 12.228044
290  18.974  -56.363  12.764 11.714097
405  21.447  -71.890  33.069 11.346825
554  9.021  -80.660  12.552 14.744381
555  20.528  -75.031  20.614 14.020612
556  14.315  -66.285  14.493 15.079251
1219  6.646  -83.344  14.320 11.638958
1220  6.391  -84.066  8.752 12.970417
1221  3.736  -77.866  14.110 12.828579
1222  18.220  -65.873  33.649 10.696079
1223  21.837  -72.756  27.215 13.343482
1224  21.788  -65.323  28.986 12.481062
1225  25.697  -61.782  18.791 14.932739
1226  23.667  -68.366  16.365 14.775808
1227  21.050  -66.303  12.727 18.321211
1228  15.315  -66.193  8.847 18.680557
1229  21.051  -65.991  8.137 20.681154
1231  24.212  -64.996  8.258 17.256725
1233  22.185  -57.714  8.650 11.635014
1673  21.463  -56.976  19.029 12.702433
1674  22.511  -58.484  14.124 14.867427
1675  16.339  -55.628  16.934 10.726363
2298  10.306  -89.698  6.700 12.162393
2301  19.188  -78.711  27.560 11.205194
2302  15.348  -78.503  22.458 11.438916
2303  11.360  -74.421  20.410 11.716736
2304  23.672  -67.973  22.534 13.773492
2305  17.853  -71.289  17.273 13.806719
2306  6.029  -70.596  16.189 12.385859
2307  6.857  -69.536  12.831 14.551025
2313  24.453  -61.276  8.724 12.997867
3138  6.185  -83.397  17.978 10.743895
3139  5.719  -80.459  17.513 11.479466
3140  4.411  -81.063  14.545 12.510335
3141  3.786  -77.520  16.682 11.929118
3143  20.006  -64.986  31.617 11.568152
3145  25.655  -62.080  16.175 16.857828
3146  25.041  -65.222  15.010 17.044186
3147  23.641  -65.109  12.630 18.972786
3148  20.457  -65.756  10.216 19.993359
3149  22.861  -65.183  10.206 20.026091
3150  22.761  -65.847  8.232 19.600445
3151  24.059  -63.765  10.416 18.671925
3748  20.539  -57.138  21.161 11.192925
3750  18.885  -55.962  18.371 11.592453
5102  7.824  -82.181  10.131 13.852894
5103  10.433  -85.214  9.202 13.907848
5104  12.235  -83.355  10.674 14.816340
5107  21.848  -75.648  32.559 10.577289
5108  20.736  -79.145  30.127 10.704827
5109  21.768  -75.813  30.036 11.736364
5110  21.570  -74.291  23.734 13.826906
5111  19.568  -77.278  23.680 12.757687
5112  18.001  -77.251  20.957 12.909881
5113  13.776  -76.459  20.952 11.547822
5114  16.638  -74.896  19.544 12.956090
5115  21.586  -61.169  25.050 11.255460
5116  22.597  -63.282  26.119 12.282047
5117  24.149  -64.185  23.406 13.003695
5118  19.617  -68.497  15.130 15.178661
5119  20.882  -70.365  15.952 14.345590
5120  15.970  -68.633  16.926 14.054897
5121  11.233  -70.015  17.208 13.010073
5122  9.660  -67.643  14.868 13.521042
5123  5.870  -69.295  14.113 13.184834
5124  10.208  -66.030  12.004 14.737076
5125  15.293  -68.679  10.479 20.002155
5126  11.602  -69.619  12.443 18.333750
5137  20.776  -57.309  13.540 13.115329
5138  23.274  -60.169  10.985 14.334241
5139  22.098  -58.897  10.743 12.730141
6803  5.834  -86.673  10.199 10.606359
6804  5.670  -86.517  7.597 11.250324
6805  5.204  -84.269  11.065 12.342003
6806  4.544  -81.627  11.526 13.180446
6807  5.083  -78.836  12.297 13.667868
6808  20.039  -68.575  33.775 11.429015
6809  21.747  -71.912  30.556 12.541501
6810  21.271  -68.226  31.556 12.465792
6811  22.179  -68.855  28.250 13.318047
6812  22.741  -70.487  24.781 13.972258
6813  24.790  -61.679  21.052 13.354370
6814  24.946  -64.938  20.395 13.785458
6815  25.419  -65.197  17.605 15.106977
6816  22.683  -67.598  14.309 16.305534
6817  18.497  -66.327  13.813 16.838842
6818  14.616  -65.147  10.864 16.808744
6819  17.888  -65.590  10.675 18.766407
6820  19.050  -65.934  7.933 20.240698
6821  18.870  -68.780  9.220 20.673330
6823  21.266  -68.608  8.519 19.815952
6824  23.546  -68.247  8.062 17.345865
6825  25.401  -66.766  7.750 14.412270
6827  20.578  -57.885  10.330 11.672861
6828  18.304  -56.443  10.053 10.832493
6829  19.663  -55.973  8.389 11.394685
7742  21.890  -59.677  22.944 11.305400
7743  23.265  -58.933  21.486 12.449642
7744  24.091  -58.776  19.282 13.988682
7745  24.331  -59.328  16.580 15.723418
7746  24.144  -60.284  14.050 16.805458
7747  22.085  -57.512  16.688 14.213928
7748  19.827  -56.385  16.071 12.788201
7749  17.639  -55.731  14.920 11.530526
9451  12.598  -91.158  5.435 12.171422
9453  8.455  -86.922  7.493 12.468373
9462  20.851  -76.364  26.968 12.423479
9463  17.280  -79.134  24.655 11.370660
9467  7.214  -76.254  20.082 10.944885
9468  20.342  -62.713  28.343 11.344427
9469  23.100  -66.665  25.956 13.300560
9470  22.475  -71.931  21.257 14.265759
9471  23.787  -68.568  19.324 14.064609
9472  21.952  -71.699  18.238 14.233237
9473  19.350  -73.637  18.347 13.944528
9474  14.421  -72.091  19.144 12.932441
9475  8.190  -73.025  18.035 11.964273
9476  4.873  -74.514  17.966 11.573053
9477  4.052  -73.464  15.445 12.350439
9478  4.551  -73.782  13.766 13.317032
9479  6.737  -75.561  13.403 14.633146
9480  11.019  -66.995  10.877 16.534702
9481  8.795  -72.163  13.634 16.308323
9495  24.030  -61.776  10.972 16.477236
9496  24.648  -63.208  8.579 14.774926
9498  23.683  -59.478  8.633 12.036619
10817  5.465  -79.572  19.887 10.679198
10818  5.846  -80.791  19.009 10.931257
10819  5.291  -79.159  18.370 11.183287
10820  4.476  -79.018  17.098 11.730541
10821  4.362  -77.701  17.986 11.424139
10825  25.292  -62.314  14.806 17.738012
10826  25.106  -63.768  14.308 18.052225
10827  24.558  -63.950  13.069 18.844082
10828  23.017  -65.134  11.489 19.652409
10829  24.018  -64.191  11.671 19.355740
10830  23.669  -64.583  10.319 19.507280
10831  24.331  -63.075  12.027 18.734493
12782  8.460  -81.414  11.287 14.250063
12783  10.036  -82.875  10.534 14.306907
12784  10.678  -82.180  11.615 14.774325
12787  21.695  -73.791  32.708 11.013116
12788  21.867  -75.752  31.337 11.216916
12789  21.707  -73.757  31.556 11.673443
12790  21.171  -74.837  22.076 13.960458
12791  20.043  -76.326  22.013 13.494941
12792  19.332  -76.210  20.649 13.555032
12793  17.258  -76.258  20.107 12.945263
12794  18.554  -75.483  19.658 13.566095
12795  22.696  -61.325  24.181 11.743713
12796  23.251  -62.315  24.602 12.196442
12797  24.025  -62.747  23.342 12.617041
12798  17.418  -67.303  15.421 15.181641
12799  18.007  -68.632  16.020 14.605457
12800  15.066  -67.426  15.872 14.460391
12801  12.595  -67.972  15.960 13.792533
12802  12.170  -66.699  14.617 14.252622
12803  9.917  -66.670  13.542 14.036274
12804  12.073  -65.846  12.898 14.912632
12817  20.002  -56.814  13.106 12.374146
12818  21.536  -58.069  12.131 12.982179
12819  20.724  -57.562  11.807 12.289799
15175  6.903  -83.253  16.298 11.194080
15176  6.964  -84.766  16.439 10.615013
15177  7.211  -84.710  14.278 10.952167
15179  6.468  -85.058  12.221 11.269450
15180  5.665  -85.457  10.663 11.561635
15181  5.833  -83.790  12.764 12.025068
15182  3.779  -79.585  14.312 12.698696
15183  4.225  -81.419  12.879 12.882244
15184  4.125  -79.899  12.899 13.063903
15185  4.746  -80.125  11.856 13.404975
15186  4.204  -78.231  13.133 13.232063
15187  19.136  -67.115  33.919 11.145291
15188  20.702  -68.358  32.828 11.977867
15189  19.934  -66.781  32.891 11.631330
15190  20.969  -65.059  30.343 12.020195
15191  21.495  -66.650  30.333 12.532911
15192  22.128  -67.025  28.759 12.967319
15193  22.639  -69.624  26.555 13.679277
15194  22.737  -67.752  27.123 13.371002
15195  25.325  -61.698  19.994 14.079012
15196  25.453  -63.371  19.529 14.285873
15197  25.779  -63.472  18.211 15.114416
15198  23.253  -66.108  13.512 17.798735
15199  24.004  -66.580  14.485 16.760017
15200  21.882  -66.873  13.583 17.302607
15201  20.527  -67.229  14.047 16.654797
15202  19.837  -66.357  13.131 17.648985
15203  17.840  -65.845  12.419 17.818453
15204  19.240  -65.973  11.986 18.630829
15205  20.705  -65.718  9.118 20.492739
15206  19.685  -65.571  9.089 20.189774
15207  20.161  -65.969  8.038 20.630131
15208  19.007  -67.435  8.049 20.625242
15209  20.316  -67.241  7.876 20.748566
15210  20.181  -68.724  8.806 20.464510
15211  21.199  -67.101  7.910 20.478905
15212  23.619  -65.614  8.186 18.525208
15213  23.041  -66.856  7.925 18.697672
15214  23.970  -66.474  7.896 17.361599
15215  24.551  -67.610  7.790 15.836019
15216  24.740  -65.881  7.967 15.960658
15218  17.499  -56.023  11.159 10.626905
17002  20.628  -58.908  22.831 10.725605
17003  22.624  -59.224  22.322 11.840922
17004  21.374  -58.313  22.221 11.237590
17005  21.075  -56.920  20.142 11.904009
17006  22.445  -57.699  20.403 12.538963
17007  22.890  -57.728  19.317 13.347338
17008  24.297  -59.045  17.958 14.873480
17009  23.090  -57.965  17.930 14.196309
17010  23.280  -58.298  16.658 14.977403
17011  21.790  -57.225  17.887 13.511024
17012  17.648  -55.727  17.699 11.140865
17013  19.456  -56.089  17.264 12.276146
17014  18.190  -55.779  16.642 11.734829
17015  18.768  -56.008  15.501 12.143963
17016  17.012  -55.653  15.929 11.217726
21062  9.634  -90.697  5.745 11.009462
21063  10.725  -91.309  5.367 11.056869
21064  11.283  -90.540  6.213 12.139853
21067  6.093  -85.300  8.237 12.240519
21068  6.910  -86.502  7.236 11.788029
21069  7.530  -85.409  7.913 12.721732
21070  12.598  -85.454  9.475 14.472437
21071  11.393  -86.405  9.002 13.951580
21085  20.004  -78.732  28.832 11.010726
21087  18.136  -79.652  28.141 10.714701
21089  17.188  -79.837  26.820 10.780702
21090  21.804  -72.198  28.913 12.986765
21091  21.679  -74.225  28.581 12.647486
21092  21.476  -74.679  26.944 12.974402
21093  17.475  -78.568  22.637 12.117710
21094  18.419  -78.329  24.011 12.051563
21095  16.219  -79.213  23.403 11.404608
21096  14.967  -79.699  24.522 10.793358
21097  14.014  -78.846  23.626 10.797618
21099  13.234  -78.282  22.773 10.824294
21100  12.698  -75.159  20.768 11.624904
21101  11.087  -76.165  21.474 10.968421
21102  10.019  -75.378  21.066 11.089403
21103  8.520  -76.453  21.225 10.709853
21104  9.040  -75.386  20.167 11.245605
21107  19.553  -61.981  27.484 10.765340
21108  23.545  -65.411  24.715 13.138056
21109  22.879  -64.785  26.258 12.807620
21110  23.498  -67.434  24.257 13.584862
21111  23.176  -69.426  23.578 13.950647
21112  23.169  -69.958  21.887 14.084202
21113  24.683  -66.857  18.346 14.356444
21114  24.496  -66.692  19.948 13.929096
21115  23.799  -68.546  17.765 14.329630
21116  19.361  -70.938  16.350 14.104193
21117  21.401  -71.189  16.858 14.230750
21118  20.062  -71.981  17.065 14.100780
21119  20.659  -72.806  18.088 14.170605
21120  18.628  -72.586  17.568 13.859065
21121  17.205  -73.105  18.471 13.474871
21122  16.143  -71.544  18.370 13.421412
21123  8.160  -70.049  16.632 12.644030
21124  9.192  -71.318  17.498 12.491269
21125  6.850  -71.849  17.171 12.143177
21126  6.191  -73.733  18.064 11.673633
21127  5.148  -72.632  17.061 11.951514
21128  4.253  -73.933  16.630 11.946361
21129  4.654  -71.864  15.937 12.282985
21130  6.320  -69.177  13.384 13.795835
21131  4.871  -71.380  14.050 13.195765
21132  5.430  -71.601  13.469 13.825100
21133  5.356  -74.528  13.357 13.930167
21134  6.318  -72.407  13.188 14.570431
21135  15.084  -65.345  9.500 17.771185
21136  13.000  -65.602  10.136 16.678984
21137  13.197  -66.450  9.782 17.637815
21139  10.032  -70.813  13.259 17.318462
21172  23.382  -59.273  14.171 15.837804
21173  24.064  -60.960  12.560 16.833803
21174  23.536  -60.038  12.680 15.763616
21175  23.610  -60.992  9.559 13.735104
21176  23.962  -61.735  9.508 14.670257
21177  24.648  -62.279  8.668 13.777856
21178  25.415  -63.726  8.058 13.584266
21179  25.423  -62.540  8.045 12.759576
21180  21.433  -58.251  9.226 11.651634
21181  22.150  -58.862  9.336 11.975580
21182  23.015  -58.625  8.685 11.788019
21184  26.106  -60.243  7.538 11.247129
24081  5.544  -82.213  19.367 10.653856
24082  6.334  -82.068  17.870 11.150379
24083  6.274  -81.779  16.308 11.680886
24084  5.581  -82.120  14.696 12.170849
24085  5.023  -80.572  16.216 12.030778
24086  3.929  -79.270  15.783 12.253853
24087  3.541  -77.551  15.353 12.403659
24089  19.025  -65.221  32.702 11.131837
24091  19.029  -63.756  31.143 10.975940
24092  20.067  -63.638  30.074 11.440373
24093  25.776  -61.812  17.565 15.884684
24094  25.808  -63.522  16.960 16.071980
24095  25.578  -63.636  15.682 17.087540
24096  24.401  -65.142  13.803 18.067701
24097  22.389  -65.873  12.547 18.784266
24098  20.486  -65.949  11.619 19.247828
24099  21.777  -65.674  11.415 19.606628
24100  21.667  -65.586  10.141 20.183744
24101  21.722  -65.610  9.147 20.451401
24102  21.894  -65.997  8.222 20.341478
24103  22.613  -65.467  9.098 20.029142
24104  23.513  -65.034  9.146 19.242315
24105  23.945  -64.341  9.198 18.178221
25178  19.852  -57.539  21.931 10.595981
25180  19.022  -56.537  20.720 10.603036
25181  19.686  -56.374  19.689 11.326028
25182  20.144  -56.473  18.766 12.110294
25183  18.355  -55.965  19.304 10.837261
27615  8.825  -89.692  6.282 11.115206
27616  7.147  -82.999  9.223 13.468163
27617  8.202  -84.543  8.463 13.394905
27618  9.314  -83.683  9.359 13.881945
27619  11.447  -84.282  9.818 14.373493
27627  21.682  -77.669  31.306 10.724090
27628  21.401  -77.568  29.916 11.202065
27629  20.814  -77.456  28.593 11.556158
27630  21.869  -73.556  25.485 13.621582
27631  21.190  -75.355  25.256 13.214103
27632  20.668  -75.969  23.514 13.383368
27633  18.759  -77.619  22.150 12.848931
27634  16.642  -78.017  21.602 12.171591
27635  14.598  -77.748  21.556 11.485582
27636  15.981  -76.878  20.811 12.221210
27637  15.194  -75.558  20.202 12.267319
27638  14.198  -74.487  20.006 12.309305
27639  20.297  -61.204  25.811 10.740604
27640  20.999  -61.904  26.599 11.280371
27641  22.198  -62.047  25.632 11.759097
27642  23.499  -63.725  24.816 12.663899
27643  24.021  -65.933  23.134 13.396887
27644  21.733  -68.928  14.997 15.047235
27645  22.318  -69.530  16.045 14.563593
27646  20.269  -69.455  15.384 14.648656
27647  18.667  -69.675  16.191 14.253827
27648  17.019  -69.775  17.342 13.851493
27649  15.031  -70.170  18.043 13.420331
27650  13.635  -69.156  17.101 13.526752
27651  10.162  -68.826  16.023 13.188819
27652  7.334  -68.878  15.359 12.901203
27653  5.727  -69.797  15.118 12.722222
27654  7.447  -68.053  14.231 13.301224
27655  7.985  -67.490  13.169 13.869615
27656  8.418  -67.473  12.245 14.605994
27657  15.260  -67.479  9.433 19.450783
27658  13.148  -67.698  10.350 18.526541
27659  13.389  -68.903  11.462 19.257402
27679  21.652  -57.895  13.843 13.949530
27680  22.908  -59.191  12.580 14.733220
27681  22.266  -58.544  12.398 13.797228
27682  22.747  -59.489  10.858 13.455191
27683  23.277  -60.189  9.536 12.983068
31237  5.213  -86.718  8.832 10.868181
31238  5.319  -85.545  9.245 11.866308
31239  5.330  -84.226  9.677 12.634415
31240  4.859  -82.689  12.937 12.564606
31241  4.686  -83.065  11.308 12.866855
31242  5.293  -82.878  10.088 13.142678
31243  5.607  -81.662  10.574 13.482710
31244  6.127  -80.572  11.184 13.789156
31245  6.847  -79.651  12.099 14.173168
31246  20.817  -70.231  33.474 11.499335
31247  21.543  -71.795  31.926 11.997435
31248  21.206  -69.971  32.326 12.109050
31249  21.613  -69.941  31.068 12.630690
31250  21.848  -70.253  29.396 13.078002
31251  20.745  -66.611  31.761 12.087791
31252  21.750  -68.346  29.981 12.910495
31253  22.051  -70.783  27.663 13.460117
31254  22.206  -71.663  25.890 13.778399
31255  22.224  -72.543  24.108 14.025211
31256  22.019  -73.259  22.435 14.187766
31257  24.232  -61.669  22.141 12.749430
31258  24.614  -63.078  22.040 13.069392
31259  25.071  -63.290  20.751 13.610292
31260  25.229  -65.110  18.963 14.358082
31261  24.759  -66.838  16.933 14.971648
31262  25.360  -65.231  16.229 16.022745
31263  24.539  -66.804  15.644 15.786880
31264  23.308  -68.065  15.168 15.439639
31265  21.123  -68.172  14.441 15.757943
31266  19.162  -67.316  14.730 15.927917
31267  16.580  -66.250  14.172 15.960345
31268  14.230  -65.592  12.644 15.883215
31269  16.229  -65.651  12.530 16.877901
31270  16.351  -65.217  10.836 17.845181
31271  16.977  -65.321  9.236 18.770573
31272  19.264  -65.786  10.488 19.502203
31273  18.502  -65.483  9.136 19.597265
31274  17.353  -66.067  8.226 19.571550
31275  17.224  -67.442  8.567 20.171839
31276  17.097  -68.745  9.777 20.496170
31280  20.484  -70.194  9.525 19.735609
31281  21.721  -70.135  8.994 18.693111
31282  22.077  -67.015  7.926 19.781639
31283  22.402  -68.406  8.286 18.738125
31284  23.000  -69.888  8.412 17.278852
31288  17.939  -56.033  12.422 11.100843
31289  19.810  -57.018  11.603 11.698658
31290  18.770  -56.571  11.393 11.165145
31291  19.522  -57.170  10.174 11.256900
31292  20.405  -57.334  9.152 11.379108
31294  19.153  -56.493  9.086 11.092279
31295  21.036  -56.741  8.551 11.524275
33622  20.812  -60.768  24.489 10.766637
33623  21.921  -60.670  23.783 11.287590
33631  20.955  -60.141  23.584 10.795848
33632  22.807  -60.600  22.989 11.802960
33633  23.582  -60.437  22.221 12.349545
33634  24.248  -60.229  21.351 12.970855
33635  24.763  -60.172  20.251 13.700334
33636  21.947  -57.879  21.445 11.832322
33637  23.754  -58.771  20.434 13.165254
33638  25.093  -60.193  19.097 14.543966
33639  25.209  -60.388  17.810 15.465190
33640  25.129  -60.610  16.482 16.379234
33641  24.944  -60.969  15.088 17.164177
33642  24.579  -61.389  13.874 17.690889
33643  24.283  -59.758  15.324 16.408913
33644  23.402  -58.734  15.452 15.560283
33645  22.323  -57.958  15.459 14.691581
33646  20.543  -56.562  17.673 12.865609
33647  20.978  -56.910  16.407 13.477966
33648  21.264  -57.366  15.210 13.851875
33649  20.225  -56.790  14.877 13.067408
33650  19.324  -56.348  14.342 12.345920
33651  18.308  -55.963  13.904 11.678152
33658  15.679  -55.625  15.156 10.689922
33659  16.373  -55.611  14.306 10.919797
33660  17.135  -55.719  13.371 11.036427
35274  21.318  -72.245  33.818 10.589656
35283  20.606  -70.674  34.298 10.790241
35284  19.518  -69.066  34.475 10.797221
35285  18.593  -67.753  34.511 10.601285
38588  14.897  -91.877  4.692 11.406822
38590  12.700  -91.741  5.105 11.210868
38595  6.527  -87.869  6.603 10.643810
38596  7.885  -88.100  6.711 11.386146
38597  9.456  -88.427  7.312 12.271090
38598  9.337  -85.974  8.298 13.305747
38599  10.316  -87.384  8.214 13.234901
38622  21.759  -73.879  30.189 12.217385
38623  21.429  -75.952  28.539 12.134781
38624  20.142  -77.624  27.180 11.799050
38625  20.270  -76.921  25.296 12.623058
38626  19.332  -78.013  25.579 11.954414
38627  18.272  -78.980  26.090 11.314342
38628  16.103  -79.817  25.532 10.796111
38634  12.160  -77.311  22.077 10.880429
38639  5.897  -76.932  19.909 10.842824
38641  19.141  -62.669  29.451 10.839590
38642  21.143  -63.831  28.815 11.924987
38643  21.452  -62.881  27.241 11.837284
38644  22.104  -64.221  27.546 12.394701
38645  22.596  -65.998  27.476 12.921680
38646  23.028  -68.518  25.391 13.709683
38647  22.690  -71.345  23.016 14.171816
38648  21.605  -73.574  20.801 14.257623
38649  24.617  -64.638  21.829 13.354581
38650  24.313  -66.426  21.448 13.635094
38651  23.746  -68.392  20.926 13.908248
38652  22.725  -69.968  17.310 14.293721
38653  22.978  -70.261  18.737 14.179802
38654  23.099  -70.351  20.258 14.138666
38655  22.225  -72.011  19.651 14.269847
38656  21.138  -73.471  19.280 14.241469
38657  19.872  -74.630  19.284 14.009983
38658  17.990  -74.318  18.911 13.533848
38659  15.752  -73.481  19.348 12.946915
38660  12.584  -73.076  19.754 12.350890
38661  12.778  -71.048  18.381 12.940222
38662  10.773  -72.177  18.685 12.404187
38663  9.762  -73.907  19.130 11.826992
38664  7.570  -74.780  18.921 11.439526
38665  5.917  -75.337  19.022 11.235331
38666  4.768  -76.289  18.757 11.235897
38667  4.134  -75.925  17.502 11.671081
38668  3.702  -75.490  16.090 12.117524
38669  3.718  -75.439  14.953 12.557685
38670  4.634  -71.536  14.878 12.688434
38671  4.120  -73.423  14.452 12.797978
38672  3.945  -75.698  14.023 13.004811
38673  4.558  -76.357  13.295 13.495858
38674  5.869  -77.293  13.057 14.061119
38675  7.607  -78.245  13.356 14.699009
38676  12.503  -65.390  11.239 15.742386
38677  10.758  -66.147  11.031 15.591570
38678  8.865  -68.067  11.910 15.474781
38679  11.140  -68.217  11.450 17.479612
38680  9.289  -69.294  12.376 16.407921
38681  7.713  -70.619  12.903 15.411478
38682  7.610  -73.834  13.591 15.391951
38683  8.280  -76.839  13.768 15.388068
38684  9.483  -79.373  13.532 15.373574
38721  24.320  -62.042  12.376 17.859238
38722  24.151  -62.732  10.803 17.620220
38723  24.141  -63.504  9.329 16.973909
38724  23.695  -60.934  11.042 15.355662
38725  24.167  -62.592  9.517 15.769438
38726  24.472  -64.183  8.423 15.961229
38727  25.200  -64.904  8.033 14.665359
38728  25.880  -65.631  7.650 13.218139
38730  21.373  -58.409  10.571 12.146883
38731  22.764  -59.485  9.439 12.405588
38732  24.122  -60.410  8.679 12.426889
38733  24.652  -59.211  8.148 11.648874
38734  25.164  -60.328  8.062 11.829687
38735  25.405  -61.466  8.049 12.185474
41537  5.452  -78.783  19.525 10.803639
41538  5.497  -79.399  19.112 10.922217
41539  5.140  -78.552  18.799 11.046595
41540  4.721  -78.399  18.117 11.304022
41541  4.764  -77.788  18.578 11.175312
41545  25.090  -62.472  14.116 18.103525
41546  25.060  -63.188  13.899 18.327175
41547  24.770  -63.320  13.239 18.659176
41548  24.230  -64.073  12.376 19.140596
41549  24.490  -63.440  12.531 18.914459
41550  24.230  -63.638  11.862 19.082407
41551  24.565  -62.849  12.712 18.613201
43502  8.767  -81.044  11.939 14.481677
43503  9.555  -81.806  11.504 14.506567
43504  9.845  -81.439  12.075 14.759898
43505  10.897  -81.782  12.109 15.044208
43506  10.050  -81.068  12.587 15.043648
43507  21.618  -72.794  32.867 11.198208
43508  21.699  -73.737  32.148 11.357578
43509  21.602  -72.762  32.332 11.542054
43510  20.831  -75.032  21.313 13.999710
43511  20.312  -75.734  21.255 13.792534
43512  19.920  -75.664  20.595 13.814451
43513  18.905  -75.939  20.096 13.566552
43514  19.585  -75.438  20.026 13.821120
43515  23.117  -61.426  23.671 11.984108
43516  23.428  -61.964  23.837 12.195346
43517  23.839  -62.140  23.258 12.424523
43518  15.910  -66.760  15.105 15.141460
43519  16.298  -67.326  15.683 14.815716
43520  14.725  -66.820  15.252 14.743991
43521  13.514  -67.009  15.332 14.361255
43522  13.265  -66.353  14.590 14.656078
43523  12.037  -66.255  13.834 14.558684
43524  13.077  -65.999  13.706 15.000755
43537  19.504  -56.570  12.955 12.035570
43538  20.384  -57.126  12.479 12.342171
43539  19.887  -56.855  12.341 12.016228
45895  6.885  -83.226  15.316 11.421072
45896  7.180  -83.983  15.354 11.112706
45897  6.983  -84.010  14.239 11.309422
45898  6.891  -84.860  13.136 11.114658
45899  6.613  -84.175  13.323 11.496066
45900  6.253  -84.379  12.528 11.669579
45901  6.221  -83.534  13.556 11.841409
45902  3.715  -78.751  14.187 12.764253
45903  3.891  -79.807  13.531 12.888778
45904  3.904  -78.918  13.590 12.956778
45905  4.158  -79.126  12.989 13.142176
45906  3.950  -78.039  13.608 13.029779
45907  18.702  -66.488  33.865 10.937650
45908  19.550  -66.947  33.410 11.393675
45909  19.098  -66.234  33.330 11.170431
45910  21.455  -65.203  29.714 12.250861
45911  21.675  -65.920  29.651 12.513718
45912  21.993  -66.148  28.907 12.736663
45913  22.439  -67.342  27.960 13.174942
45914  22.349  -66.452  28.150 12.953490
45915  25.521  -61.736  19.397 14.490631
45916  25.663  -62.559  19.170 14.609257
45917  25.814  -62.565  18.559 15.049728
45918  22.151  -66.276  13.078 18.088453
45919  22.566  -66.521  13.511 17.574499
45920  21.489  -66.526  13.200 17.816660
45921  20.830  -66.715  13.339 17.499571
45922  20.457  -66.394  12.928 18.006830
45923  19.476  -66.074  12.663 18.148132
45924  20.090  -66.104  12.424 18.500422
45925  20.832  -65.752  8.658 20.630531
45926  20.439  -65.714  8.632 20.580608
45927  20.614  -65.974  8.136 20.701660
45928  20.314  -66.461  7.790 20.734829
45929  20.788  -66.416  7.773 20.733822
45930  20.775  -67.161  7.865 20.666258
45931  21.197  -66.379  7.823 20.634089
45932  23.980  -65.263  8.222 17.904608
45933  23.776  -65.953  7.994 17.996170
45934  24.157  -65.715  8.008 17.328249
45935  24.391  -66.216  7.910 16.657433
45936  24.462  -65.460  8.066 16.649632
47723  21.089  -58.569  22.549 10.974224
47724  20.284  -58.241  22.457 10.656811
47725  21.288  -56.909  19.588 12.295947
47726  21.987  -57.266  19.752 12.610525
47727  22.159  -57.284  19.160 13.020936
47728  23.021  -57.828  18.650 13.772554
47729  22.334  -57.459  18.520 13.438847
47730  22.430  -57.579  17.919 13.850889
47731  21.603  -57.106  18.494 13.112064
47732  16.919  -55.666  17.358 10.931375
47733  17.919  -55.736  17.197 11.457190
47734  17.264  -55.643  16.857 11.223779
47735  17.596  -55.702  16.284 11.475248
47736  16.745  -55.611  16.449 10.993019
51782  9.932  -90.235  6.222 11.591516
51783  10.415  -90.617  6.027 11.579948
51784  10.742  -90.174  6.431 12.141746
51785  11.644  -90.115  6.619 12.673701
51786  11.232  -89.639  6.936 12.683027
51787  6.240  -84.682  8.516 12.639364
51788  6.748  -85.308  8.031 12.467031
51789  6.947  -84.746  8.297 12.851161
51805  19.640  -78.612  28.220 11.120480
51806  19.149  -79.164  28.488 10.870727
51807  18.684  -79.204  27.836 10.943964
51808  17.656  -79.719  27.484 10.756207
51809  18.237  -79.341  27.159 10.995922
51810  21.803  -72.434  28.050 13.175547
51811  21.710  -73.425  27.878 13.027430
51812  21.700  -73.734  27.073 13.187453
51813  16.342  -78.699  22.409 11.775635
51814  16.818  -78.939  22.982 11.753027
51815  15.752  -78.935  22.875 11.420732
51816  15.080  -79.112  23.416 11.090701
51817  14.713  -78.687  23.006 11.102542
51818  13.672  -78.405  23.245 10.807556
51819  14.371  -78.303  22.592 11.119002
51820  12.086  -74.727  20.669 11.668793
51821  11.286  -75.129  20.966 11.340292
51822  10.674  -74.861  20.788 11.398161
51823  9.569  -75.351  20.700 11.162947
51824  10.006  -74.808  20.300 11.462501
51828  23.734  -66.669  23.676 13.487419
51829  23.562  -66.405  24.495 13.367928
51830  23.602  -67.748  23.359 13.689528
51831  23.401  -68.752  23.049 13.873085
51832  23.466  -69.054  22.216 13.940862
51833  24.289  -67.682  17.349 14.584990
51834  24.283  -67.696  18.100 14.344299
51835  23.749  -68.451  17.066 14.526697
51836  18.638  -71.144  16.772 13.964684
51837  19.711  -71.486  16.663 14.088655
51838  19.001  -71.752  16.964 13.969659
51839  19.367  -72.303  17.243 13.996355
51840  18.242  -71.977  17.341 13.824899
51841  17.447  -72.132  17.915 13.650675
51842  17.023  -71.408  17.834 13.626561
51843  7.009  -70.244  16.383 12.497917
51844  7.466  -70.912  16.918 12.389086
51845  6.447  -71.201  16.724 12.254859
51846  5.959  -72.198  17.117 12.025127
51847  5.561  -71.586  16.616 12.160292
51848  4.882  -72.212  16.491 12.109566
51849  5.294  -71.143  16.102 12.313093
51850  6.563  -69.224  13.086 14.156935
51851  5.730  -70.248  13.477 13.798469
51852  6.054  -70.504  13.211 14.161045
51853  5.799  -71.905  13.305 14.184952
51854  6.451  -70.889  13.018 14.552888
51855  15.252  -65.646  8.885 18.238008
51856  14.291  -65.764  9.302 17.709492
51857  14.287  -66.269  9.262 18.172918
51892  22.966  -58.874  14.143 15.348962
51893  23.431  -59.596  13.448 15.844843
51894  23.083  -59.199  13.433 15.334862
51895  24.003  -61.152  9.085 13.379967
51896  24.152  -61.598  9.068 13.787443
51897  24.536  -61.743  8.666 13.360614
51898  25.040  -62.422  8.375 13.278759
51899  24.984  -61.903  8.422 12.908998
51900  21.827  -58.005  8.925 11.642790
51901  22.225  -58.420  8.962 11.753537
51902  22.652  -58.158  8.683 11.702740
55495  5.958  -80.609  18.233 11.200165
55496  6.048  -81.429  18.467 11.053878
55497  6.182  -81.239  17.710 11.325355
55498  6.407  -81.821  17.098 11.415918
55499  6.029  -81.096  17.015 11.601974
55500  5.687  -81.171  16.300 11.873599
55501  5.394  -80.512  16.875 11.759717
55502  4.042  -78.304  16.900 11.834057
55503  4.175  -79.061  16.483 11.999439
55504  3.786  -78.333  16.236 12.090925
55505  3.661  -78.438  15.574 12.333417
55506  3.593  -77.503  16.004 12.172459
55512  18.509  -63.290  30.797 10.668539
55513  19.522  -63.648  30.635 11.204218
55514  19.071  -63.173  30.308 10.900126
55515  25.714  -61.941  16.863 16.375055
55516  25.788  -62.748  16.653 16.509409
55517  25.718  -62.886  15.954 17.006662
55518  24.499  -64.470  13.426 18.549093
55519  24.829  -64.469  14.092 18.097643
55520  24.066  -65.091  13.247 18.542345
55521  23.476  -65.633  13.037 18.459383
55522  23.077  -65.528  12.529 18.916285
55523  22.059  -65.765  12.019 19.221716
55524  22.694  -65.488  11.972 19.323940
55525  22.880  -65.085  10.836 19.881674
55526  22.250  -65.372  10.813 19.949558
55527  22.263  -65.398  10.159 20.150343
55528  21.696  -65.581  9.614 20.360229
55529  22.270  -65.465  9.605 20.266037
55530  22.182  -65.600  9.044 20.288454
55531  22.746  -65.334  9.606 20.077822
55532  23.933  -64.162  10.386 19.123964
55533  23.612  -64.776  9.699 19.429678
55534  23.827  -64.470  9.682 18.985924
55535  23.808  -64.759  9.092 18.736996
55536  23.956  -64.091  9.762 18.479656
57328  19.390  -56.369  20.201 10.952979
57329  18.736  -56.144  19.973 10.695931
57330  19.008  -56.129  19.495 11.069869
61386  8.172  -89.557  6.178 10.623666
61387  7.530  -82.604  9.635 13.666173
61388  8.233  -83.347  9.186 13.663614
61389  8.657  -82.930  9.673 13.869785
61390  11.184  -83.236  10.649 14.557578
61391  10.812  -83.607  10.103 14.337198
61392  11.871  -83.806  10.220 14.591657
61404  21.859  -76.682  31.948 10.673295
61405  21.890  -75.739  30.726 11.492017
61406  21.824  -76.687  30.617 11.235106
61407  21.644  -76.707  29.965 11.469568
61408  21.145  -77.498  29.288 11.394158
61409  21.397  -76.728  29.252 11.673109
61410  21.819  -73.898  24.558 13.733200
61411  21.438  -74.823  24.424 13.548100
61412  21.173  -75.141  23.582 13.633087
61413  19.064  -76.952  21.369 13.224413
61414  19.386  -76.987  22.009 13.189100
61415  18.386  -77.507  21.507 12.882717
61416  17.715  -77.980  21.757 12.518742
61417  17.308  -77.683  21.220 12.546134
61418  16.276  -77.529  21.167 12.196762
61419  16.955  -77.220  20.791 12.570045
61420  16.942  -75.552  19.782 12.953614
61421  16.295  -75.861  20.085 12.607476
61422  15.924  -75.196  19.855 12.620911
61423  14.783  -75.015  20.089 12.288747
61424  15.537  -74.565  19.697 12.630939
61425  20.967  -61.183  25.417 11.001884
61426  21.311  -61.519  25.792 11.260881
61427  21.910  -61.566  25.366 11.504686
61428  23.774  -63.201  24.084 12.619566
61429  23.389  -62.931  24.785 12.428165
61430  23.835  -63.929  24.134 12.836342
61431  23.848  -64.811  24.093 13.055483
61432  24.110  -65.058  23.280 13.200144
61433  20.642  -68.832  14.903 15.129859
61434  20.993  -69.252  15.120 14.847501
61435  19.949  -69.026  15.239 14.884537
61436  17.070  -68.577  16.544 14.327054
61437  18.335  -69.137  16.172 14.402052
61438  17.468  -69.153  16.698 14.165276
61439  17.939  -69.760  16.728 14.054853
61440  16.500  -69.220  17.159 13.930058
61441  15.451  -69.370  17.485 13.694634
61442  14.809  -68.870  17.089 13.788530
61443  11.076  -67.750  15.345 13.654126
61444  11.385  -68.344  15.924 13.482606
61445  9.841  -68.221  15.446 13.333385
61446  8.577  -68.784  15.653 13.034797
61447  8.412  -68.238  15.080 13.197042
61448  7.267  -68.436  14.786 13.081254
61449  8.460  -67.786  14.481 13.400964
61450  10.032  -66.307  12.731 14.364653
61451  8.898  -66.980  13.232 13.943418
61452  9.177  -66.719  12.546 14.282410
61453  8.215  -67.428  12.646 14.218170
61454  9.317  -66.697  12.040 14.663273
61455  15.274  -68.068  9.922 19.758442
61456  14.283  -68.114  10.467 19.361673
61457  14.364  -68.745  10.969 19.656965
61492  21.190  -57.579  13.703 13.520897
61493  21.925  -58.191  13.115 13.901205
61494  21.537  -57.916  12.980 13.470550
61495  21.833  -58.493  11.438 12.867630
61496  22.215  -58.735  11.549 13.239202
61497  22.456  -59.184  10.799 13.073687
61498  22.968  -59.965  10.030 13.232230
61499  22.670  -59.572  10.049 12.883646
68581  5.404  -86.771  9.462 10.725887
68582  5.475  -84.860  10.924 11.981560
68583  5.379  -85.538  9.938 11.708807
68584  5.298  -84.935  10.160 12.130341
68585  5.358  -84.878  9.481 12.284419
68586  5.178  -84.294  10.335 12.486938
68587  4.998  -81.603  14.683 12.363739
68588  5.154  -82.411  13.799 12.381172
68589  4.656  -81.868  13.765 12.569435
68590  4.352  -81.547  12.140 13.036035
68591  4.461  -82.271  12.115 12.902363
68592  4.552  -82.419  11.441 13.043268
68593  4.879  -83.020  10.651 13.002934
68594  4.847  -82.317  10.845 13.180725
68595  5.418  -82.249  10.307 13.325335
68596  4.899  -81.614  11.052 13.326129
68597  4.918  -79.491  12.117 13.524861
68598  5.234  -80.337  11.424 13.588409
68599  5.469  -79.766  11.671 13.736193
68600  6.455  -80.119  11.554 13.966351
68601  5.793  -79.231  12.018 13.911015
68602  20.430  -69.381  33.668 11.492539
68603  20.975  -69.991  32.916 11.816031
68604  20.718  -69.220  33.149 11.793516
68605  21.022  -68.297  32.207 12.228091
68606  21.254  -69.129  32.007 12.334189
68607  21.456  -69.079  31.286 12.578624
68608  21.739  -70.119  30.248 12.862871
68609  21.627  -69.151  30.501 12.808271
68610  19.512  -65.070  32.162 11.348555
68611  19.916  -65.780  32.352 11.618941
68612  20.426  -65.794  31.762 11.840967
68613  21.917  -67.636  29.373 12.957313
68614  21.654  -67.472  30.233 12.743468
68615  21.981  -68.527  29.167 13.119113
68616  22.011  -69.495  28.848 13.228315
68617  22.126  -69.811  27.959 13.419277
68618  22.129  -71.216  26.761 13.627547
68619  22.264  -70.194  27.081 13.596647
68620  22.706  -70.080  25.679 13.835946
68621  22.523  -71.145  25.309 13.903566
68622  22.510  -71.542  24.449 14.028364
68623  22.128  -72.870  23.293 14.117769
68624  22.461  -71.939  23.574 14.130680
68625  24.508  -61.701  21.562 13.038754
68626  24.742  -62.417  21.510 13.192308
68627  24.970  -62.474  20.899 13.495863
68628  25.523  -64.288  18.600 14.712398
68629  25.377  -64.215  19.266 14.335120
68630  25.342  -65.138  18.295 14.709949
68631  25.080  -65.999  17.957 14.682618
68632  25.136  -66.007  17.293 15.050807
68633  25.534  -64.416  15.971 16.582878
68634  25.632  -64.385  16.564 16.074800
68635  25.250  -65.201  15.601 16.525913
68636  23.373  -67.138  14.384 16.549059
68637  24.314  -66.711  15.084 16.258484
68638  23.674  -67.319  14.859 16.067118
68639  23.912  -67.467  15.321 15.622470
68640  22.965  -67.839  14.699 15.850554
68641  22.219  -68.249  14.640 15.617592
68642  21.850  -67.941  14.302 16.039003
68643  19.562  -66.771  14.023 16.766663
68644  19.800  -67.295  14.341 16.297153
68645  18.782  -66.784  14.307 16.368469
68646  18.085  -66.756  14.675 15.960022
68647  17.606  -66.307  14.029 16.403933
68648  16.339  -65.989  13.401 16.407024
68649  17.217  -66.035  13.285 16.874561
68650  17.761  -65.759  11.548 18.302162
68651  16.999  -65.559  11.680 17.847191
68652  17.162  -65.399  10.781 18.324938
68653  16.667  -65.236  10.009 18.318554
68654  17.474  -65.345  9.941 18.782383
68655  20.352  -65.880  10.894 19.647623
68656  19.770  -65.912  11.092 19.397871
68657  19.857  -65.806  10.327 19.781860
68658  19.431  -65.545  8.425 20.231499
68659  19.165  -65.451  9.113 19.926245
68660  18.875  -65.519  8.373 19.946693
68661  18.149  -65.502  8.377 19.597736
68662  18.289  -65.980  7.988 19.937565
68663  17.347  -66.677  8.209 19.901499
68664  18.300  -66.593  7.919 20.220093
68665  18.864  -68.096  8.642 20.696035
68666  18.027  -68.107  8.853 20.575024
68667  17.992  -68.736  9.475 20.628653
68668  17.203  -69.363  10.411 20.533718
68669  18.120  -69.395  10.059 20.589455
68671  18.881  -69.415  9.792 20.550526
68672  20.744  -68.669  8.658 20.196699
68673  20.248  -69.425  9.311 20.155115
68674  20.849  -69.420  9.098 19.787632
68675  21.087  -70.187  9.296 19.268711
68676  21.431  -69.393  8.892 19.307426
68677  22.290  -65.921  8.230 20.018942
68678  22.006  -66.287  7.928 20.121552
68679  22.448  -66.240  7.938 19.711153
68680  23.250  -67.513  7.963 18.072206
68681  22.728  -67.662  8.002 18.731651
68682  22.988  -68.395  8.183 18.070168
68683  22.691  -69.242  8.445 18.051121
68684  23.291  -69.084  8.225 17.314215
68687  25.022  -67.237  7.716 15.102578
68692  17.312  -55.871  12.236 10.795130
68693  18.350  -56.276  11.904 11.130610
68694  17.728  -56.078  11.768 10.843334
68695  17.889  -56.266  10.591 10.722308
68696  18.526  -56.533  10.676 10.969867
68697  18.933  -56.799  10.109 11.050255
68698  19.946  -57.402  9.623 11.314610
68699  19.394  -56.996  9.552 11.141391
68703  18.627  -55.957  8.643 11.106030
68704  18.344  -56.103  9.076 10.921751
68705  19.411  -56.332  8.690 11.238802
68706  20.115  -56.694  8.745 11.350411
68707  20.363  -56.323  8.462 11.465934
68708  21.301  -56.363  8.306 11.604300
68709  20.612  -55.960  8.217 11.588371
74023  21.395  -60.703  24.150 11.029517
74024  20.942  -60.524  23.978 10.787853
74043  20.811  -59.565  23.189 10.776319
74045  21.410  -59.905  23.284 11.050261
74046  21.911  -60.268  23.341 11.305689
74047  22.391  -60.127  22.979 11.564791
74048  23.233  -60.526  22.588 12.069622
74049  22.816  -59.980  22.600 11.830651
74050  22.969  -59.061  21.940 12.133462
74051  23.501  -59.650  21.874 12.405914
74052  23.816  -59.549  21.426 12.725991
74053  24.528  -60.192  20.821 13.320791
74054  24.096  -59.485  20.900 13.073127
74055  20.196  -57.322  21.572 10.880357
74056  20.932  -57.671  21.732 11.200224
74057  21.253  -57.476  21.324 11.510484
74058  23.331  -58.187  19.870 13.254680
74059  23.139  -58.183  20.418 12.858326
74060  23.945  -58.731  19.845 13.565191
74061  24.490  -59.426  19.810 13.853461
74062  24.628  -59.456  19.203 14.282608
74063  25.192  -60.299  18.497 14.999101
74064  24.733  -59.513  18.623 14.729958
74065  24.293  -59.167  17.288 15.310506
74066  24.798  -59.836  17.246 15.636693
74067  24.752  -59.951  16.576 16.068026
74068  25.083  -60.755  15.788 16.796230
74069  24.722  -60.140  15.869 16.462589
74070  24.647  -60.355  15.251 16.803623
74071  24.317  -59.546  15.943 16.095161
74072  22.670  -57.875  16.701 14.594347
74073  23.328  -58.496  16.071 15.301402
74074  22.773  -58.067  16.102 14.893347
74075  22.886  -58.323  15.460 15.124824
74076  22.233  -57.733  16.047 14.487180
74077  19.521  -56.211  18.600 11.842040
74078  20.354  -56.510  18.236 12.498535
74079  19.744  -56.239  18.061 12.216132
74080  19.647  -56.226  16.662 12.558859
74081  20.269  -56.453  16.849 12.871479
74082  20.417  -56.631  16.248 13.127015
74083  21.088  -57.107  15.813 13.698746
74084  20.593  -56.847  15.645 13.321879
74085  20.786  -57.113  15.011 13.451849
74086  20.051  -56.598  15.451 12.958282
74087  18.190  -55.853  15.208 11.834811
74088  19.036  -56.181  14.892 12.269814
74089  18.508  -55.987  14.679 11.942236
74090  18.829  -56.129  14.154 12.006609
74091  17.974  -55.826  14.418 11.622257
74112  15.701  -55.600  14.035 10.602847
74113  16.754  -55.654  13.784 10.988554
74114  16.114  -55.528  13.588 10.663959
74115  16.490  -55.585  13.179 10.711433
78030  20.067  -69.851  34.426 10.819550
86225  15.260  -92.135  4.795 11.054444
86226  14.118  -92.189  5.086 10.911731
86230  11.636  -91.265  5.462 11.631106
86231  11.608  -91.575  5.230 11.124368
86232  12.521  -91.527  5.167 11.681279
86233  13.615  -91.654  4.943 11.738102
86242  5.500  -87.201  7.367 10.687723
86244  5.976  -87.158  6.943 10.936808
86245  7.645  -86.664  7.309 12.113189
86246  7.376  -87.261  6.936 11.574737
86247  8.057  -87.395  7.110 11.953362
86248  8.603  -88.302  6.988 11.816712
86249  8.931  -87.685  7.438 12.359899
86250  9.321  -84.883  8.770 13.641978
86251  8.792  -85.272  8.338 13.349804
86252  9.788  -85.576  8.684 13.631206
86254  10.820  -86.883  8.615 13.622905
86310  21.634  -71.784  31.289 12.282443
86311  21.678  -72.829  31.098 12.145329
86312  21.748  -72.887  30.378 12.405045
86313  21.390  -75.299  27.737 12.573181
86314  21.586  -75.095  28.544 12.406359
86315  21.181  -76.082  27.785 12.291720
86316  20.902  -76.774  27.834 11.992820
86317  20.525  -77.055  27.020 12.113464
86318  20.484  -76.450  24.413 13.018619
86319  20.738  -76.215  25.253 12.935322
86320  19.973  -77.077  24.457 12.696967
86321  17.832  -78.740  24.282 11.702109
86322  18.855  -78.207  24.787 12.008473
86323  18.328  -78.634  25.055 11.668578
86324  18.864  -78.498  25.821 11.625115
86325  17.811  -79.058  25.368 11.347067
86326  17.288  -79.478  25.716 11.052911
86327  16.748  -79.495  25.059 11.066314
86340  14.223  -77.096  21.270 11.514766
86341  13.438  -77.574  21.784 11.168972
86342  12.908  -76.939  21.515 11.202860
86343  10.048  -76.422  21.731 10.730083
86344  10.498  -76.873  21.978 10.672596
86350  7.956  -76.400  20.669 10.820172
86351  7.739  -76.909  21.227 10.588809
86352  7.125  -76.859  20.637 10.720112
86353  6.522  -77.235  20.515 10.670318
86354  6.502  -76.563  20.054 10.868221
86358  19.350  -62.319  28.503 10.795466
86360  19.796  -62.636  28.922 11.090981
86361  20.216  -63.064  29.213 11.387264
86362  20.715  -63.173  28.659 11.635784
86363  21.884  -62.474  26.442 11.794659
86364  21.247  -62.362  26.941 11.557401
86365  22.075  -63.048  26.725 12.067303
86366  23.006  -65.653  26.164 13.061048
86367  22.514  -64.505  26.925 12.610524
86368  22.727  -65.358  26.922 12.872728
86369  22.350  -65.028  27.579 12.664558
86370  22.873  -66.233  26.814 13.121446
86371  22.935  -67.124  26.590 13.349942
86372  23.092  -67.511  25.745 13.519375
86373  22.893  -70.737  22.449 14.152317
86374  22.953  -70.365  23.292 14.083320
86375  22.601  -71.677  22.135 14.231788
86376  22.244  -72.640  21.841 14.261153
86377  22.076  -72.776  21.006 14.288565
86378  24.859  -63.981  21.290 13.444537
86379  24.673  -63.787  22.034 13.213802
86380  24.770  -64.788  21.123 13.555742
86381  24.161  -67.664  19.608 13.997770
86382  24.406  -66.580  20.701 13.770013
86383  24.098  -67.583  20.363 13.875667
86384  24.058  -67.364  21.208 13.774091
86385  23.769  -68.468  20.149 13.978206
86386  21.608  -69.989  15.937 14.455972
86387  22.545  -69.755  16.636 14.404691
86388  21.871  -70.328  16.452 14.339797
86389  21.725  -71.522  17.528 14.222504
86390  22.339  -70.908  17.712 14.230519
86391  22.492  -71.063  18.419 14.217612
86392  23.033  -70.326  19.477 14.155761
86393  22.609  -71.125  19.187 14.217859
86394  22.689  -71.200  19.906 14.220600
86395  22.083  -71.855  18.944 14.252351
86396  20.029  -73.251  18.177 14.080105
86397  20.917  -73.175  18.657 14.209957
86398  20.322  -73.688  18.678 14.121121
86399  20.547  -74.067  19.246 14.152683
86400  19.621  -74.145  18.791 13.982381
86401  18.941  -74.533  19.018 13.792884
86402  18.640  -73.983  18.580 13.762117
86403  15.919  -72.546  18.880 13.207049
86404  16.486  -73.313  18.969 13.227582
86405  15.095  -72.794  19.288 12.938979
86406  14.228  -73.195  19.623 12.644533
86407  13.414  -72.477  19.459 12.651372
86408  13.114  -70.028  17.718 13.213924
86409  13.874  -70.559  18.229 13.187286
86410  11.996  -70.568  17.809 12.964515
86411  8.637  -72.073  17.750 12.228585
86412  10.007  -71.821  18.066 12.441703
86413  9.403  -72.548  18.301 12.169067
86414  10.203  -72.908  18.887 12.118877
86415  8.972  -73.442  18.560 11.891482
86416  8.627  -74.449  18.907 11.612841
86417  7.855  -73.916  18.405 11.700279
86418  5.457  -74.121  18.062 11.598115
86419  6.030  -74.560  18.542 11.449867
86420  5.342  -74.902  18.544 11.398993
86421  5.296  -75.753  18.965 11.209946
86422  4.792  -75.419  18.411 11.399704
86423  4.414  -76.111  18.169 11.450207
86424  4.472  -75.191  17.805 11.598399
86425  4.078  -73.673  15.985 12.144252
86426  3.953  -74.750  16.383 12.012538
86427  3.846  -74.477  15.743 12.224636
86428  3.674  -75.393  15.472 12.338286
86429  3.844  -74.392  15.198 12.440411
86430  5.750  -69.502  14.582 12.935947
86431  5.074  -70.587  15.025 12.686208
86432  5.121  -70.446  14.541 12.914232
86433  4.615  -72.524  13.896 13.245251
86434  4.420  -72.511  14.278 12.973695
86435  4.284  -73.547  14.109 13.046783
86436  4.004  -74.485  14.297 12.893685
86437  4.211  -74.716  13.923 13.139411
86438  4.186  -75.967  13.617 13.242433
86439  4.514  -75.026  13.602 13.403401
86440  6.032  -75.033  13.347 14.272102
86441  5.573  -76.027  13.272 13.995655
86442  6.320  -76.456  13.301 14.323359
86443  6.735  -77.781  13.183 14.372635
86444  7.094  -76.857  13.474 14.667787
86445  14.374  -65.315  11.731 16.335817
86446  13.347  -65.406  11.823 15.817389
86447  13.579  -65.239  11.037 16.273552
86448  12.060  -66.155  10.311 16.606207
86449  11.876  -65.821  10.586 16.128332
86450  10.912  -66.514  10.808 16.057188
86451  9.762  -67.023  11.311 15.527044
86452  9.931  -67.458  11.396 15.993028
86453  12.250  -68.573  11.482 18.433693
86454  12.129  -67.939  10.866 18.012613
86455  11.359  -68.903  11.953 17.923531
86456  9.381  -71.502  13.502 16.806780
86457  9.642  -70.042  12.796 16.871645
86458  8.942  -70.653  13.046 16.355013
86459  8.515  -69.811  12.669 15.894563
86460  8.270  -71.421  13.234 15.860392
86461  7.584  -72.270  13.308 15.397778
86462  8.193  -73.064  13.704 15.833694
86466  8.800  -78.079  13.759 15.383107
86557  24.415  -60.762  14.024 17.264223
86558  24.430  -61.664  13.162 17.824198
86559  24.308  -61.119  13.294 17.360594
86560  24.043  -61.360  11.772 16.702450
86561  24.171  -61.816  11.710 17.255360
86562  24.114  -62.248  10.910 17.052490
86563  24.109  -63.148  10.023 17.346317
86564  24.071  -62.673  10.129 16.753393
86565  23.139  -59.597  11.812 14.562880
86566  23.404  -60.007  11.851 15.068153
86567  23.520  -60.544  11.033 14.828967
86568  24.311  -62.447  8.942 14.751684
86569  24.069  -62.143  9.497 15.201912
86570  24.348  -62.945  8.910 15.302993
86571  24.345  -63.410  8.842 15.892255
86572  24.606  -63.695  8.530 15.348047
86573  24.791  -64.518  8.225 15.341629
86574  24.957  -64.015  8.273 14.743649
86575  25.813  -63.986  7.835 12.952022
86576  25.701  -64.687  7.843 13.416390
86577  26.074  -64.986  7.611 12.729991
86580  20.215  -57.454  10.966 11.685575
86581  20.629  -57.651  11.158 11.943531
86582  20.978  -58.159  10.467 11.898960
86583  22.979  -59.199  8.940 12.038583
86584  22.486  -59.169  9.383 12.174415
86585  23.250  -59.589  8.912 12.225233
86586  23.452  -59.991  8.943 12.448480
86587  23.887  -59.909  8.609 12.211403
86589  24.316  -58.659  8.153 11.609577
86590  25.073  -59.043  7.880 11.459652
86592  25.653  -60.296  7.808 11.532458
86594  25.296  -60.894  8.058 11.982897
93200  5.449  -80.944  19.789 10.680606
93201  5.586  -80.237  19.503 10.800846
93202  5.707  -79.974  18.688 11.059676
93203  5.472  -79.747  17.956 11.333387
93204  5.116  -79.742  17.311 11.613655
93205  4.882  -79.037  17.701 11.455453
93206  4.383  -78.345  17.504 11.569215
93207  4.026  -77.626  17.357 11.677642
93213  25.452  -62.206  15.480 17.317442
93214  25.472  -62.984  15.247 17.485844
93215  25.272  -63.086  14.560 17.931240
93216  24.839  -63.845  13.645 18.477131
93217  24.188  -64.558  12.786 18.949230
93218  23.287  -65.116  12.074 19.346378
93219  23.813  -64.637  12.228 19.285460
93220  23.584  -64.717  11.556 19.547085
93221  23.410  -64.770  10.897 19.724821
93222  23.290  -64.973  10.225 19.810566
93223  23.784  -64.408  11.000 19.480516
93224  24.074  -63.894  11.137 19.154463
93225  24.172  -63.418  11.187 18.755819
96736  8.085  -81.717  10.691 14.043494
96737  8.925  -82.497  10.327 14.070465
96738  9.236  -82.147  10.925 14.279238
96739  10.372  -82.535  11.095 14.530495
96740  11.513  -82.871  11.166 14.791721
96741  12.506  -82.981  11.094 15.056515
96742  11.764  -82.486  11.625 15.047096
96745  21.758  -74.749  32.602 10.802370
96746  21.841  -75.766  31.943 10.911530
96747  21.792  -74.778  32.018 11.143435
96748  21.819  -74.763  31.434 11.455647
96749  21.818  -74.787  30.810 11.737945
96750  21.376  -74.590  22.865 13.902777
96751  20.903  -75.430  22.800 13.701971
96752  20.647  -75.602  22.028 13.755071
96753  19.752  -76.333  21.306 13.531274
96754  18.688  -76.743  20.768 13.250133
96755  17.633  -76.860  20.463 12.930715
96756  18.274  -76.407  20.206 13.266635
96757  17.878  -75.878  19.833 13.273921
96758  17.608  -75.261  19.517 13.272440
96759  22.167  -61.229  24.652 11.502039
96760  22.475  -61.655  24.907 11.739896
96761  23.024  -61.779  24.414 11.968832
96762  23.649  -62.567  23.973 12.406229
96763  24.161  -63.431  23.386 12.809368
96764  18.614  -67.912  15.350 15.195123
96765  18.837  -68.596  15.554 14.889815
96766  17.694  -67.898  15.767 14.865766
96767  16.640  -67.935  16.130 14.543619
96768  15.438  -68.067  16.382 14.230802
96769  14.184  -68.263  16.511 13.928509
96770  13.777  -67.646  15.988 14.118690
96771  12.292  -67.336  15.346 13.997126
96772  10.909  -67.092  14.685 13.873328
96773  9.775  -67.101  14.241 13.754857
96774  10.961  -66.625  14.023 14.141795
96775  11.002  -66.174  13.160 14.459032
96776  11.122  -65.842  12.302 14.822359
96777  15.399  -69.303  11.131 20.174076
96778  14.469  -69.389  11.527 19.887161
96799  20.397  -57.062  13.328 12.733328
96800  21.137  -57.657  12.842 13.067329
96801  20.820  -57.418  12.642 12.691657
96802  21.161  -57.820  11.981 12.621474
96803  21.461  -58.235  11.299 12.529846
101043  6.660  -83.322  17.201 10.965649
101044  6.573  -84.076  17.232 10.711983
101045  6.983  -84.012  16.360 10.911304
101046  7.316  -84.699  15.467 10.784215
101047  7.375  -85.386  14.354 10.582102
101049  7.116  -85.465  13.182 10.713291
101050  6.690  -85.656  12.065 10.841269
101051  6.211  -85.904  11.104 10.967584
101052  5.737  -86.074  10.384 11.096467
101053  6.121  -85.289  11.404 11.417209
101054  5.843  -84.655  11.703 11.830186
101055  5.459  -84.045  11.943 12.190531
101056  3.974  -80.381  14.425 12.618274
101057  4.253  -81.229  13.739 12.709202
101058  3.988  -80.536  13.676 12.811171
101059  4.136  -80.664  12.862 12.982538
101060  4.325  -80.765  12.211 13.140631
101061  4.614  -80.848  11.664 13.295307
101062  4.385  -80.018  12.329 13.232925
101063  4.482  -79.253  12.525 13.328915
101064  4.592  -78.505  12.685 13.442797
101065  19.578  -67.813  33.798 11.311440
101066  20.365  -68.448  33.322 11.712440
101067  19.965  -67.685  33.411 11.576962
101068  20.353  -67.584  32.886 11.828042
101069  20.724  -67.497  32.349 12.067866
101070  20.485  -64.987  31.005 11.792052
101071  20.847  -65.773  31.078 12.064137
101072  21.274  -65.802  30.394 12.288732
101073  21.819  -66.753  29.531 12.752217
101074  22.229  -67.895  28.581 13.164324
101075  22.412  -69.207  27.421 13.505606
101076  22.481  -68.253  27.720 13.362026
101077  22.732  -68.630  26.872 13.547167
101078  22.854  -69.012  26.021 13.715657
101079  25.061  -61.646  20.554 13.700307
101080  25.235  -62.478  20.363 13.831639
101081  25.447  -62.544  19.771 14.202622
101082  25.646  -63.450  18.859 14.681400
101083  25.635  -64.366  17.885 15.131104
101084  24.302  -65.764  14.156 17.450480
101085  24.585  -65.920  14.720 16.928320
101086  23.623  -66.357  13.941 17.278435
101087  22.946  -66.882  13.903 17.056309
101088  22.286  -67.254  13.933 16.793972
101089  21.554  -67.530  14.052 16.501410
101090  21.201  -67.153  13.686 16.992922
101091  20.213  -66.782  13.642 17.146547
101092  19.306  -66.313  13.572 17.256754
101093  18.093  -66.035  13.186 17.326521
101094  18.829  -66.045  12.943 17.753939
101095  18.606  -65.936  12.197 18.244995
101096  18.484  -65.882  11.398 18.717602
101097  20.595  -65.688  9.637 20.277590
101098  20.021  -65.697  9.668 20.112076
101099  20.211  -65.642  9.129 20.381044
101100  19.913  -65.636  8.475 20.445112
101101  19.612  -65.947  7.886 20.473986
101102  19.098  -66.553  7.743 20.470169
101103  19.747  -66.512  7.696 20.644323
101104  19.708  -67.368  7.966 20.732269
101105  19.634  -68.075  8.462 20.727566
101106  19.563  -68.758  8.988 20.621376
101107  20.237  -67.973  8.289 20.661171
101108  20.733  -67.912  8.231 20.489336
101109  21.212  -67.822  8.183 20.207464
101110  23.248  -65.746  8.219 19.097109
101111  22.889  -66.233  7.971 19.209021
101112  23.346  -66.132  7.987 18.630671
101113  23.527  -66.693  7.928 18.049849
101114  23.737  -67.293  7.917 17.364639
101115  24.045  -67.944  7.925 16.592083
101116  24.209  -67.027  7.869 16.634909
101117  24.686  -66.770  7.873 15.908352
101118  25.037  -66.315  7.894 15.207467
104332  21.261  -59.261  22.894 11.024740
104333  22.317  -59.452  22.617 11.566904
104334  21.687  -58.987  22.638 11.279902
104335  22.040  -58.746  22.306 11.548373
104336  22.361  -58.522  21.933 11.836306
104337  20.819  -57.004  20.702 11.534714
104338  21.537  -57.351  20.858 11.849873
104339  21.750  -57.268  20.318 12.217754
104340  22.667  -57.696  19.848 12.933009
104341  23.533  -58.222  19.303 13.673211
104342  24.246  -58.887  18.612 14.428362
104343  23.654  -58.292  18.691 14.105559
104344  23.705  -58.416  18.018 14.540189
104345  23.747  -58.589  17.268 14.962635
104346  23.874  -58.755  16.601 15.356568
104347  23.170  -58.101  17.295 14.603410
104348  22.582  -57.702  17.288 14.241546
104349  21.950  -57.352  17.303 13.883625
104350  18.274  -55.806  18.064 11.359834
104351  19.149  -55.984  17.835 11.949928
104352  18.576  -55.854  17.526 11.697935
104353  18.864  -55.920  16.984 12.000715
104354  19.071  -56.043  16.388 12.257505
104355  19.340  -56.197  15.804 12.461036
104356  18.484  -55.890  16.066 11.965377
104357  17.881  -55.773  15.730 11.679680
104358  17.329  -55.695  15.415 11.396866
111642  10.130  -90.990  5.517 11.016318
111643  10.996  -90.919  5.802 11.595044
111644  11.916  -90.879  5.911 12.151702
111645  12.760  -90.789  5.787 12.667569
111646  12.179  -90.515  6.314 12.670313
111649  5.915  -85.925  7.912 11.774191
111650  6.241  -86.494  7.276 11.499364
111651  6.511  -85.872  7.657 12.014521
111652  7.240  -85.940  7.606 12.287812
111653  8.020  -86.189  7.673 12.591396
111654  11.493  -85.421  9.420 14.186864
111655  10.888  -85.856  9.100 13.927002
111656  12.039  -85.965  9.342 14.230453
111681  20.391  -78.919  29.480 10.872963
111682  19.993  -79.521  29.742 10.646078
111683  19.611  -79.334  29.115 10.772536
111684  18.624  -79.613  28.810 10.651976
111690  21.786  -72.017  29.738 12.775867
111691  21.775  -73.094  29.542 12.637750
111692  21.743  -73.235  28.706 12.844740
111693  21.550  -74.412  27.751 12.822888
111694  21.183  -75.560  26.916 12.715272
111695  18.561  -77.995  23.083 12.450958
111696  19.004  -77.836  23.821 12.407797
111697  17.939  -78.484  23.272 12.087155
111698  17.338  -78.835  23.580 11.729269
111699  16.745  -79.178  24.002 11.388761
111700  16.176  -79.492  24.477 11.074983
111701  15.598  -79.440  23.933 11.082180
111702  14.402  -79.333  24.043 10.793406
111708  13.176  -75.803  20.842 11.584572
111709  12.330  -76.252  21.278 11.242806
111710  11.852  -75.575  21.098 11.288576
111711  10.594  -75.715  21.293 11.024690
111712  9.573  -76.096  21.480 10.798310
111713  8.873  -76.573  21.742 10.613902
111714  9.234  -75.951  21.178 10.877833
111715  8.740  -75.938  20.669 10.968801
111716  8.135  -75.888  20.112 11.071561
111721  19.951  -62.307  27.948 11.053586
111722  23.153  -64.233  25.581 12.733139
111723  22.740  -63.979  26.254 12.546238
111724  23.239  -65.102  25.521 12.983474
111725  23.282  -66.026  25.360 13.226351
111726  23.283  -67.026  25.106 13.455580
111727  23.233  -67.997  24.826 13.663979
111728  23.352  -68.413  23.948 13.781749
111729  23.154  -69.718  22.755 14.030054
111730  22.838  -70.993  21.571 14.195172
111731  24.878  -65.921  19.436 14.089749
111732  24.747  -65.796  20.185 13.858902
111733  24.577  -66.822  19.174 14.121896
111734  24.225  -67.720  18.855 14.150970
111735  23.828  -68.572  18.534 14.178420
111736  20.102  -70.694  16.107 14.229693
111737  21.147  -70.799  16.395 14.268596
111738  20.415  -71.179  16.469 14.186547
111739  20.776  -71.647  16.921 14.177052
111740  21.072  -72.023  17.469 14.191505
111741  21.274  -72.293  18.100 14.219761
111742  20.392  -72.431  17.510 14.131249
111743  19.724  -72.806  17.657 14.035993
111744  19.024  -73.113  17.951 13.901371
111745  18.319  -73.409  18.237 13.724773
111746  17.905  -72.846  18.003 13.685692
111747  16.673  -72.344  18.411 13.444868
111748  15.261  -71.768  18.791 13.189963
111749  9.619  -70.008  16.860 12.817324
111750  10.142  -70.623  17.323 12.751653
111751  8.695  -70.748  17.124 12.557096
111752  7.948  -71.582  17.353 12.300707
111753  7.412  -72.456  17.642 12.047338
111754  7.056  -73.361  18.039 11.797093
111755  6.410  -72.801  17.599 11.904858
111756  5.613  -73.186  17.577 11.806720
111757  4.964  -73.605  17.512 11.756566
111758  4.530  -74.202  17.308 11.755850
111759  4.619  -73.259  16.865 11.925138
111760  4.369  -72.925  16.224 12.104494
111761  4.249  -72.636  15.643 12.296174
111762  6.104  -69.148  13.730 13.471269
111763  5.249  -70.269  14.125 13.174461
111764  5.523  -70.218  13.760 13.469036
111765  5.089  -71.451  13.737 13.494750
111766  4.950  -72.735  13.622 13.544265
111767  4.923  -74.158  13.508 13.611318
111768  5.313  -73.005  13.425 13.871072
111769  5.800  -73.411  13.303 14.223931
111770  6.445  -74.028  13.300 14.598969
111771  14.877  -65.179  10.123 17.290976
111772  13.854  -65.267  10.334 16.748343
111773  14.091  -65.449  9.771 17.230862
111774  13.188  -65.947  9.776 17.161373
111775  12.108  -66.695  10.330 17.087408
111776  11.168  -70.801  13.232 18.228968
111777  10.804  -70.128  12.850 17.831564
111778  10.459  -71.591  13.673 17.737818
111779  9.872  -72.287  13.928 17.239243
111780  9.324  -73.013  14.050 16.744825
111781  8.783  -73.797  14.072 16.265669
111838  23.786  -59.770  14.111 16.326427
111839  24.122  -60.674  13.303 16.868130
111840  23.776  -60.066  13.407 16.359146
111841  23.815  -60.483  12.615 16.298340
111842  23.852  -60.926  11.823 16.146223
111843  23.406  -60.624  10.232 14.055646
111844  23.663  -61.015  10.246 14.530153
111845  23.860  -61.376  9.566 14.180209
111846  24.275  -62.052  9.046 14.245197
111847  24.662  -62.732  8.616 14.249963
111848  25.016  -63.491  8.309 14.197274
111849  25.074  -62.946  8.314 13.708129
111850  25.451  -63.070  8.055 13.139410
111852  20.987  -58.144  9.731 11.661498
111853  21.374  -58.432  9.834 11.852017
111854  21.797  -58.556  9.295 11.803437
111855  22.580  -58.834  8.959 11.883317
111856  23.378  -59.057  8.668 11.897305
111858  25.832  -59.565  7.571 11.247563
117629  5.831  -82.802  18.706 10.720249
117630  5.703  -81.552  19.275 10.796287
117631  5.973  -82.154  18.628 10.893659
117632  6.283  -82.718  17.960 10.955410
117633  6.606  -82.596  17.152 11.202587
117634  6.672  -82.483  16.262 11.453044
117635  6.467  -82.528  15.386 11.698005
117636  6.127  -82.663  14.572 11.928586
117637  5.949  -81.892  15.518 11.935465
117638  5.340  -81.337  15.566 12.130235
117639  4.689  -80.812  15.399 12.283254
117640  4.726  -79.781  16.703 11.890942
117641  4.367  -79.980  16.029 12.155564
117642  4.162  -80.188  15.212 12.399667
117643  3.776  -79.443  15.032 12.487654
117644  3.596  -78.576  14.902 12.557775
117645  3.589  -77.696  14.679 12.621653
117647  18.607  -65.503  33.166 10.915533
117648  18.044  -64.940  32.848 10.636858
117649  18.526  -64.666  32.391 10.845964
117650  19.039  -64.455  31.900 11.058820
117652  18.470  -63.910  31.611 10.756631
117653  19.547  -64.320  31.422 11.277539
117654  20.067  -64.290  30.842 11.503189
117655  20.540  -64.317  30.247 11.735222
117656  21.053  -64.376  29.642 11.971483
117657  25.758  -61.729  18.180 15.400205
117658  25.867  -62.606  17.880 15.518959
117659  25.874  -62.638  17.315 16.009113
117660  25.723  -63.567  16.359 16.578678
117661  25.362  -64.482  15.330 17.099241
117662  25.351  -63.732  14.997 17.583929
117663  25.104  -64.466  14.715 17.609337
117664  24.772  -65.170  14.402 17.563219
117665  23.880  -65.665  13.605 17.965960
117666  22.835  -65.975  13.015 18.305597
117667  21.689  -66.132  12.621 18.583305
117668  20.705  -66.093  12.229 18.802345
117669  21.356  -65.936  12.115 19.045433
117670  21.120  -65.831  11.489 19.463226
117671  20.977  -65.710  10.807 19.827351
117672  22.423  -65.451  11.409 19.671375
117673  21.609  -65.615  10.835 19.930008
117674  21.061  -65.688  10.154 20.129530
117675  21.140  -65.717  9.566 20.362438
117676  21.197  -65.711  9.122 20.518188
117677  21.330  -65.760  8.577 20.588152
117678  21.462  -66.001  8.147 20.562336
117679  21.793  -65.761  8.592 20.448334
117680  22.220  -65.713  8.608 20.208967
117681  22.640  -65.606  8.640 19.872295
117682  23.186  -65.138  9.616 19.797060
117683  23.088  -65.280  9.138 19.677490
117684  23.167  -65.477  8.651 19.445562
117685  23.539  -65.292  8.617 18.941343
117686  23.828  -64.999  8.624 18.376078
117687  24.035  -64.625  8.675 17.769022
120191  19.437  -57.015  21.401 10.571389
120194  19.747  -56.810  20.952 10.888227
120195  20.079  -56.674  20.462 11.233802
120196  20.379  -56.644  19.936 11.605022
120197  20.594  -56.663  19.410 11.996056
120198  20.793  -56.712  18.926 12.397589
120199  19.918  -56.390  19.212 11.715219
120200  19.270  -56.152  19.038 11.455573
120201  18.631  -55.949  18.846 11.217262
120203  17.706  -55.821  19.020 10.627163
120204  17.998  -55.779  18.607 10.998617
120205  17.357  -55.716  18.204 10.796679
120206  16.643  -55.683  17.823 10.607138
125876  9.229  -90.403  5.957 11.041473
125877  9.577  -89.708  6.484 11.633963
125878  6.601  -83.450  8.954 13.241929
125879  7.221  -84.211  8.517 13.170525
125880  7.678  -83.753  8.803 13.436198
125881  8.769  -84.123  8.892 13.654067
125882  9.930  -84.473  9.264 13.893591
125883  9.728  -83.263  9.923 14.094698
125884  10.430  -84.033  9.640 14.120200
125885  10.967  -84.757  9.493 14.150243
125886  12.031  -84.909  9.600 14.418338
125903  21.279  -78.532  30.691 10.732961
125904  21.823  -76.728  31.282 10.969442
125905  21.573  -77.653  30.604 10.978790
125906  21.060  -78.404  29.932 10.944396
125907  20.744  -78.235  29.294 11.124450
125908  20.420  -78.115  28.688 11.274280
125909  20.077  -78.031  27.984 11.396146
125910  21.850  -73.146  26.335 13.491925
125911  21.631  -74.095  26.198 13.326539
125912  21.572  -74.518  25.274 13.446311
125913  20.976  -75.699  24.394 13.306627
125914  20.117  -76.710  23.557 13.087450
125915  20.337  -76.186  22.724 13.445832
125916  19.754  -76.871  22.763 13.143764
125917  19.155  -77.478  22.892 12.807658
125918  18.168  -78.105  22.355 12.487327
125919  17.048  -78.368  22.087 12.145493
125920  15.968  -78.270  21.996 11.798664
125921  14.987  -78.056  22.043 11.460396
125922  15.615  -77.803  21.582 11.823029
125923  15.322  -77.166  21.234 11.849075
125924  14.937  -76.621  20.847 11.876854
125925  16.638  -76.593  20.449 12.590534
125926  15.595  -76.222  20.464 12.244802
125927  14.462  -75.988  20.593 11.906058
125928  13.999  -75.388  20.458 11.936574
125929  13.455  -74.849  20.391 11.968281
125930  12.780  -74.421  20.252 12.001575
125932  19.943  -61.623  26.616 10.746920
125933  20.625  -61.510  26.243 11.007824
125934  21.609  -61.947  26.137 11.525242
125935  22.422  -62.648  25.895 12.018715
125936  22.725  -62.173  25.140 11.982091
125937  22.934  -62.785  25.327 12.229208
125938  23.075  -63.524  25.477 12.480358
125939  23.534  -64.543  24.810 12.901732
125940  23.826  -65.632  23.984 13.274096
125941  23.871  -66.882  22.897 13.589874
125942  22.842  -68.822  15.524 14.929588
125943  23.001  -68.991  16.182 14.670271
125944  22.060  -69.309  15.425 14.776657
125945  21.295  -69.664  15.475 14.623513
125946  20.583  -69.909  15.593 14.470248
125947  19.163  -69.124  15.658 14.641676
125948  19.470  -69.572  15.746 14.451108
125949  19.790  -70.122  15.829 14.315470
125950  19.037  -70.322  16.179 14.156621
125951  18.299  -70.481  16.677 13.990322
125952  17.468  -70.552  17.318 13.812943
125953  16.634  -70.587  17.908 13.620803
125954  16.105  -69.895  17.773 13.640975
125955  14.371  -69.617  17.633 13.456608
125956  12.421  -69.525  17.127 13.267865
125957  12.982  -68.518  16.530 13.636939
125958  11.804  -68.916  16.440 13.355482
125959  10.683  -69.463  16.594 13.082858
125960  9.055  -69.392  16.292 12.909897
125961  7.652  -69.407  16.026 12.757045
125962  6.571  -69.636  15.741 12.631695
125963  5.806  -70.141  15.660 12.540256
125964  6.440  -69.212  15.216 12.795139
125965  6.472  -68.845  14.652 12.992570
125966  6.555  -68.441  14.096 13.227727
125967  8.665  -67.356  13.877 13.649361
125968  7.694  -67.729  13.685 13.563606
125969  6.858  -68.295  13.658 13.503129
125970  7.053  -68.245  13.269 13.819559
125971  7.272  -68.256  12.868 14.175807
125972  7.538  -68.386  12.596 14.568292
125973  15.300  -66.829  9.036 19.088188
125974  14.299  -66.852  9.433 18.609852
125975  14.203  -67.531  9.906 19.009539
125976  13.240  -68.283  10.900 18.916739
125977  12.454  -69.212  11.973 18.812841
125978  13.543  -69.569  11.974 19.539879
125979  12.677  -69.767  12.488 19.141083
125980  11.893  -70.318  12.893 18.700525
126025  22.072  -58.163  14.020 14.399469
126026  22.714  -58.814  13.369 14.837109
126027  22.293  -58.479  13.250 14.357700
126028  22.554  -58.831  12.498 14.251143
126029  22.834  -59.298  11.734 14.087613
126030  21.916  -58.306  12.268 13.373918
126031  22.527  -59.019  11.646 13.645867
126032  22.972  -59.796  10.950 13.875559
126033  23.156  -60.253  10.173 13.622741
126034  23.479  -60.554  9.598 13.336180
126035  23.890  -60.712  9.172 13.022448
126036  22.506  -57.313  8.377 11.628989
126037  22.998  -57.814  8.406 11.652225
135255  5.327  -86.605  8.121 11.041029
135256  5.415  -86.137  9.696 11.234254
135257  5.264  -86.125  8.984 11.388504
135258  5.456  -86.001  8.364 11.566588
135259  5.583  -85.393  8.628 12.041487
135260  5.689  -84.720  8.865 12.451866
135261  5.733  -84.046  9.091 12.793166
135262  5.728  -82.945  13.748 12.138529
135263  5.332  -83.232  12.892 12.324789
135264  5.047  -83.495  12.074 12.488894
135265  4.460  -82.105  12.935 12.747314
135266  4.678  -82.921  12.112 12.724072
135267  4.928  -83.673  11.185 12.636262
135268  4.993  -83.684  10.476 12.775829
135269  5.281  -83.574  9.862 12.917393
135270  5.846  -83.385  9.328 13.070322
135271  6.023  -82.798  9.558 13.295630
135272  6.284  -82.280  9.832 13.485351
135273  6.580  -81.855  10.268 13.657039
135274  5.043  -80.936  11.228 13.456502
135275  5.854  -81.108  10.875 13.632174
135276  6.897  -81.356  10.694 13.827345
135277  7.231  -80.938  11.144 14.009907
135278  7.585  -80.556  11.669 14.215672
135279  7.929  -80.134  12.299 14.452344
135280  21.191  -71.097  33.240 11.449506
135281  21.472  -71.835  32.521 11.685701
135282  21.279  -70.949  32.693 11.779239
135283  21.389  -70.847  32.096 12.083101
135284  21.569  -70.892  31.409 12.362384
135285  21.001  -69.178  32.615 12.073248
135286  21.437  -70.011  31.733 12.379942
135287  21.713  -70.938  30.767 12.618243
135288  21.797  -71.079  29.999 12.852221
135289  21.875  -71.318  29.145 13.065679
135290  21.886  -71.438  28.275 13.259748
135291  19.486  -65.976  32.841 11.396297
135292  20.317  -66.622  32.408 11.861756
135293  21.031  -67.415  31.707 12.299199
135294  21.139  -66.602  31.076 12.311239
135295  21.356  -67.415  30.990 12.524057
135296  21.508  -68.248  30.770 12.692814
135297  21.808  -69.282  29.673 13.024607
135298  21.965  -70.451  28.545 13.276945
135299  21.953  -71.752  27.386 13.435358
135300  22.019  -72.157  26.540 13.593111
135301  22.043  -72.641  25.650 13.733158
135302  21.997  -73.070  24.841 13.855109
135303  22.421  -70.597  26.250 13.758801
135304  22.287  -72.152  25.004 13.911481
135305  21.897  -73.444  23.904 13.958449
135306  21.760  -73.761  23.044 14.042145
135307  21.605  -74.083  22.218 14.105472
135308  21.322  -74.287  21.428 14.147695
135309  23.908  -61.642  22.647 12.481142
135310  24.237  -62.321  22.674 12.662794
135311  24.459  -62.352  22.121 12.916543
135312  24.854  -63.228  21.394 13.325432
135313  25.061  -64.146  20.581 13.704550
135314  25.295  -63.311  20.128 13.929285
135315  25.231  -64.218  19.898 13.999887
135316  25.098  -65.062  19.667 14.050986
135317  24.992  -65.985  18.650 14.362846
135318  24.730  -66.863  17.636 14.638577
135319  24.281  -67.638  16.688 14.877729
135320  25.828  -63.526  17.533 15.580444
135321  25.685  -64.403  17.184 15.587564
135322  25.438  -65.237  16.880 15.546598
135323  24.822  -66.003  15.314 16.414742
135324  25.006  -66.043  15.953 15.923507
135325  25.136  -66.048  16.577 15.466098
135326  24.695  -66.834  16.237 15.355511
135327  24.163  -67.568  15.968 15.224151
135328  23.565  -68.224  15.755 15.080113
135329  22.544  -68.522  15.035 15.245923
135330  21.445  -68.549  14.698 15.375473
135331  20.378  -68.358  14.745 15.469338
135332  20.787  -67.738  14.271 16.187759
135333  20.097  -67.868  14.562 15.861139
135334  19.399  -67.927  14.915 15.528373
135335  18.390  -67.306  15.107 15.554022
135336  17.029  -66.724  14.883 15.548774
135337  15.438  -66.229  14.308 15.516269
135338  14.142  -65.898  13.599 15.461369
135339  15.268  -65.898  13.463 15.932951
135340  15.265  -65.603  12.568 16.382431
135341  15.381  -65.304  11.654 16.854006
135342  17.081  -65.725  12.501 17.359701
135343  16.268  -65.338  11.694 17.361252
135344  15.525  -65.132  10.816 17.336443
135345  15.762  -65.149  10.048 17.818113
135346  16.044  -65.302  9.322 18.288008
135347  16.245  -65.588  8.651 18.735332
135348  19.871  -66.005  11.788 18.967690
135349  19.143  -65.921  11.253 19.085405
135350  18.590  -65.719  10.596 19.161234
135351  19.475  -65.628  9.761 19.872875
135352  18.848  -65.579  9.837 19.566872
135353  18.179  -65.484  9.884 19.201044
135354  17.831  -65.343  9.145 19.209694
135355  17.253  -65.500  8.489 19.191395
135356  16.303  -66.160  8.536 19.149851
135357  16.329  -66.783  8.605 19.521667
135358  16.225  -67.452  8.957 19.840942
135359  16.159  -68.052  9.496 20.098242
135360  18.231  -67.430  8.191 20.435797
135361  17.097  -68.085  9.139 20.373030
135362  16.151  -68.668  10.110 20.284618
135363  16.300  -69.324  10.777 20.392429
135370  19.599  -69.442  9.537 20.408121
135371  19.801  -70.200  9.826 20.087561
135376  21.592  -66.343  7.893 20.430494
135377  21.623  -66.995  7.958 20.183418
135378  21.692  -67.750  8.126 19.815351
135379  22.550  -66.962  7.917 19.281591
135380  22.186  -67.737  8.043 19.319098
135381  21.819  -68.453  8.393 19.326065
135382  22.034  -69.300  8.684 18.723145
135383  22.361  -70.037  8.700 18.022709
135394  18.446  -56.175  12.587 11.404612
135395  19.405  -56.670  12.179 11.709558
135396  18.910  -56.450  12.043 11.416712
135397  19.328  -56.789  11.467 11.428261
135398  19.701  -57.178  10.884 11.442593
135399  18.133  -56.265  11.298 10.900990
135400  19.136  -56.870  10.799 11.206914
135401  20.116  -57.577  10.227 11.461524
135402  20.519  -57.801  9.650 11.485071
135403  20.979  -57.773  9.183 11.512873
135404  21.357  -57.561  8.863 11.543968
135407  17.681  -56.090  9.965 10.594899
135409  18.057  -56.155  9.500 10.750808
135410  18.772  -56.571  9.525 10.956362
135411  19.780  -56.904  9.116 11.241905
135412  20.744  -57.099  8.820 11.449265
135413  21.656  -57.222  8.607 11.578012
135414  21.987  -56.834  8.317 11.615339
141965  5.599  -78.916  20.216 10.580541
141966  5.563  -78.161  19.902 10.716492
141989  20.607  -60.952  25.053 10.747904
141992  21.234  -60.926  24.749 11.010239
141993  21.812  -60.925  24.390 11.266331
141994  22.342  -60.979  23.953 11.518011
141995  22.783  -60.988  23.513 11.768637
142020  21.445  -60.383  23.685 11.048170
142021  22.357  -60.641  23.392 11.544019
142022  23.196  -61.063  23.055 12.022557
142023  23.607  -61.072  22.595 12.285206
142024  23.950  -61.052  22.126 12.562070
142025  24.263  -60.988  21.659 12.858826
142026  23.218  -59.769  22.231 12.109111
142027  23.930  -60.294  21.776 12.648333
142028  24.585  -60.906  21.182 13.180343
142029  24.846  -60.917  20.702 13.530561
142030  25.098  -60.940  20.141 13.911588
142031  25.273  -60.946  19.561 14.323250
142032  20.571  -57.918  22.115 10.917081
142033  21.643  -58.075  21.865 11.522074
142034  22.630  -58.373  21.500 12.148763
142035  22.218  -57.740  20.963 12.171217
142036  22.889  -58.218  21.028 12.489079
142037  23.576  -58.872  20.998 12.793062
142038  24.301  -59.454  20.390 13.449167
142039  24.931  -60.156  19.704 14.109000
142040  25.422  -60.920  19.005 14.763023
142041  25.531  -60.985  18.363 15.225249
142042  25.540  -61.093  17.680 15.701247
142043  25.515  -61.197  16.990 16.179537
142044  24.794  -59.702  17.901 15.185651
142045  25.219  -60.525  17.136 15.930116
142046  25.437  -61.315  16.341 16.645916
142047  25.331  -61.447  15.660 17.084688
142048  25.179  -61.621  14.957 17.479227
142049  25.010  -61.845  14.251 17.813631
142050  24.737  -62.021  13.622 18.073252
142051  24.783  -61.175  14.490 17.467113
142052  24.540  -60.537  14.639 17.075243
142053  24.225  -59.964  14.719 16.649670
142054  23.860  -58.991  15.997 15.704796
142055  23.864  -59.220  15.399 15.991178
142056  23.832  -59.474  14.765 16.201775
142057  23.382  -59.004  14.824 15.741780
142058  22.901  -58.591  14.826 15.278529
142059  22.399  -58.218  14.807 14.819401
142060  20.992  -56.803  18.379 12.797576
142061  21.175  -56.885  17.811 13.181664
142062  21.355  -57.029  17.194 13.534423
142063  20.006  -56.304  17.481 12.563901
142064  20.791  -56.726  17.032 13.196608
142065  21.538  -57.223  16.552 13.840828
142066  21.682  -57.431  15.939 14.087846
142067  21.769  -57.637  15.370 14.265988
142068  21.883  -57.874  14.750 14.370038
142069  21.463  -57.653  14.533 13.934848
142070  20.959  -57.325  14.409 13.516847
142071  20.460  -56.996  14.265 13.117847
142072  19.531  -56.376  15.204 12.607980
142073  19.782  -56.569  14.595 12.698953
142074  20.055  -56.779  13.986 12.738437
142075  19.628  -56.536  13.742 12.378146
142076  19.153  -56.334  13.543 12.035069
142077  18.645  -56.159  13.329 11.706151
142096  16.025  -55.610  16.046 10.759783
142097  16.354  -55.621  15.570 10.957743
142098  16.701  -55.608  15.073 11.112806
142100  16.007  -55.572  14.748 10.822385
142101  17.062  -55.625  14.603 11.227160
142102  17.407  -55.707  14.119 11.306003
142103  17.754  -55.840  13.616 11.356551
142104  18.082  -55.988  13.087 11.386821
142105  17.506  -55.844  12.915 11.071356
142106  16.881  -55.668  12.737 10.752879
146830  21.730  -73.858  33.171 10.641657
146831  21.565  -72.935  33.262 10.827291
146832  21.373  -72.109  33.451 10.981061
146858  21.039  -71.499  34.069 10.711883
146859  21.098  -71.296  33.680 11.093637
146860  20.712  -70.471  33.894 11.157625
146861  20.205  -69.625  34.053 11.168427
146862  19.727  -68.809  34.121 11.124682
146864  19.014  -68.339  34.486 10.723516
146865  19.287  -68.102  34.168 11.027998
146866  18.856  -67.456  34.180 10.882444
146867  18.401  -66.822  34.134 10.693954
156727  11.651  -91.970  5.139 10.646075
156728  12.838  -92.191  5.165 10.772404
156729  13.836  -91.882  4.963 11.307909
156730  14.584  -91.604  4.551 11.794332
156744  6.680  -87.145  6.868 11.233655
156745  7.211  -87.936  6.597 10.991803
156746  7.749  -88.752  6.402 10.785643
156747  8.366  -88.960  6.523 11.231010
156748  9.122  -89.046  6.757 11.709244
156749  9.956  -89.106  7.042 12.204968
156750  7.830  -84.944  8.188 13.088487
156751  8.424  -85.677  8.055 13.002752
156752  8.912  -86.433  7.910 12.920047
156753  10.293  -86.243  8.670 13.624385
156754  9.818  -86.681  8.239 13.266577
156755  9.369  -87.134  7.836 12.845493
156756  9.877  -87.892  7.794 12.783216
156757  10.381  -88.563  7.599 12.735473
156758  10.827  -89.160  7.265 12.702616
156822  21.634  -72.778  31.750 11.857806
156823  21.738  -73.829  30.927 11.960003
156824  21.810  -74.808  30.114 11.990100
156825  21.752  -74.021  29.408 12.446209
156826  21.707  -74.935  29.337 12.212494
156827  21.595  -75.841  29.287 11.950247
156828  21.151  -76.737  28.519 11.846903
156829  20.529  -77.416  27.884 11.690224
156830  19.675  -78.179  27.341 11.492846
156831  21.347  -75.007  26.129 13.104030
156832  20.982  -75.910  26.065 12.835103
156833  20.561  -76.634  26.133 12.532934
156834  19.439  -77.707  24.612 12.355593
156835  19.804  -77.494  25.403 12.291354
156836  20.159  -77.269  26.221 12.211824
156837  19.742  -77.827  26.387 11.885860
156838  19.269  -78.344  26.608 11.567867
156839  18.729  -78.851  26.838 11.268462
156840  17.749  -79.447  26.432 11.030832
156841  16.729  -79.855  26.143 10.792547
156843  15.544  -79.769  24.982 10.795189
156858  13.934  -78.092  22.124 11.141059
156859  12.736  -77.803  22.410 10.848467
156860  11.420  -77.844  22.677 10.588343
156861  11.531  -76.751  21.761 10.920376
156862  10.867  -77.369  22.286 10.625444
156874  6.016  -77.623  20.284 10.670089
156875  5.420  -77.314  19.624 10.867306
156881  18.560  -62.787  29.920 10.594575
156882  19.632  -63.093  29.762 11.140649
156883  20.630  -63.653  29.438 11.681990
156884  21.498  -64.544  28.959 12.208442
156885  20.277  -61.924  27.025 11.025994
156886  20.556  -62.310  27.446 11.309101
156887  20.886  -62.779  27.782 11.594800
156888  22.279  -63.725  26.854 12.340496
156889  21.736  -63.481  27.446 12.117490
156890  21.244  -63.342  28.027 11.880945
156891  21.606  -64.019  28.178 12.164412
156892  21.944  -64.809  28.244 12.441284
156893  22.215  -65.661  28.237 12.706391
156894  22.701  -66.887  27.329 13.159688
156895  22.939  -68.153  26.256 13.550786
156896  22.912  -69.523  25.058 13.863400
156897  23.116  -68.917  24.527 13.843777
156898  22.945  -69.957  24.151 13.986798
156899  22.738  -70.954  23.860 14.084933
156900  22.384  -72.346  22.727 14.208623
156901  21.808  -73.483  21.601 14.234379
156902  21.072  -74.316  20.627 14.168740
156903  24.368  -62.939  22.705 12.835666
156904  24.451  -63.636  22.674 13.004763
156905  24.446  -64.431  22.626 13.173604
156906  24.617  -65.664  20.923 13.663395
156907  24.494  -65.527  21.699 13.494743
156908  24.336  -65.303  22.516 13.343549
156909  24.216  -66.190  22.248 13.514091
156910  23.986  -67.113  22.077 13.682291
156911  23.715  -68.192  21.706 13.843518
156912  23.148  -69.175  16.831 14.466435
156913  23.278  -69.288  17.521 14.313174
156914  23.368  -69.404  18.294 14.203131
156915  22.095  -70.658  17.022 14.267756
156916  22.912  -70.188  18.010 14.222119
156917  23.396  -69.418  19.062 14.126785
156918  23.407  -69.423  19.813 14.073549
156919  23.414  -69.461  20.558 14.032025
156920  23.457  -69.254  21.383 13.991155
156921  23.160  -70.192  21.059 14.117969
156922  22.794  -71.114  20.725 14.215813
156923  22.365  -72.089  20.400 14.276708
156924  21.468  -72.561  18.748 14.251924
156925  21.688  -72.798  19.419 14.278941
156926  21.889  -72.909  20.117 14.293207
156927  21.389  -73.566  20.029 14.258965
156928  20.802  -74.245  19.886 14.169743
156929  20.212  -74.869  19.917 14.023482
156930  19.190  -75.057  19.483 13.813418
156931  18.273  -74.899  19.267 13.554667
156932  17.313  -74.615  19.224 13.263144
156933  17.609  -73.733  18.591 13.506042
156934  16.949  -73.984  18.983 13.247353
156935  16.285  -74.221  19.360 12.953357
156936  14.952  -73.988  19.656 12.638407
156937  13.439  -73.819  19.927 12.329585
156938  11.960  -73.830  20.030 12.036958
156939  15.639  -70.703  18.342 13.411000
156940  14.604  -70.938  18.685 13.181397
156941  13.577  -71.463  18.905 12.931299
156942  10.895  -71.183  17.899 12.707214
156943  11.688  -71.654  18.479 12.678810
156944  12.570  -71.988  19.116 12.661624
156945  11.653  -72.538  19.313 12.374975
156946  10.989  -73.301  19.481 12.075522
156947  10.537  -74.270  19.722 11.769107
156948  9.378  -74.757  19.588 11.533836
156949  8.359  -75.263  19.527 11.337686
156950  7.359  -75.573  19.509 11.186221
156951  6.861  -74.243  18.484 11.551377
156952  6.648  -75.061  18.991 11.312445
156953  6.532  -75.784  19.538 11.083515
156954  5.869  -76.130  19.488 11.032062
156955  5.294  -76.533  19.305 11.032242
156956  4.878  -77.103  18.975 11.081799
156957  4.474  -76.976  18.399 11.309558
156958  4.165  -76.838  17.789 11.545701
156959  3.857  -76.699  17.172 11.784629
156960  4.182  -74.949  17.102 11.803423
156961  3.861  -75.742  16.768 11.894567
156962  3.670  -76.525  16.410 12.021375
156963  3.560  -76.425  15.742 12.252052
156964  3.573  -76.456  15.120 12.474900
156965  3.667  -76.655  14.595 12.691244
156966  5.115  -70.820  15.555 12.487155
156967  4.556  -71.641  15.360 12.474743
156968  4.275  -72.483  15.166 12.502613
156969  4.708  -71.484  14.441 12.927668
156970  4.343  -72.446  14.682 12.727201
156971  4.059  -73.402  14.930 12.567249
156972  3.843  -74.375  14.690 12.662148
156973  3.800  -75.544  14.486 12.778295
156974  3.820  -76.811  14.122 12.904731
156975  4.023  -76.980  13.622 13.121029
156976  4.281  -77.240  13.156 13.346383
156977  4.756  -77.624  12.855 13.586226
156978  4.942  -75.540  13.359 13.688562
156979  5.110  -76.806  13.125 13.768445
156980  5.426  -78.066  12.688 13.844165
156981  6.335  -78.574  12.669 14.121384
156982  7.264  -79.020  12.789 14.416116
156983  8.265  -79.568  13.044 14.724712
156984  13.152  -65.667  12.750 15.390168
156985  12.249  -65.567  12.002 15.309579
156986  11.388  -65.630  11.572 15.226724
156987  12.766  -65.423  10.643 16.202309
156988  11.667  -65.641  11.007 15.665036
156989  10.481  -66.067  11.477 15.148515
156990  9.531  -66.766  11.598 15.080641
156991  8.623  -67.653  11.938 15.027455
156992  7.785  -68.761  12.476 14.991177
156993  13.185  -67.021  9.937 18.096642
156994  12.117  -67.279  10.526 17.560106
156995  11.087  -67.571  11.085 17.012774
156996  10.465  -69.385  12.420 17.398640
156997  10.178  -68.655  11.978 16.940401
156998  10.075  -68.037  11.598 16.467960
156999  9.105  -68.609  12.064 15.938488
157000  8.147  -69.270  12.480 15.436431
157001  7.235  -70.033  12.796 14.971868
157002  6.957  -71.499  13.051 14.967744
157003  6.947  -73.100  13.280 14.975382
157004  7.143  -74.686  13.441 14.990164
157005  8.295  -74.597  13.997 15.811391
157006  7.874  -75.402  13.804 15.390058
157007  7.505  -76.183  13.542 15.007478
157008  7.927  -77.476  13.638 15.023354
157009  8.534  -78.811  13.490 15.034969
157010  9.259  -80.099  13.119 15.041407
157119  24.513  -62.250  12.947 18.245941
157120  24.357  -62.493  12.196 18.322527
157121  24.229  -62.892  11.375 18.296825
157122  24.229  -61.468  12.493 17.358402
157123  24.230  -62.374  11.579 17.791693
157124  24.136  -63.237  10.652 18.165409
157125  24.045  -63.623  9.931 17.927345
157126  24.063  -63.925  9.257 17.584370
157127  24.169  -64.286  8.668 17.140480
157128  23.239  -59.596  12.645 15.239326
157129  23.637  -60.477  11.868 15.598353
157130  23.811  -61.340  10.996 15.907951
157131  23.810  -61.351  10.241 15.043391
157132  23.929  -61.762  10.229 15.590433
157133  24.023  -62.210  10.196 16.163801
157134  24.160  -63.061  9.444 16.364035
157135  24.285  -63.860  8.755 16.509314
157136  24.357  -64.662  8.324 16.602722
157137  24.621  -65.005  8.162 15.981496
157138  24.937  -65.377  8.064 15.291300
157139  25.317  -65.796  7.901 14.550462
157140  25.344  -64.356  8.041 14.093987
157141  25.556  -65.285  7.870 13.950602
157142  25.668  -66.228  7.708 13.780773
157146  20.266  -57.261  11.734 11.983807
157147  21.059  -57.962  11.195 12.223173
157148  21.770  -58.601  10.653 12.422420
157149  21.728  -58.717  9.897 12.063787
157150  22.055  -58.957  9.996 12.303017
157151  22.366  -59.243  10.047 12.574901
157152  23.010  -59.845  9.456 12.673841
157153  23.656  -60.385  9.035 12.712905
157154  24.315  -60.845  8.739 12.687660
157155  23.447  -58.348  8.423 11.691522
157156  23.824  -58.859  8.428 11.753150
157157  24.161  -59.362  8.389 11.843040
157158  25.401  -59.668  7.850 11.478010
157159  24.938  -59.766  8.118 11.720293
157160  24.409  -59.848  8.349 11.966890
157161  24.621  -60.368  8.354 12.130357
157162  24.800  -60.896  8.391 12.338633
157163  24.967  -61.392  8.414 12.596725
157164  25.441  -62.027  8.043 12.442823
