#!ascii label  , from subject fsaverage vox2ras=TkReg coords=white
358
379  38.020  7.821  58.769 10.590508
1088  39.672  3.276  57.114 10.562387
1089  41.167  9.276  54.158 10.067345
1090  42.241  4.925  52.323 9.265350
2134  40.101  15.816  53.186 9.867152
3008  39.493  2.056  54.194 10.161634
3009  41.853  4.230  54.885 9.974096
3010  41.668  2.575  52.711 9.970214
4703  36.792  11.298  57.027 9.009917
4704  37.913  15.306  54.183 9.097585
4705  39.176  12.614  55.804 10.583561
4707  42.319  12.104  51.455 9.170384
6566  39.096  4.888  58.689 11.001626
6567  40.152  8.988  56.851 11.038684
6568  41.037  6.069  56.178 10.552991
6569  41.646  6.338  53.330 9.469794
8161  36.506  4.432  59.572 9.845789
8162  37.228  2.681  58.247 10.234043
8163  37.108  1.481  55.211 9.975612
8971  41.038  13.001  53.855 10.391294
8972  42.408  15.375  51.341 9.239356
10688  39.315  1.619  52.297 10.163693
10689  40.676  2.289  53.422 10.078530
10690  40.442  1.675  51.793 10.219012
12383  37.524  9.607  57.984 9.911698
12384  37.946  12.004  56.649 10.007215
12385  38.664  10.294  57.327 10.682997
14783  39.592  4.013  58.048 10.830360
14784  40.193  5.479  57.638 10.925073
14785  40.669  4.603  56.934 10.623940
14786  42.271  4.480  53.677 9.600550
14787  41.935  5.237  54.142 9.748229
14788  41.880  5.468  52.863 9.286857
17925  35.536  3.064  59.124 9.202322
17926  36.913  3.421  59.137 10.171279
17927  35.925  2.298  58.276 9.501990
17929  35.951  1.050  55.058 9.542329
17930  36.143  0.555  53.143 9.471818
17931  37.099  0.988  53.249 9.854187
17932  36.276  0.071  50.799 9.446979
19871  38.874  15.606  53.872 9.679925
19873  39.300  17.060  52.524 9.306683
19875  40.622  17.109  52.059 9.336453
19876  40.807  9.335  55.648 10.657206
19877  40.538  11.241  55.239 10.794970
19878  41.236  11.389  54.073 10.309858
19880  42.518  13.768  51.310 9.270382
23846  39.670  2.600  55.890 10.311531
23847  40.936  3.827  56.038 10.325628
23848  40.923  3.000  55.023 10.123559
23849  41.851  3.329  54.006 9.876770
23850  42.380  3.764  52.985 9.636007
26899  37.357  13.428  55.640 9.130203
26900  38.541  14.020  55.185 9.926208
26901  39.653  14.367  54.537 10.300741
26902  41.317  9.196  52.883 9.407827
26903  41.648  10.975  52.841 9.664774
30680  38.549  6.155  59.032 10.951989
30681  39.216  8.453  57.966 11.054420
30682  39.716  6.705  57.972 11.109230
30683  40.613  7.352  56.682 10.864608
30684  40.964  7.588  55.307 10.365170
30685  41.524  5.100  55.462 10.222981
30686  41.434  6.327  54.606 10.028854
30687  41.233  7.692  53.835 9.756325
30688  41.121  7.582  52.520 9.145937
34780  36.916  7.641  59.002 9.646451
34788  36.192  5.883  59.513 9.219737
34789  37.356  5.979  59.477 10.310059
34790  37.837  4.636  59.358 10.657436
34791  38.289  3.674  58.789 10.711111
34792  38.500  2.990  57.873 10.568288
34793  36.007  1.728  56.926 9.583973
34794  37.185  2.104  56.909 10.132273
34795  38.478  2.398  56.533 10.348516
34796  38.349  1.780  54.877 10.155122
34797  38.194  1.334  52.861 10.061637
34822  35.859  -0.850  48.241 9.005233
37159  39.675  10.837  56.417 10.964316
37160  40.192  12.925  54.879 10.687343
37161  40.788  14.468  53.693 10.246736
37162  41.749  12.806  52.636 9.837871
37163  41.800  14.282  52.586 9.857770
37164  41.294  15.702  52.432 9.686804
37165  41.948  16.831  51.184 9.063127
37178  42.481  2.852  51.837 9.874740
37179  42.419  4.030  51.520 9.438031
37181  42.263  3.941  50.191 9.296202
41408  39.266  1.326  51.331 10.229226
41409  39.876  1.689  52.005 10.194427
41410  39.878  1.363  51.182 10.296439
43103  37.763  8.701  58.441 10.286923
43104  38.000  10.011  57.797 10.355696
43105  38.366  9.045  58.096 10.660600
45503  39.624  3.657  57.628 10.700780
45504  40.151  4.317  57.520 10.759816
45505  40.307  3.932  57.088 10.610988
45506  42.344  4.745  53.024 9.425679
45507  42.128  5.007  53.286 9.446810
45508  42.079  5.160  52.631 9.253252
45509  41.779  5.607  52.252 9.078403
45510  41.954  5.275  51.919 9.077209
48646  35.745  2.680  58.743 9.384048
48649  35.602  0.334  52.969 9.196603
48650  35.679  0.091  51.777 9.191273
48651  36.151  0.312  51.901 9.450114
48652  35.804  -0.134  50.629 9.198895
50591  39.476  15.686  53.513 9.823467
50592  39.129  16.289  53.134 9.505923
50593  39.703  16.405  52.869 9.604384
50594  39.907  17.117  52.327 9.364181
50595  40.334  16.436  52.569 9.610266
50596  41.017  9.482  54.909 10.378771
50597  40.972  10.420  54.893 10.500401
50598  41.216  10.378  54.206 10.203303
55103  39.663  2.339  55.056 10.219983
55104  40.370  2.846  55.474 10.230152
55105  40.287  2.504  54.648 10.158690
55106  41.226  2.428  53.114 10.024581
55107  41.313  2.758  53.774 9.989685
55108  41.778  2.977  53.368 9.898405
55109  42.159  3.567  53.472 9.752678
55110  42.137  3.182  52.926 9.810544
60190  37.062  12.338  56.359 9.088961
60191  38.634  12.294  56.239 10.354391
60192  38.256  13.119  55.905 9.988636
60193  38.870  13.328  55.549 10.284129
60194  39.145  14.252  54.818 10.169474
60195  39.442  13.587  55.141 10.463704
60196  41.275  9.061  52.227 9.083213
60197  41.560  9.808  52.352 9.205206
67388  38.858  5.430  58.920 11.011485
67389  39.185  6.401  58.588 11.088344
67390  39.415  5.730  58.362 11.077920
67391  40.693  5.794  56.920 10.766802
67392  40.491  6.344  57.133 10.913627
67393  40.783  6.591  56.464 10.718249
67394  40.810  7.476  56.024 10.637040
67395  41.063  6.810  55.701 10.473143
67396  41.441  4.067  55.433 10.157635
67397  41.309  4.482  55.785 10.287073
67398  41.693  4.722  55.169 10.083277
67399  41.790  5.769  53.776 9.614808
67400  41.684  5.781  54.445 9.876134
67401  41.535  6.333  54.015 9.747902
67402  41.306  6.991  54.209 9.902090
67403  41.374  6.986  53.557 9.604692
67404  41.198  7.694  53.155 9.446293
67405  41.373  6.948  52.913 9.313679
76791  36.694  8.529  58.629 9.217457
76792  36.393  7.580  58.998 9.030830
76811  35.835  4.321  59.538 9.281551
76813  36.280  5.073  59.645 9.569132
76814  36.766  5.889  59.573 9.813764
76815  36.964  5.184  59.602 10.100785
76816  37.625  5.207  59.488 10.524225
76817  37.235  4.520  59.507 10.308683
76818  37.195  3.050  58.754 10.230195
76819  37.703  3.576  59.031 10.496737
76820  37.816  3.156  58.637 10.495711
76821  38.460  3.289  58.363 10.656697
76822  37.878  2.813  58.094 10.449114
76824  35.389  1.464  56.831 9.177108
76825  35.454  1.238  56.057 9.208521
76826  36.579  1.292  55.302 9.794689
76827  36.527  1.559  56.142 9.853739
76828  37.178  1.772  56.116 10.054554
76829  37.825  2.252  56.760 10.278069
76830  37.774  1.964  55.991 10.181273
76831  38.416  2.083  55.769 10.243286
76832  37.705  1.626  55.076 10.092478
76833  37.173  0.715  52.086 9.827436
76834  37.666  1.176  53.244 9.975429
76835  37.715  0.991  52.063 9.960315
76836  38.207  1.152  51.807 10.066782
76899  36.312  -0.628  48.319 9.275322
82666  39.691  8.724  57.442 11.101314
82667  39.454  9.719  57.178 11.033425
82668  39.903  9.899  56.701 11.037955
82669  40.788  12.200  54.528 10.611689
82670  40.390  12.073  55.089 10.775734
82671  40.608  12.961  54.388 10.581167
82672  40.475  13.766  54.238 10.485023
82673  40.933  13.728  53.785 10.349374
82674  41.958  11.558  52.105 9.427755
82675  41.810  11.915  52.649 9.766662
82676  42.080  12.455  51.960 9.510639
82677  42.530  14.603  51.339 9.272993
82678  42.135  14.102  52.003 9.580347
82679  42.125  14.863  51.972 9.556006
82680  41.617  15.007  52.583 9.796657
82681  41.933  15.570  51.889 9.488801
82682  41.581  16.279  51.802 9.379552
82683  42.227  16.091  51.255 9.168773
82715  42.465  2.398  51.294 10.067682
82716  42.658  2.949  51.334 9.837280
82717  42.566  3.457  51.758 9.659160
82718  42.646  3.506  51.189 9.599337
82723  42.115  3.726  49.480 9.245846
82724  41.849  4.202  49.745 9.048458
82725  42.002  4.403  50.465 9.124146
92966  39.382  1.846  53.210 10.141685
92967  40.119  2.187  53.793 10.126687
92968  39.992  1.947  52.898 10.137872
92969  40.562  2.039  52.588 10.125051
92970  41.060  2.075  52.317 10.108516
96017  37.133  10.469  57.573 9.479915
96018  37.400  11.604  56.867 9.552896
96019  37.760  10.811  57.302 9.981350
96020  38.342  11.142  57.001 10.378434
96021  38.930  11.509  56.530 10.657214
100337  39.406  4.488  58.367 10.936015
100338  39.748  5.261  58.121 11.009239
100339  40.006  4.746  57.877 10.897770
100340  40.503  5.058  57.286 10.781243
100341  40.908  5.326  56.573 10.603843
100342  42.116  4.345  54.230 9.785563
100343  41.956  4.737  54.533 9.868781
100344  42.095  4.844  53.863 9.654064
100345  41.939  5.412  53.457 9.511895
100346  41.707  5.873  53.047 9.361284
100347  41.468  6.347  52.649 9.202955
100348  41.589  5.914  52.425 9.122178
105993  36.012  3.720  59.439 9.545712
105994  36.799  3.904  59.414 10.045811
105995  36.286  3.319  59.206 9.736861
105996  36.404  2.822  58.793 9.858060
105997  36.623  2.551  58.302 9.918140
105999  35.401  0.878  54.999 9.214824
106000  35.422  0.570  53.973 9.207358
106001  36.052  0.760  54.169 9.505393
106002  36.481  0.918  54.156 9.736574
106003  37.114  1.193  54.274 9.905894
106004  36.504  0.652  53.006 9.688957
106005  36.686  0.538  52.175 9.659954
106006  36.747  0.311  50.882 9.655375
109495  38.455  15.484  54.054 9.435979
109496  38.117  16.106  53.514 9.026959
109497  38.633  16.233  53.366 9.312323
109498  38.775  16.967  52.725 9.159987
109501  39.456  17.878  52.020 9.089466
109502  40.124  17.865  51.830 9.110019
109503  40.852  17.715  51.574 9.052712
109504  40.517  9.129  56.264 10.883943
109505  40.294  10.079  56.103 10.937955
109506  40.667  10.234  55.498 10.751939
109507  40.883  11.299  54.702 10.581878
109508  41.155  12.243  53.972 10.375864
109510  42.345  12.911  51.375 9.234515
117080  39.764  3.031  56.547 10.428773
117081  40.377  3.548  56.630 10.465308
117082  40.415  3.202  56.089 10.335004
117083  40.986  3.427  55.559 10.208029
117084  41.502  3.600  55.058 10.060498
117085  40.842  2.646  54.219 10.078945
117086  41.459  3.130  54.509 10.002730
117087  41.953  3.813  54.459 9.903290
117088  42.196  3.921  53.933 9.745313
117089  42.387  4.196  53.337 9.593389
117090  42.484  4.449  52.672 9.452646
124203  37.627  14.419  54.885 9.132885
124204  37.691  12.726  56.127 9.585086
124205  37.999  13.788  55.408 9.575686
124206  38.254  14.715  54.715 9.525199
124207  38.714  14.827  54.531 9.821946
124208  39.316  15.016  54.201 10.014109
124209  39.879  15.091  53.882 10.099844
124210  41.287  9.168  53.463 9.739284
124211  41.393  10.223  53.529 9.878619
124212  41.487  10.042  52.908 9.541834
124213  41.753  10.691  52.267 9.322989
124214  42.055  11.185  51.579 9.084560
133742  38.306  7.023  58.904 10.813007
133743  38.649  8.166  58.354 10.885722
133744  38.814  7.237  58.633 11.027238
133745  39.432  7.589  58.051 11.118246
133746  40.015  7.861  57.439 11.095971
133747  40.003  6.024  57.800 11.039767
133748  40.212  6.975  57.388 11.028648
133749  40.383  8.084  56.910 10.976445
133750  40.703  8.312  56.213 10.778925
133751  40.893  8.402  55.485 10.523583
133752  41.003  8.398  54.741 10.229740
133753  40.846  4.221  56.443 10.467887
133754  41.129  4.889  56.227 10.439561
133755  41.242  5.523  55.889 10.383417
133756  41.769  5.257  54.810 9.988540
133757  41.536  5.705  55.082 10.136102
133758  41.263  6.172  55.421 10.301714
133759  41.206  6.954  54.903 10.195860
133760  41.184  7.698  54.464 10.066621
133761  41.160  8.432  53.992 9.914371
133762  41.209  8.490  53.385 9.591588
133763  41.166  8.391  52.711 9.272607
133765  41.246  6.859  52.220 9.036712
145364  36.931  9.519  58.117 9.367545
145365  37.245  8.631  58.527 9.799612
145366  37.409  7.727  58.945 10.173124
145391  36.590  6.700  59.362 9.453048
145392  37.081  6.786  59.328 10.015153
145393  37.698  6.865  59.203 10.473395
145394  37.966  6.067  59.290 10.692440
145395  38.249  5.387  59.227 10.828701
145396  38.476  4.744  59.080 10.887556
145397  37.379  3.987  59.325 10.438237
145398  38.126  4.158  59.127 10.716034
145399  38.717  4.253  58.793 10.879622
145400  38.943  3.856  58.514 10.818972
145401  39.096  3.451  58.067 10.721103
145402  39.105  3.161  57.517 10.601766
145403  35.391  1.788  57.588 9.108778
145404  35.935  1.985  57.620 9.564734
145405  36.598  2.189  57.653 9.928477
145406  35.934  1.388  56.095 9.572352
145407  36.592  1.918  56.960 9.902474
145408  37.212  2.370  57.584 10.196749
145409  37.857  2.566  57.473 10.371737
145410  38.521  2.730  57.312 10.460969
145411  39.087  2.829  56.921 10.475546
145412  39.066  2.522  56.271 10.355379
145413  39.038  2.221  55.443 10.252123
145414  38.939  1.941  54.554 10.174485
145415  37.582  1.368  54.120 10.021410
145416  38.257  1.573  53.915 10.092517
145417  38.803  1.702  53.589 10.129412
145418  38.804  1.530  52.573 10.121621
145419  38.730  1.282  51.603 10.154273
145493  36.022  -0.353  49.527 9.225421
145494  36.499  -0.157  49.580 9.468143
152443  38.920  9.424  57.693 10.909976
152444  39.205  10.589  56.880 10.885578
152445  39.426  11.767  56.063 10.812583
152446  40.128  11.090  55.876 10.928927
152447  39.913  11.936  55.610 10.848245
152448  39.683  12.795  55.358 10.692483
152449  39.950  13.702  54.708 10.527868
152450  40.243  14.456  54.052 10.323177
152451  40.561  15.113  53.406 10.084177
152452  41.489  11.174  53.450 9.998550
152453  41.517  12.177  53.324 10.088001
152454  41.414  12.960  53.246 10.137266
152455  42.045  13.295  52.009 9.563798
152456  41.725  13.540  52.634 9.870394
152457  41.367  13.683  53.240 10.138263
152458  41.287  14.405  53.217 10.085773
152459  41.079  15.097  53.055 9.978257
152460  40.684  15.810  52.841 9.817785
152461  40.977  16.449  52.232 9.531387
152462  41.321  17.032  51.662 9.232185
152499  41.632  2.160  52.028 10.092149
152501  42.077  2.264  51.679 10.078181
152502  42.052  2.676  52.286 9.919537
152503  42.429  3.379  52.390 9.729944
152504  42.472  3.991  52.257 9.530366
152505  42.342  4.555  51.922 9.326500
152512  42.378  4.026  50.863 9.360001
152513  42.148  4.511  51.153 9.216707
152514  42.145  4.957  51.543 9.122574
