#!ascii label  , from subject fsaverage vox2ras=TkReg coords=white
1295
22  48.752  27.740  6.541 14.474899
247  41.138  24.294  12.580 8.471290
249  47.967  17.703  10.898 8.801025
258  52.460  34.730  0.687 8.514895
382  52.293  33.015  7.291 9.931014
383  55.238  26.370  13.462 13.562814
727  44.859  26.723  9.723 13.051365
728  45.018  21.034  11.897 9.648681
729  48.483  24.552  10.210 12.744459
738  52.148  30.889  2.638 11.711159
740  44.539  29.955  6.156 9.631694
1110  55.088  24.249  20.711 10.758360
1111  55.483  21.340  17.874 10.619384
1112  54.894  18.469  20.835 8.244709
1852  53.632  29.455  5.244 14.255948
1853  53.750  26.679  8.771 14.867508
1854  54.329  30.013  9.915 13.713387
1855  52.613  28.702  15.937 10.751007
1872  52.752  34.015  4.137 10.272110
2163  52.360  23.347  12.226 11.273091
2164  52.486  16.609  10.848 8.162462
2647  46.762  27.425  8.094 13.929875
2648  46.992  25.774  10.166 13.550376
2649  48.933  26.721  8.685 14.486162
2658  50.292  28.866  4.633 13.218446
2659  48.149  30.396  4.296 10.809714
2660  46.751  28.726  6.327 12.523940
2661  44.400  28.338  8.053 11.721234
3030  53.320  22.761  22.034 8.571703
3031  55.155  21.184  21.404 9.734893
3625  46.469  19.455  10.681 9.282647
3663  40.196  26.554  11.279 9.084903
4072  53.676  30.907  5.920 12.694648
4073  54.290  29.532  7.346 14.344131
4074  53.212  31.413  8.291 12.210163
4076  51.217  30.741  13.423 9.660457
4078  52.002  27.752  19.252 8.855845
4115  52.498  33.556  5.699 10.401011
4116  53.589  31.566  4.453 12.540087
4770  54.909  26.504  10.683 14.319001
4771  52.868  24.771  9.723 13.298908
4772  54.589  24.753  12.239 12.849835
4773  55.739  18.157  16.139 8.773139
4774  54.052  19.257  15.673 9.249492
5917  43.025  25.628  11.252 11.355423
5918  43.285  22.678  12.475 9.510098
5919  45.143  24.257  11.537 12.024392
5920  46.648  23.013  11.742 11.428896
5921  48.091  21.503  11.996 10.472069
5936  53.064  32.885  1.660 10.166124
5937  51.954  32.904  -0.037 8.513195
5938  50.397  31.428  1.632 9.484985
5939  45.813  31.438  3.824 8.088528
5942  41.922  29.429  7.822 8.600815
5943  42.287  27.603  9.740 10.756238
6188  50.929  32.897  9.361 8.998138
6606  55.561  25.392  17.481 12.429945
6607  55.539  24.041  15.993 12.343227
6608  56.074  22.743  19.514 11.371150
6609  55.962  19.753  19.570 9.706388
8182  51.549  28.244  5.383 14.703588
8183  51.394  27.426  7.144 15.098559
8184  53.526  28.193  6.732 15.198992
8185  54.987  28.202  9.355 14.941460
8186  55.028  28.316  11.780 14.110250
8187  52.309  31.339  10.664 11.151770
8188  53.480  29.656  12.782 12.447577
8189  54.412  27.760  15.099 12.797970
8190  54.204  26.796  18.729 11.087012
8191  53.071  25.730  21.371 9.037190
8236  52.693  34.507  2.771 9.531098
8237  53.348  32.276  3.014 11.672402
8238  53.006  30.039  3.909 13.394055
9051  51.065  25.626  8.947 13.952290
9052  50.187  23.558  10.663 11.796957
9053  50.028  21.027  13.575 9.799754
9054  54.105  22.932  14.948 11.027631
9055  52.148  20.272  14.827 9.488207
9056  50.307  16.797  10.792 8.440125
10327  47.689  27.578  7.222 14.230815
10328  47.885  27.188  8.407 14.408299
10329  48.792  27.441  7.619 14.708183
10338  49.370  28.177  5.576 13.925126
10339  48.334  28.757  5.505 12.904024
10340  47.708  28.107  6.428 13.665093
10341  46.564  28.014  7.238 13.355453
10711  53.137  21.132  22.283 8.138106
11305  47.184  18.519  10.756 9.035299
11306  46.086  18.219  9.829 8.472615
11307  46.759  17.417  9.711 8.359277
11309  47.524  16.733  9.500 8.227711
11335  52.260  34.920  -0.334 8.084250
11343  40.631  25.471  12.021 9.101125
11752  53.128  31.983  6.462 11.442535
11753  53.472  31.113  6.927 12.528793
11754  52.692  32.304  7.613 11.135257
11793  51.275  33.800  7.057 8.656827
11794  51.422  34.401  6.177 8.943687
11795  52.458  33.155  6.472 10.233380
11796  53.204  32.160  5.802 11.609930
12450  55.075  26.507  11.981 13.974660
12451  54.700  25.522  11.280 13.657209
12452  55.160  25.533  12.801 13.372655
12454  55.060  17.162  14.077 8.246938
13702  43.892  26.285  10.460 12.342039
13703  44.206  24.989  11.446 11.892630
13704  45.074  25.712  10.691 12.839441
13705  47.741  25.119  10.168 13.233732
13706  46.819  24.454  10.930 12.599630
13707  47.526  23.967  10.965 12.112357
13708  47.480  22.292  11.631 10.941978
13709  48.348  23.323  10.998 11.575487
13733  52.893  31.906  2.037 10.951632
13734  52.326  32.090  1.430 9.963317
13735  51.419  31.173  2.120 10.629409
13736  46.264  30.139  5.171 10.217205
13737  46.952  30.972  3.990 9.439816
13738  45.142  30.775  5.012 8.762233
13740  43.454  30.595  6.068 8.128377
13742  43.302  29.740  6.968 9.093238
13743  44.575  27.554  8.922 12.613089
13744  43.333  28.058  8.961 11.286757
13745  43.592  27.160  9.761 12.098021
13746  42.597  26.638  10.500 11.383753
14850  55.548  24.770  19.375 11.666246
14851  55.927  24.070  18.658 11.990698
14852  55.749  23.393  20.084 11.241495
14853  55.052  19.734  21.233 9.016854
14854  55.679  20.462  20.674 9.877417
14855  55.645  19.138  20.192 9.033796
14856  56.086  18.402  18.527 8.797076
14857  55.750  17.926  19.067 8.187839
16635  44.223  21.761  12.226 9.667212
16636  43.060  21.195  12.227 8.234259
16637  43.780  20.362  11.733 8.443755
16726  50.315  32.168  0.258 8.030564
17977  52.891  28.740  5.150 14.593910
17978  52.591  28.286  5.915 15.061321
17979  53.528  28.820  5.866 14.855920
17980  54.449  29.729  8.643 14.115751
17981  54.702  28.981  8.385 14.798605
17982  54.875  29.140  9.723 14.504995
17983  55.177  28.244  10.593 14.590839
17984  54.816  29.212  10.952 14.050365
17985  50.338  32.576  10.440 8.408487
17986  51.613  32.205  9.929 10.153233
17987  51.100  31.981  11.285 9.511580
17988  51.905  29.633  14.483 10.310937
17989  52.396  30.066  13.135 11.158902
17990  52.960  29.168  14.328 11.636844
17991  53.874  28.810  13.753 12.726039
17992  53.580  28.229  15.644 11.902441
17993  54.308  27.261  16.943 11.987665
17994  53.360  27.892  17.443 11.002817
17996  52.695  26.982  20.385 9.031029
18101  51.592  35.270  4.986 9.103041
18103  51.707  35.401  4.270 8.963793
18104  51.865  35.431  3.487 8.700541
18105  52.716  34.424  3.442 9.967241
18106  53.133  33.404  2.829 10.652743
18107  53.181  33.089  3.464 11.147025
18108  53.776  30.448  4.875 13.470398
18109  53.602  30.749  4.133 13.122888
18110  53.431  29.712  4.631 13.927142
18111  52.377  28.900  4.538 14.115015
20070  52.691  27.040  7.870 15.047747
20071  51.323  26.602  8.159 14.719142
20072  52.552  26.136  8.657 14.477675
20073  52.603  23.970  10.794 12.288559
20074  51.431  24.194  10.030 12.555277
20075  51.201  23.410  11.475 11.478872
20076  49.979  22.603  12.227 10.727131
20077  51.088  22.518  12.945 10.479277
20078  55.516  22.822  17.165 11.527369
20079  55.054  23.493  15.259 11.783730
20080  54.838  22.223  16.470 10.871215
20081  53.340  17.676  13.763 8.639373
20082  53.085  19.751  15.416 9.382367
20083  52.427  17.862  13.493 8.768820
20084  51.470  18.016  13.084 8.891077
20085  51.450  16.609  10.562 8.301467
23197  45.849  27.159  8.896 13.554737
23198  46.016  26.372  9.961 13.528918
23199  46.920  26.840  9.139 14.029224
23200  47.942  26.331  9.401 14.064810
23201  48.785  25.647  9.544 13.787225
23216  50.977  29.871  3.666 12.465490
23217  50.057  30.455  3.263 11.337008
23218  49.150  29.639  4.491 12.101275
23219  47.387  29.402  5.410 11.635228
23220  45.582  29.245  6.237 11.137971
23221  44.291  29.123  7.090 10.655900
23222  45.492  28.549  7.193 12.124792
23223  45.578  27.838  8.111 13.012052
23886  54.361  23.568  21.710 9.715538
23887  55.264  22.695  21.171 10.329675
23888  54.410  21.957  21.905 9.277758
23889  54.172  20.461  21.984 8.707345
23890  53.963  19.002  21.796 8.054741
24957  45.703  20.217  11.394 9.503581
24958  44.503  19.636  10.983 8.540212
24959  45.234  19.018  10.239 8.542119
25025  39.914  27.680  10.449 8.491827
25762  53.811  30.217  5.595 13.634143
25763  53.912  29.481  6.197 14.392375
25764  53.890  30.128  6.446 13.622743
25765  53.968  30.348  7.687 13.440136
25766  53.878  30.632  9.000 13.089495
25768  50.415  31.594  12.707 8.799106
25769  49.882  31.270  13.662 8.044670
25770  50.664  30.091  14.561 8.828012
25771  51.524  29.015  15.928 9.418025
25772  52.318  28.255  17.667 9.818170
25773  51.158  28.468  17.704 8.507759
25838  51.452  35.110  5.591 9.096642
25839  52.556  33.959  4.890 10.417636
25840  53.268  32.703  4.180 11.473623
25841  53.298  32.448  5.014 11.624723
25842  53.718  31.123  5.171 12.701309
27018  54.524  26.529  9.633 14.615884
27019  53.467  25.749  9.194 14.197875
27020  54.173  25.503  9.956 13.923489
27021  53.817  24.597  10.678 13.056433
27022  53.633  24.060  11.938 12.104224
27023  55.543  19.713  17.502 9.679067
27024  54.775  20.503  16.861 9.943420
27025  55.018  18.639  15.803 9.053485
27026  54.195  17.509  13.800 8.471745
29167  42.068  24.923  11.992 10.058101
29168  42.329  23.504  12.560 9.127261
29169  43.302  24.234  12.100 10.651320
29170  44.204  23.431  12.110 10.900279
29171  45.120  22.679  12.144 10.866490
29172  46.086  25.087  10.878 12.891625
29173  45.940  23.596  11.604 11.830844
29174  45.920  21.864  12.095 10.630092
29175  46.618  21.039  11.795 10.278296
29176  47.374  20.205  11.541 9.893477
29177  48.138  19.336  12.138 9.539557
29210  52.894  33.811  1.184 9.347242
29211  52.546  33.837  0.290 8.687486
29212  52.663  32.909  0.786 9.318063
29213  51.396  32.059  0.758 8.965014
29214  48.948  31.628  1.460 8.361922
29215  49.044  31.106  3.004 10.093183
29216  47.859  31.374  2.711 8.824822
29224  40.768  29.028  8.641 8.115894
29225  43.195  28.905  7.960 10.197745
29226  42.116  28.528  8.820 9.730088
29227  41.035  28.127  9.614 9.187161
29228  41.273  27.143  10.495 10.046178
29229  41.605  26.081  11.265 10.396017
29797  51.079  33.720  8.037 8.256850
29798  51.671  33.293  8.388 9.512628
30774  55.391  25.953  15.461 13.056290
30775  55.448  25.200  14.565 13.027960
30776  55.741  24.718  16.670 12.579209
30777  55.982  23.407  17.883 11.935346
30778  55.973  22.064  18.717 11.139287
30779  55.764  21.945  20.600 10.634911
30780  56.037  21.321  19.905 10.591157
30781  55.988  20.519  18.862 10.236368
30782  56.045  19.001  18.106 9.298249
30783  56.057  17.640  16.496 8.402005
33283  52.068  33.936  -0.689 8.120065
34852  50.076  27.886  5.910 14.645847
34853  50.024  27.726  6.832 14.936086
34854  51.364  27.926  6.175 15.068732
34855  52.474  27.725  6.783 15.238318
34856  53.717  27.560  7.897 15.213171
34857  54.194  28.887  7.052 14.919365
34858  54.438  28.273  8.121 15.150181
34859  54.574  27.368  9.067 15.045333
34860  55.062  27.317  10.033 14.768516
34861  55.140  27.371  11.170 14.397596
34862  55.074  27.348  12.448 13.933073
34863  52.147  32.405  8.803 10.700608
34864  52.827  31.515  9.384 11.746688
34865  53.483  30.654  10.214 12.579388
34866  51.699  31.095  12.193 10.446462
34867  52.897  30.470  11.582 11.926629
34868  53.995  29.949  11.283 13.149998
34869  54.416  29.099  12.318 13.450307
34870  54.683  28.219  13.160 13.509175
34871  54.964  27.123  14.304 13.368302
34872  54.995  26.609  16.281 12.695945
34873  55.016  25.966  18.178 11.910360
34874  54.718  25.428  19.942 11.008429
34875  53.103  27.506  19.109 10.042811
34876  53.683  26.339  20.284 10.101038
34877  54.040  24.965  21.298 9.992636
34878  53.251  24.267  21.915 8.879745
34999  52.032  35.632  1.351 8.006313
35007  51.960  35.474  2.471 8.359614
35008  52.637  34.619  1.715 9.021635
35009  53.002  33.685  2.115 10.029502
35010  53.234  32.654  2.385 10.977268
35011  53.130  31.608  2.650 11.846519
35012  53.473  31.841  3.671 12.199132
35013  53.301  31.116  3.402 12.580959
35014  52.338  30.413  3.291 12.649984
35015  51.793  29.345  4.063 13.404424
35016  50.919  28.369  4.958 14.093808
37395  50.075  27.129  7.838 14.834902
37396  50.016  26.170  8.796 14.285628
37397  49.745  25.142  9.509 13.359813
37398  52.047  25.204  9.199 13.602065
37399  50.567  24.620  9.590 12.921438
37400  49.370  24.001  10.194 12.232628
37401  49.030  22.719  11.420 11.095510
37402  49.006  21.133  12.838 10.083244
37403  49.137  18.824  12.835 9.253034
37404  55.160  24.518  13.989 12.630993
37405  54.404  23.944  13.471 11.956024
37406  53.326  23.316  13.419 11.141381
37407  53.879  21.297  16.091 10.111938
37408  53.060  21.991  15.069 10.222558
37409  52.166  22.388  13.777 10.326594
37410  51.170  20.690  14.242 9.612306
37411  50.275  18.352  13.109 9.042076
37412  49.050  17.187  11.084 8.601869
37413  48.630  16.264  9.188 8.093727
41047  48.180  27.656  6.855 14.360312
41048  48.212  27.501  7.410 14.518280
41049  48.621  27.578  7.023 14.641378
41058  49.003  27.919  6.049 14.229055
41059  48.498  28.147  6.019 13.803475
41060  48.170  27.847  6.444 14.114289
41061  47.606  27.808  6.808 13.984350
42025  47.557  18.107  10.877 8.914680
42026  47.027  17.890  10.261 8.676963
42027  47.373  17.535  10.252 8.585555
42028  47.125  17.077  9.637 8.294482
42029  47.778  17.178  10.185 8.496655
42053  52.221  35.310  0.460 8.106141
42055  52.380  34.782  0.200 8.286090
42063  40.894  24.891  12.330 8.860288
42064  40.164  25.145  12.372 8.344260
42065  40.412  24.563  12.630 8.033046
42472  52.770  32.569  6.890 10.714063
42473  52.967  32.129  6.996 11.305587
42474  52.527  32.645  7.410 10.545400
42513  51.808  33.396  7.229 9.299300
42514  51.903  33.559  6.848 9.463167
42515  52.402  33.078  6.898 10.097934
42516  52.850  32.566  6.483 10.850539
43170  55.149  26.457  12.661 13.778858
43171  55.134  25.970  12.355 13.693352
43172  55.244  25.941  13.138 13.514124
44422  44.374  26.491  10.124 12.727418
44423  44.490  25.976  10.589 12.649658
44424  44.954  26.264  10.244 13.030328
44425  48.095  24.836  10.178 13.000361
44426  47.630  24.583  10.547 12.693637
44427  48.016  24.342  10.570 12.431810
44428  47.937  23.643  10.990 11.842319
44429  48.432  23.987  10.590 12.162053
44453  52.604  31.497  2.335 11.333384
44454  52.324  31.502  1.988 10.822977
44455  51.790  31.033  2.370 11.183558
44456  45.375  30.052  5.668 9.920145
44457  45.729  30.439  5.093 9.487566
44458  44.831  30.380  5.591 9.173817
44459  44.293  30.685  5.537 8.437034
44460  43.997  30.304  6.118 8.872793
44461  43.351  30.193  6.535 8.587727
44462  43.905  29.862  6.548 9.355739
44463  44.707  27.136  9.317 12.905509
44464  44.103  27.377  9.361 12.375117
44465  44.220  26.931  9.731 12.630896
44466  43.735  26.713  10.118 12.305023
45570  55.333  24.507  20.066 11.230240
45571  55.659  24.126  19.697 11.477128
45572  55.462  23.822  20.345 11.040631
45573  54.914  19.051  21.095 8.632504
45574  55.354  19.419  20.750 9.061187
45575  55.305  18.803  20.493 8.651324
45576  55.713  18.508  19.694 8.605776
45577  55.374  18.220  20.047 8.244500
47355  44.641  21.438  12.100 9.676847
47356  44.049  21.024  12.034 9.043883
47357  44.452  20.642  11.801 9.075092
48697  53.376  29.107  5.200 14.457185
48698  53.238  28.770  5.482 14.750762
48699  53.603  29.060  5.504 14.583057
48700  54.430  29.886  9.273 13.935736
48701  54.645  29.420  9.160 14.348227
48702  54.657  29.589  9.801 14.153644
48703  54.891  29.238  10.356 14.296974
48704  54.581  29.669  10.429 13.918135
48705  50.024  32.441  11.053 8.092319
48706  50.721  32.323  10.812 8.976279
48707  50.405  32.151  11.524 8.644408
48708  52.252  29.116  15.153 10.556125
48709  52.448  29.382  14.431 10.998695
48710  52.786  28.905  15.115 11.201322
48711  53.308  28.661  14.974 11.794071
48712  53.129  28.478  15.823 11.354111
48713  53.485  28.073  16.552 11.460912
48714  52.986  28.336  16.700 10.898862
48821  52.224  34.652  4.557 9.718843
48822  51.656  35.328  4.646 9.050857
48823  52.289  34.784  4.206 9.627808
48824  52.284  34.922  3.867 9.500421
48825  52.702  34.289  3.789 10.138549
48826  52.978  33.766  3.400 10.571737
48827  53.016  33.581  3.749 10.751148
48828  53.740  29.957  5.073 13.882948
48829  53.734  30.097  4.736 13.735645
48830  53.549  29.598  4.997 14.116220
48831  53.159  29.207  4.920 14.280526
50790  53.323  26.844  8.344 14.969448
50791  52.641  26.581  8.318 14.807507
50792  53.220  26.371  8.677 14.694290
50793  52.503  23.694  11.476 11.775990
50794  51.901  23.675  11.089 11.881777
50795  51.826  23.362  11.873 11.363705
50796  51.129  23.019  12.204 10.964815
50797  51.694  22.967  12.588 10.865356
50798  55.500  22.108  17.657 11.081583
50799  55.186  22.521  16.811 11.221474
50800  55.197  21.765  17.338 10.759909
50801  52.965  17.094  12.285 8.383203
50802  52.916  17.780  13.589 8.707173
50803  52.556  17.071  12.105 8.452281
50804  52.062  17.026  11.952 8.517056
50805  51.983  16.550  10.590 8.233569
50806  51.234  16.268  9.489 8.048328
54022  46.331  27.298  8.497 13.754171
54023  46.393  26.998  8.996 13.851305
54024  46.833  27.156  8.613 14.049846
54025  48.459  27.015  8.569 14.490984
54026  47.965  26.823  8.922 14.304189
54027  48.444  26.537  9.041 14.285009
54028  48.352  25.975  9.462 13.954984
54029  48.901  26.205  9.124 14.191247
54053  50.649  29.397  4.197 12.843508
54054  50.052  29.736  4.056 12.300972
54055  49.696  29.256  4.582 12.686795
54056  47.519  28.716  5.923 12.718673
54057  47.846  29.099  5.488 12.295146
54058  47.071  29.057  5.910 12.077266
54059  46.492  29.355  5.795 11.386843
54060  46.194  28.980  6.295 11.854202
54061  45.496  28.890  6.694 11.631205
54062  46.072  28.643  6.729 12.324902
54063  46.630  27.694  7.662 13.689322
54064  46.070  27.920  7.647 13.188272
54065  46.176  27.593  8.054 13.524068
54066  45.704  27.485  8.490 13.342801
55170  53.867  23.190  21.920 9.152867
55171  54.440  22.759  21.812 9.515485
55172  53.923  22.319  22.044 8.950082
55174  53.684  20.786  22.190 8.450783
55175  53.575  20.053  22.181 8.165066
55176  54.077  19.740  21.925 8.387386
56955  46.125  19.901  10.952 9.399349
56956  45.512  19.580  10.767 9.000713
56957  45.932  19.247  10.366 8.934554
56958  45.767  17.720  9.479 8.128550
56959  45.387  18.129  9.607 8.135358
57068  40.049  27.127  10.893 8.846638
57069  39.359  27.453  10.841 8.066581
57070  39.494  26.916  11.260 8.345256
58297  53.776  30.537  5.753 13.204922
58298  53.832  30.147  5.997 13.650013
58299  53.767  30.509  6.157 13.180961
58300  53.306  31.311  7.652 12.388153
58301  53.652  30.761  7.341 13.010065
58302  53.620  30.895  7.978 12.864006
58303  53.950  30.523  8.339 13.285484
58304  53.569  31.023  8.548 12.678469
58309  50.132  30.353  14.708 8.055651
58310  50.501  29.660  15.243 8.404943
58311  51.080  29.491  15.165 9.147428
58312  50.961  29.133  15.970 8.707642
58313  51.367  28.748  16.812 8.963762
58314  50.780  28.768  16.824 8.267370
58421  51.989  34.062  5.933 9.695139
58422  51.400  34.816  5.837 9.037914
58423  51.969  34.387  5.651 9.758473
58424  52.044  34.572  5.273 9.784223
58425  52.481  33.815  5.322 10.429074
58426  52.934  33.206  4.949 11.036574
58427  52.949  32.975  5.357 11.047810
58428  53.538  31.417  5.730 12.169446
58429  53.518  31.599  5.436 12.194769
58430  53.706  30.992  5.530 12.718335
58431  53.786  30.644  5.365 13.187001
60390  54.737  26.467  10.082 14.472673
60391  54.371  26.017  9.781 14.297304
60392  54.636  26.027  10.298 14.156157
60393  54.660  25.077  11.730 13.267825
60394  54.357  25.075  10.944 13.385591
60395  54.270  24.714  11.406 12.951344
60396  53.737  24.309  11.244 12.585869
60397  54.165  24.433  11.981 12.496486
60398  55.652  18.912  16.944 9.217854
60399  55.301  19.217  16.711 9.366883
60400  55.407  18.407  15.987 8.924595
60401  54.726  16.756  12.946 8.009901
60402  54.649  17.383  13.933 8.367174
60403  54.289  16.912  12.726 8.121390
60404  53.816  16.968  12.546 8.219927
64147  42.533  25.258  11.654 10.745663
64148  42.698  24.565  12.068 10.400361
64149  43.177  24.967  11.704 11.077280
64150  44.698  24.641  11.515 12.005375
64151  44.235  24.234  11.843 11.446267
64152  44.678  23.847  11.845 11.496096
64153  44.680  23.030  12.110 10.914053
64154  45.121  23.465  11.867 11.468855
64155  46.503  26.077  10.059 13.591158
64156  46.086  25.754  10.468 13.279484
64157  46.552  25.471  10.513 13.243017
64158  46.694  23.761  11.319 12.024867
64159  46.408  24.056  11.291 12.236047
64160  46.314  23.288  11.703 11.648030
64161  45.887  22.823  11.932 11.231709
64162  46.304  22.402  11.997 11.048396
64163  46.290  21.463  12.030 10.463124
64164  46.683  22.028  11.985 10.839787
64165  47.815  21.890  11.684 10.699952
64166  47.438  21.248  11.734 10.395925
64167  47.758  20.853  11.903 10.181179
64168  47.738  19.740  11.824 9.709682
64169  48.115  20.425  12.267 9.981389
64238  53.016  33.294  1.471 9.760290
64239  52.841  33.348  0.973 9.376137
64240  52.871  32.896  1.216 9.741419
64241  51.507  31.700  1.535 9.753214
64242  51.935  32.120  1.109 9.460262
64243  50.959  31.696  1.139 9.215348
64244  50.236  31.724  1.021 8.688630
64245  49.688  31.480  1.486 8.916019
64246  49.073  30.448  3.765 11.086792
64247  49.592  30.792  3.137 10.723851
64248  48.570  30.795  3.659 10.437045
64249  46.460  31.171  3.835 8.756434
64250  47.439  31.178  3.319 9.112283
64251  46.832  31.384  3.219 8.459822
64252  47.229  31.555  2.642 8.207954
64263  41.981  29.914  7.357 8.064240
64267  41.367  29.237  8.242 8.360914
64268  44.324  28.729  7.573 11.194425
64269  43.717  29.054  7.503 10.424941
64270  43.815  28.641  8.008 10.978545
64271  42.806  27.842  9.331 11.038662
64272  42.729  28.301  8.867 10.526234
64273  42.173  28.070  9.320 10.273132
64274  41.548  28.311  9.228 9.472826
64275  41.665  27.854  9.694 9.988418
64276  41.139  27.643  10.077 9.661914
64277  41.790  27.371  10.120 10.428775
64278  42.772  26.157  10.878 11.460042
64279  42.118  26.362  10.898 10.927495
64280  42.304  25.838  11.263 10.926388
64281  41.828  25.519  11.641 10.313855
65498  50.806  33.805  8.482 8.022288
67590  55.501  25.691  16.512 12.759372
67591  55.567  25.330  16.046 12.838519
67592  55.680  25.047  17.074 12.553463
67593  56.036  23.389  19.138 11.703076
67594  56.004  23.737  18.283 12.010848
67595  56.059  23.092  18.769 11.674319
67596  55.961  22.789  18.340 11.554345
67597  56.077  22.439  19.161 11.297733
67598  55.223  21.916  21.335 10.051143
67599  55.555  22.279  20.932 10.524985
67600  55.484  21.556  21.057 10.203860
67601  55.872  20.180  20.133 9.827902
67602  55.904  20.885  20.332 10.254443
67603  55.972  20.547  19.834 10.157152
67604  56.017  20.931  19.428 10.447124
67605  56.025  20.129  19.233 9.989943
67606  56.053  19.750  18.573 9.766775
67607  56.054  19.370  18.861 9.524827
67608  56.078  17.805  17.832 8.359462
67609  56.124  18.030  17.544 8.612284
67610  56.050  17.420  16.801 8.183620
72945  42.797  23.078  12.502 9.350142
72946  42.265  22.748  12.661 8.528079
72947  42.718  22.313  12.540 8.725090
72953  44.143  19.125  10.586 8.045602
73216  52.366  33.348  0.065 8.642533
73217  52.303  33.830  -0.193 8.388826
73218  52.049  33.403  -0.361 8.309453
76972  50.824  28.046  5.563 14.692045
76973  50.725  27.925  5.993 14.892407
76974  51.425  28.091  5.776 14.921209
76975  53.041  28.247  6.254 15.155479
76976  52.525  28.062  6.327 15.191873
76977  53.039  27.941  6.769 15.244831
76978  53.104  27.639  7.345 15.246463
76979  53.599  27.889  7.367 15.250561
76980  54.120  29.438  6.746 14.391032
76981  54.050  29.175  6.606 14.688938
76982  54.297  29.185  7.223 14.671482
76983  54.835  28.603  8.894 14.910394
76984  54.619  28.624  8.234 15.013729
76985  54.732  28.254  8.770 15.064496
76986  54.530  27.836  8.632 15.140353
76987  54.852  27.787  9.217 15.032328
76988  54.855  27.352  9.553 14.919201
76989  55.067  27.773  9.740 14.892861
76990  55.138  28.281  11.178 14.366179
76991  55.221  27.779  10.883 14.526277
76992  55.129  27.839  11.472 14.301058
76993  55.102  27.385  11.767 14.177392
76994  55.054  27.836  12.060 14.048333
76995  51.297  33.131  8.846 9.266099
76996  51.903  32.828  8.514 10.119547
76997  51.576  32.674  9.132 9.866686
76998  52.019  31.805  10.237 10.676838
76999  52.193  31.942  9.674 10.975816
77000  52.605  31.457  9.992 11.464497
77001  53.181  31.054  9.774 12.193582
77002  52.936  30.953  10.410 11.897859
77003  50.774  31.162  13.095 9.254677
77004  51.069  31.439  12.521 9.637270
77005  51.425  30.854  12.858 10.061469
77006  52.940  29.840  12.974 11.834663
77007  52.617  30.284  12.405 11.555089
77008  53.225  30.064  12.233 12.219054
77009  53.475  30.215  11.439 12.575171
77010  53.762  29.833  12.052 12.814440
77011  54.220  29.538  11.842 13.332758
77012  53.983  29.440  12.556 12.988833
77013  54.111  28.294  14.416 12.785426
77014  54.311  28.522  13.458 13.159698
77015  54.505  28.035  14.082 13.166713
77016  54.806  27.699  13.711 13.461419
77017  54.718  27.469  14.740 13.127731
77018  54.968  26.886  15.299 13.046022
77019  54.738  27.206  15.751 12.767444
77020  54.183  26.979  17.904 11.548259
77021  54.666  26.666  17.573 11.969125
77022  54.587  26.314  18.523 11.531491
77023  54.934  25.637  19.134 11.473983
77024  54.468  26.078  19.380 11.068453
77025  52.173  27.978  18.500 9.339985
77026  52.718  27.881  18.450 9.951624
77027  52.551  27.667  19.253 9.462632
77028  52.913  26.392  20.912 9.055050
77029  53.188  26.718  20.348 9.581323
77030  53.420  26.088  20.910 9.577968
77031  53.865  25.668  20.849 10.067903
77032  53.587  25.312  21.354 9.532882
77033  53.736  24.600  21.663 9.446372
77034  53.186  25.019  21.731 8.978364
77351  52.397  34.898  3.044 9.153347
77352  51.988  35.397  2.987 8.536011
77353  52.386  35.014  2.629 8.946875
77354  52.387  35.090  2.101 8.729604
77355  52.667  34.600  2.323 9.281028
77356  52.865  34.141  1.925 9.530424
77357  52.901  34.090  2.442 9.824939
77358  53.264  32.836  2.909 11.176866
77359  53.238  32.987  2.622 10.860692
77360  53.296  32.489  2.693 11.343506
77361  53.216  32.156  2.506 11.421449
77362  53.290  31.925  2.838 11.801588
77363  53.447  32.049  4.231 12.024028
77364  53.399  32.229  3.882 11.879638
77365  53.538  31.667  4.051 12.392747
77366  53.459  30.371  3.950 13.294769
77367  53.467  30.913  3.735 12.876652
77368  53.153  30.570  3.637 12.998448
77369  52.957  30.775  3.312 12.651380
77370  52.652  30.220  3.600 13.048151
77371  52.039  29.859  3.668 13.033197
77372  52.493  29.708  3.915 13.427968
77373  51.909  28.472  4.977 14.430531
77374  51.665  28.590  4.693 14.126662
77375  51.199  28.245  5.154 14.431731
77376  50.431  28.074  5.429 14.393813
83250  50.727  27.601  6.950 15.049667
83251  50.057  27.498  7.326 14.940618
83252  50.715  27.326  7.462 14.979243
83253  51.289  26.153  8.658 14.378365
83254  50.655  26.407  8.488 14.512354
83255  50.565  25.898  8.851 14.127212
83256  49.916  25.660  9.121 13.860378
83257  50.395  25.391  9.160 13.660952
83258  53.178  25.267  9.414 13.769836
83259  52.836  25.446  9.170 13.916338
83260  52.473  24.909  9.379 13.442739
83261  50.785  23.895  10.354 12.172471
83262  50.994  24.391  9.773 12.726473
83263  50.359  24.074  10.059 12.360454
83264  49.937  24.330  9.895 12.574505
83265  49.762  23.778  10.372 12.001409
83266  49.187  23.387  10.715 11.654981
83267  49.601  23.210  11.054 11.436496
83268  49.968  21.961  13.005 10.242692
83269  49.499  22.046  12.660 10.390812
83270  49.481  21.123  13.308 9.928232
83271  49.055  20.034  13.102 9.644490
83272  49.619  19.829  13.420 9.510953
83273  55.497  24.614  15.242 12.703547
83274  55.353  24.825  14.235 12.871424
83275  55.341  24.305  14.977 12.499171
83276  54.601  23.207  15.072 11.420898
83277  54.740  23.736  14.336 11.876777
83278  54.244  23.492  14.182 11.493135
83279  53.861  23.724  13.376 11.556963
83280  53.705  23.193  14.104 11.086158
83281  54.415  19.966  16.356 9.591214
83282  54.301  20.954  16.594 10.037649
83283  53.939  20.302  16.108 9.671823
83284  52.597  20.011  15.220 9.436016
83285  53.018  20.911  15.520 9.791127
83286  52.559  21.249  15.031 9.841022
83287  52.626  22.213  14.382 10.271887
83288  52.071  21.531  14.599 9.892695
83289  51.632  21.603  14.114 9.952815
83290  51.675  20.482  14.481 9.545038
83291  50.996  17.170  11.813 8.648835
83292  50.910  18.184  13.085 8.960777
83293  50.369  17.404  11.933 8.723550
83294  49.693  17.634  12.054 8.808679
83295  49.642  16.993  11.059 8.516928
83296  48.859  16.671  10.130 8.332840
83297  49.438  16.487  9.983 8.258221
92317  47.220  27.526  7.705 14.087653
92318  47.269  27.293  8.226 14.224136
92319  47.763  27.429  7.843 14.379324
92320  48.337  27.332  8.035 14.566895
92321  48.894  27.146  8.183 14.659056
92336  49.820  28.515  5.116 13.582881
92337  49.288  28.824  5.067 13.073137
92338  48.855  28.463  5.545 13.450094
92339  48.011  28.428  5.968 13.297717
92340  47.236  28.394  6.374 13.131821
92341  46.615  28.360  6.780 12.957724
92342  47.125  28.103  6.817 13.514700
92343  47.137  27.794  7.267 13.842340
93007  53.302  21.907  22.144 8.368545
94077  46.841  18.996  10.574 9.159513
94078  46.317  18.795  10.170 8.855473
94079  46.678  18.354  10.159 8.768155
94080  46.439  17.802  9.757 8.419688
94081  46.133  17.367  9.339 8.107702
94083  46.451  17.052  9.248 8.075543
94084  46.837  16.719  9.102 8.034644
94145  40.339  26.027  11.643 9.175858
94146  39.665  26.338  11.634 8.498606
94147  39.881  25.744  12.007 8.501800
94882  53.449  31.385  6.126 12.105471
94883  53.639  30.900  6.311 12.631191
94884  53.319  31.505  6.619 12.003980
94885  53.120  31.702  7.199 11.866059
94886  52.916  31.890  7.940 11.692923
94955  50.724  34.326  6.793 8.010078
94956  50.797  34.700  6.456 8.161815
94957  51.422  34.025  6.592 8.815799
94958  51.979  33.756  6.349 9.595958
94959  52.536  33.320  6.074 10.335085
94960  52.922  32.794  5.751 11.019326
94961  52.903  32.661  6.104 10.952962
94962  53.194  32.010  6.087 11.544495
96138  54.995  26.540  11.346 14.153738
96139  54.796  26.036  10.976 14.010296
96140  54.954  26.002  11.647 13.857259
96141  54.935  25.518  12.052 13.519661
96142  54.916  25.095  12.552 13.147097
96143  55.679  17.416  15.319 8.351652
96144  55.430  17.652  15.155 8.504230
96145  55.308  16.898  14.250 8.110653
98392  43.463  25.958  10.864 11.886732
98393  43.647  25.346  11.336 11.677668
98394  44.084  25.677  10.961 12.200709
98395  44.639  25.378  11.048 12.401571
98396  45.137  25.030  11.134 12.494051
98397  47.378  25.430  10.210 13.424329
98398  46.941  25.118  10.567 13.119843
98399  47.272  24.801  10.570 12.929727
98400  47.105  24.194  10.927 12.370722
98401  47.044  23.509  11.379 11.780593
98402  47.044  22.632  11.710 11.188905
98403  47.463  23.186  11.381 11.520129
98404  47.875  22.821  11.362 11.258292
98405  48.193  22.484  11.497 11.006822
98447  53.032  32.424  1.826 10.563177
98448  52.839  32.517  1.473 10.104053
98449  52.694  31.999  1.698 10.464009
98450  51.959  31.620  1.762 10.292652
98451  50.927  31.355  1.961 10.059574
98452  47.191  30.277  4.742 10.516514
98453  47.527  30.717  4.145 10.128203
98454  46.606  30.578  4.594 9.808375
98455  46.095  30.868  4.472 9.099053
98456  45.473  31.167  4.438 8.400142
98458  44.558  31.055  4.980 8.052826
98463  42.657  30.044  6.946 8.318853
98464  42.592  29.594  7.411 8.842913
98465  44.446  27.947  8.543 12.206085
98466  43.873  28.229  8.528 11.511214
98467  43.964  27.804  8.987 11.989446
98468  43.458  27.609  9.384 11.746507
98469  42.899  27.373  9.772 11.466826
98470  42.435  27.118  10.135 11.139306
98471  43.078  26.910  10.103 11.771060
98472  43.248  26.443  10.483 11.917585
100458  55.616  25.049  18.412 12.066026
100459  55.771  24.715  18.061 12.232791
100460  55.781  24.393  18.975 11.874418
100461  55.900  23.705  19.439 11.636808
100462  55.975  23.010  19.777 11.352956
100463  55.106  20.437  21.365 9.387444
100464  55.439  20.808  21.061 9.847356
100465  55.406  20.091  20.942 9.463268
100466  55.661  19.772  20.441 9.461324
100467  55.861  19.474  19.863 9.386791
100468  56.005  19.043  19.166 9.249423
100469  55.915  18.784  19.495 8.942080
100470  56.066  18.168  18.749 8.504612
100471  56.001  17.577  18.111 8.084229
103671  43.744  22.237  12.364 9.613654
103672  43.212  21.909  12.401 8.873321
103673  43.675  21.462  12.245 8.978064
103674  43.448  20.755  12.015 8.354245
103834  51.236  32.456  0.037 8.306056
103835  51.488  32.941  -0.345 8.146823
106087  52.256  28.477  5.250 14.673452
106088  52.067  28.286  5.655 14.912170
106089  52.708  28.501  5.531 14.857873
106090  53.088  28.524  5.859 14.987223
106091  53.500  28.523  6.267 15.064541
106092  54.411  29.634  7.975 14.252160
106093  54.505  29.263  7.857 14.608284
106094  54.607  29.339  8.520 14.500133
106095  54.795  29.019  9.056 14.672718
106096  54.983  28.668  9.574 14.766977
106097  55.134  28.229  10.013 14.783071
106098  55.054  28.714  10.206 14.585219
106099  55.090  28.742  10.841 14.366640
106100  54.974  28.753  11.415 14.112868
106101  50.630  32.702  9.885 8.711302
106102  51.261  32.538  9.656 9.590159
106103  51.005  32.407  10.190 9.292542
106104  51.382  32.079  10.554 9.842895
106105  51.736  31.698  10.976 10.352091
106106  51.575  30.202  13.899 10.012748
106107  51.799  30.351  13.286 10.430431
106108  52.157  29.872  13.817 10.742653
106109  52.682  29.629  13.712 11.426321
106110  53.201  29.431  13.535 12.053622
106111  53.690  29.238  13.280 12.615163
106112  53.440  29.005  14.076 12.215584
106113  53.704  28.518  14.703 12.325048
106114  53.994  28.010  15.377 12.386793
106115  54.382  27.504  16.029 12.404613
106116  53.933  27.773  16.298 11.965951
106117  53.799  27.600  17.259 11.524961
106118  53.758  27.376  18.140 11.065120
106119  51.823  27.500  19.903 8.366872
106120  52.359  27.405  19.920 8.964766
106121  52.161  27.103  20.425 8.459252
106122  52.418  26.625  20.911 8.508749
106123  52.587  26.051  21.393 8.515985
106124  52.679  25.402  21.749 8.482285
106309  50.843  35.883  5.527 8.439132
106311  50.952  35.938  5.176 8.421544
106312  51.022  35.930  4.719 8.370890
106313  51.145  35.889  4.261 8.290418
106314  51.253  35.909  3.887 8.184497
106315  51.785  35.460  3.918 8.845339
106316  52.319  34.950  3.500 9.340309
106317  52.736  34.409  3.056 9.762631
106318  52.964  33.995  2.765 10.102384
106319  52.987  33.870  3.062 10.353760
106320  53.155  33.247  3.098 10.919262
106321  53.333  32.649  3.217 11.454721
106322  53.706  30.940  4.628 13.022224
106323  53.646  31.129  4.281 12.872680
106324  53.719  30.593  4.519 13.320322
106325  53.583  30.228  4.364 13.540136
106326  53.339  29.838  4.237 13.686829
106327  52.770  29.483  4.208 13.767337
106328  52.989  29.293  4.544 14.051178
106329  52.616  28.825  4.868 14.382677
109854  52.052  27.230  7.470 15.094183
109855  51.359  27.032  7.664 14.961234
109856  52.005  26.804  7.955 14.899875
109857  51.957  26.358  8.405 14.607739
109858  51.817  25.903  8.758 14.227285
109859  52.634  24.270  10.144 12.800477
109860  52.151  24.451  9.775 12.934967
109861  51.979  24.032  10.362 12.409718
109862  51.268  23.755  10.678 12.012989
109863  50.648  23.461  11.050 11.622619
109864  50.054  23.084  11.411 11.248175
109865  50.563  23.050  11.821 11.091284
109866  50.504  22.598  12.590 10.589082
109867  50.518  21.935  13.346 10.122684
109868  55.585  23.472  16.641 11.949877
109869  55.329  23.763  15.670 12.097079
109870  55.251  23.182  16.253 11.669462
109871  54.891  22.904  16.009 11.332718
109872  54.452  22.584  15.756 10.958381
109873  53.674  18.479  14.837 8.929646
109874  53.549  19.473  15.593 9.321905
109875  53.217  18.632  14.795 8.998102
109876  52.743  18.766  14.743 9.057949
109877  52.269  18.968  14.467 9.113738
109878  51.837  19.145  14.276 9.170650
109879  51.930  17.840  13.443 8.828650
109880  51.515  17.137  11.842 8.581304
109881  50.904  16.690  10.616 8.369325
109882  50.139  16.401  9.784 8.187300
109883  50.695  16.332  9.614 8.118108
115567  45.347  26.980  9.297 13.323668
115568  45.456  26.563  9.830 13.351057
115569  45.913  26.801  9.404 13.621452
115570  46.442  26.589  9.547 13.798138
115571  46.996  26.393  9.671 13.860492
115572  47.384  27.047  8.766 14.230535
115573  47.471  26.635  9.281 14.095784
115574  47.456  26.070  9.772 13.821863
115575  47.834  25.717  9.807 13.700721
115576  48.223  25.394  9.830 13.518106
115577  48.566  25.083  9.851 13.295838
115610  51.499  30.356  3.115 12.087914
115611  51.144  30.580  2.852 11.548750
115612  50.452  30.126  3.426 11.920946
115613  49.554  30.061  3.884 11.711990
115614  48.687  30.014  4.368 11.471590
115615  48.750  29.166  5.054 12.501050
115616  48.232  29.537  4.991 11.876223
115617  47.757  29.913  4.879 11.210253
115618  46.822  29.774  5.287 10.937856
115619  45.910  29.697  5.719 10.662703
115620  45.030  29.578  6.237 10.391729
115621  44.389  29.510  6.614 10.129398
115622  44.908  29.169  6.696 10.893534
115623  44.867  28.804  7.147 11.411139
115624  44.932  28.448  7.628 11.924221
115625  46.022  28.274  7.236 12.778396
115626  45.529  28.204  7.685 12.594895
115627  44.986  28.080  8.099 12.405600
115628  45.082  27.706  8.520 12.822518
115629  45.213  27.334  8.892 13.139455
117174  54.786  23.947  21.370 10.252368
117175  55.231  23.500  20.947 10.566197
117176  54.918  23.156  21.488 10.056343
117177  54.936  22.383  21.584 9.818747
117178  54.800  21.575  21.653 9.542799
117179  53.818  21.547  22.143 8.714374
117180  54.279  21.187  21.962 9.006461
117181  54.722  20.826  21.667 9.233680
117182  54.653  20.113  21.651 8.898231
117183  54.548  19.403  21.601 8.544611
117184  54.413  18.668  21.483 8.182160
119673  45.365  20.548  11.743 9.588813
119674  44.805  20.267  11.475 9.075408
119675  45.143  19.888  11.155 9.049235
119676  44.836  19.341  10.632 8.551718
119677  44.543  18.836  10.231 8.096033
119678  45.690  18.665  9.934 8.514609
119679  44.973  18.511  9.899 8.125291
119831  39.766  28.181  9.928 8.056778
121552  53.762  29.847  5.400 13.983408
121553  53.759  29.468  5.691 14.347575
121554  53.834  29.858  5.876 14.038141
121555  53.955  29.766  6.331 14.047869
121556  54.082  29.789  6.863 14.013090
121557  53.768  30.524  6.588 13.115919
121558  53.956  30.207  7.016 13.552694
121559  54.184  29.907  7.483 13.934027
121560  54.227  30.040  8.141 13.811152
121561  54.254  30.176  8.831 13.644861
121562  54.115  30.302  9.460 13.436313
121564  50.083  31.982  12.239 8.299896
121566  50.099  31.410  13.223 8.425157
121567  50.554  31.014  13.580 8.860742
121569  50.348  30.813  14.105 8.459774
121570  50.937  30.488  13.988 9.247817
121571  51.259  29.845  14.465 9.583670
121572  51.661  29.290  15.085 9.868070
121573  52.076  28.897  15.947 10.102510
121574  52.468  28.549  16.796 10.289176
121575  51.939  28.660  16.816 9.640935
121576  51.765  28.370  17.674 9.174096
121577  51.611  28.088  18.493 8.703683
121579  51.002  28.177  18.440 8.051912
121580  51.434  27.840  19.168 8.231127
121726  50.772  35.149  6.100 8.282326
121727  50.772  35.516  5.895 8.369543
121728  50.814  35.757  5.760 8.422009
121729  51.503  35.234  5.339 9.118502
121730  52.150  34.685  4.907 9.771194
121731  52.685  33.960  4.516 10.365461
121732  53.049  33.370  4.158 10.888940
121733  52.989  33.307  4.537 10.984038
121734  53.260  32.560  4.559 11.570718
121735  53.489  31.942  4.673 12.123693
121736  53.254  32.278  5.411 11.637201
121737  53.597  31.706  5.030 12.180034
121738  53.652  31.343  4.815 12.642399
121739  53.758  30.771  4.996 13.126546
121740  53.815  30.318  5.243 13.574541
124482  54.165  26.595  9.192 14.748204
124483  53.668  26.235  9.019 14.568289
124484  54.048  26.113  9.380 14.435002
124485  53.837  25.597  9.515 14.059032
124486  53.552  25.121  9.757 13.633209
124487  54.462  25.541  10.585 13.790456
124488  53.965  25.018  10.227 13.505940
124489  53.332  24.634  10.138 13.170898
124490  53.221  24.259  10.668 12.685359
124491  53.156  23.994  11.305 12.188520
124492  53.024  23.743  11.992 11.690790
124493  55.486  20.536  17.802 10.149044
124494  55.112  20.945  17.436 10.291788
124495  55.177  20.073  17.218 9.824932
124496  54.852  19.576  16.561 9.490596
124497  54.541  18.995  15.755 9.161006
124498  55.047  17.890  15.037 8.637426
124499  54.607  18.120  14.898 8.751846
124500  54.168  18.309  14.916 8.848535
124501  53.754  17.639  13.773 8.561891
124502  53.361  17.010  12.333 8.306585
124503  52.953  16.582  11.029 8.085322
129637  41.624  24.643  12.291 9.297242
129638  41.761  23.930  12.563 8.835732
129639  42.227  24.233  12.336 9.650722
129640  42.803  23.831  12.341 9.921892
129641  43.354  23.442  12.373 10.115201
129642  43.766  24.629  11.801 11.309365
129643  43.797  23.837  12.121 10.815598
129644  43.780  23.033  12.318 10.237181
129645  44.221  22.575  12.295 10.295272
129646  44.684  22.224  12.214 10.297253
129647  45.122  21.872  12.138 10.251315
129648  45.564  26.035  10.359 13.212473
129649  45.624  25.397  10.831 12.916489
129650  45.620  24.703  11.210 12.487725
129651  46.539  24.779  10.929 12.779875
129652  46.028  24.357  11.251 12.396305
129653  45.555  23.908  11.571 11.961439
129654  45.512  23.133  11.871 11.376347
129655  45.504  22.298  12.054 10.768215
129656  45.487  21.403  12.046 10.165723
129657  45.833  20.977  11.892 10.049118
129658  46.172  20.566  11.685 9.910125
129659  46.555  20.192  11.296 9.757161
129660  47.040  21.627  11.811 10.618642
129661  46.989  20.616  11.611 10.085407
129662  46.928  19.722  11.073 9.598137
129663  47.290  19.266  11.177 9.439823
129664  47.672  18.818  11.424 9.288046
129665  48.093  18.357  11.617 9.146985
129752  52.692  34.258  0.910 8.930433
129753  52.588  34.315  0.493 8.645074
129754  52.745  33.837  0.737 9.009687
129755  52.646  33.359  0.512 9.000546
129756  52.370  32.906  0.375 8.905859
129757  52.548  32.521  1.105 9.638974
129758  52.235  32.499  0.731 9.178318
129759  51.759  32.417  0.339 8.731460
129760  50.809  32.049  0.496 8.486073
129761  49.592  31.829  0.879 8.181080
129763  50.711  30.839  2.665 10.976619
129764  50.243  31.072  2.515 10.382130
129765  49.709  31.280  2.305 9.776583
129766  47.987  31.012  3.492 9.774951
129767  48.497  31.226  2.830 9.456540
129768  49.050  31.386  2.164 9.171057
129769  48.363  31.499  2.079 8.575593
129791  43.789  29.443  7.018 9.877476
129792  43.178  29.311  7.471 9.635171
129793  42.555  29.152  7.900 9.398998
129794  43.268  28.492  8.448 10.758288
129795  42.651  28.745  8.388 9.968622
129796  42.007  28.973  8.316 9.163056
129797  41.432  28.737  8.736 8.919868
129798  40.852  28.544  9.131 8.660613
129799  40.313  28.383  9.518 8.375895
129800  40.478  27.900  10.024 8.863046
129801  40.591  27.399  10.507 9.283900
129802  40.736  26.861  10.892 9.600105
129803  41.955  26.859  10.531 10.753789
129804  41.426  26.617  10.896 10.301373
129805  40.897  26.322  11.269 9.776212
129806  41.112  25.776  11.639 9.786839
129807  41.363  25.232  11.993 9.623515
131347  51.742  33.396  7.661 9.106900
131348  51.999  33.115  7.829 9.735126
131349  51.429  33.538  8.244 8.888850
131350  51.061  33.518  8.642 8.648094
131351  50.627  33.323  9.055 8.387704
131354  50.217  33.030  9.549 8.110489
131517  51.170  33.636  7.551 8.469457
133998  55.326  26.190  14.371 13.323032
133999  55.369  25.790  14.006 13.314890
134000  55.447  25.574  14.958 13.091187
134001  55.554  24.987  15.523 12.819109
134002  55.686  24.348  16.305 12.507467
134003  55.880  24.399  17.710 12.304142
134004  55.936  24.062  17.336 12.277934
134005  55.786  23.744  16.946 12.157050
134006  55.816  23.113  17.531 11.770477
134007  55.782  22.428  18.027 11.352009
134008  55.742  21.721  18.324 10.907891
134009  55.542  23.067  20.663 10.805081
134010  55.788  22.669  20.387 10.959857
134011  55.957  22.361  20.026 11.024668
134012  55.709  21.206  20.711 10.271656
134013  55.933  21.630  20.287 10.656312
134014  56.077  22.053  19.785 10.998590
134015  56.088  21.708  19.425 10.886111
134016  55.976  21.298  18.906 10.697137
134017  55.777  20.924  18.353 10.445785
134018  55.799  20.155  18.160 9.974617
134019  55.844  19.374  17.747 9.503838
134020  55.912  18.612  17.108 9.042472
134021  56.088  18.672  18.297 9.062283
134022  56.078  18.313  17.315 8.840393
134023  55.965  17.898  16.292 8.598848
134024  55.902  17.201  15.532 8.180038
140676  41.805  23.187  12.735 8.276763
140679  42.627  21.579  12.426 8.080959
140685  44.163  19.993  11.359 8.505020
141007  52.420  34.339  -0.015 8.381144
141008  52.251  34.405  -0.563 8.146045
141010  51.660  33.483  -0.727 8.007161
145582  49.391  27.807  6.230 14.571539
145583  49.359  27.729  6.690 14.747239
145584  50.000  27.795  6.351 14.832501
145585  50.699  27.788  6.465 15.016697
145586  51.328  27.727  6.663 15.131900
145587  52.002  28.099  5.998 15.085925
145588  51.947  27.862  6.453 15.181593
145589  51.945  27.568  6.942 15.187063
145590  52.584  27.404  7.340 15.191730
145591  53.233  27.325  7.884 15.154943
145592  53.782  27.152  8.369 15.084744
145593  53.791  29.147  6.037 14.659883
145594  53.873  28.873  6.434 14.911461
145595  53.976  28.567  6.885 15.093035
145596  54.481  28.911  7.683 14.881187
145597  54.336  28.586  7.531 15.075271
145598  54.072  28.211  7.409 15.196100
145599  54.149  27.838  7.953 15.214301
145600  54.249  27.476  8.457 15.144479
145601  54.184  27.011  8.879 14.987527
145602  54.580  26.937  9.423 14.868307
145603  54.807  26.906  9.828 14.730078
145604  54.981  26.875  10.347 14.574601
145605  55.205  27.728  10.280 14.723779
145606  55.184  27.291  10.584 14.594569
145607  55.090  26.911  10.943 14.402052
145608  55.081  26.956  11.554 14.211477
145609  55.092  26.904  12.186 14.001431
145610  55.122  26.854  12.937 13.769803
145611  52.213  32.790  7.993 10.346480
145612  52.418  32.408  8.168 10.933018
145613  52.687  31.977  8.561 11.485792
145614  51.810  32.377  9.408 10.439951
145615  52.425  32.014  9.139 11.246074
145616  53.035  31.526  8.848 11.995800
145617  53.391  31.073  9.156 12.454421
145618  53.684  30.691  9.612 12.853544
145619  53.945  30.385  10.089 13.186971
145620  50.764  31.804  12.055 9.162470
145621  51.404  31.569  11.759 10.004383
145622  52.001  31.245  11.457 10.811161
145623  52.027  30.522  12.585 10.832273
145624  52.296  30.759  11.887 11.213503
145625  52.589  30.890  11.121 11.570104
145626  53.192  30.588  10.879 12.269324
145627  53.732  30.316  10.716 12.898958
145628  54.195  30.029  10.574 13.450684
145629  54.435  29.627  11.094 13.643638
145630  54.653  29.167  11.654 13.767356
145631  54.774  28.715  12.055 13.825754
145632  54.144  28.983  12.954 13.102183
145633  54.567  28.637  12.703 13.507307
145634  54.870  28.287  12.410 13.824202
145635  54.951  27.864  12.783 13.768388
145636  55.029  27.319  13.301 13.663726
145637  55.184  26.755  13.800 13.514403
145638  55.187  26.553  14.828 13.232911
145639  55.227  26.291  15.876 12.923215
145640  55.313  26.015  16.885 12.583784
145641  54.721  26.945  16.621 12.381289
145642  55.050  26.339  17.214 12.317554
145643  55.368  25.666  17.795 12.213151
145644  55.319  25.341  18.797 11.810043
145645  55.200  25.081  19.707 11.374189
145646  54.949  24.831  20.385 10.905519
145647  52.844  28.158  17.589 10.430781
145648  53.272  27.688  18.332 10.529749
145649  53.670  27.170  18.926 10.587445
145650  52.892  27.242  19.807 9.542871
145651  53.431  26.979  19.636 10.092536
145652  53.977  26.562  19.523 10.604394
145653  54.191  25.876  20.179 10.580319
145654  54.364  25.254  20.705 10.514240
145655  54.586  24.616  21.096 10.405060
145656  54.286  24.281  21.583 9.875072
145657  53.832  23.899  21.844 9.319107
145658  53.311  23.529  21.968 8.743387
145659  52.752  24.643  21.909 8.409286
145660  52.820  23.860  21.975 8.299346
145661  52.841  23.110  22.010 8.155429
146017  52.327  35.147  1.029 8.300066
146039  51.331  35.878  3.354 8.059308
146042  51.987  35.506  1.955 8.180140
146043  52.373  35.091  1.550 8.510901
146044  52.565  34.665  1.197 8.763072
146045  52.786  34.201  1.414 9.228828
146046  52.950  33.732  1.662 9.690571
146047  53.063  33.264  1.889 10.142827
146048  53.098  33.549  2.510 10.353483
146049  53.160  33.161  2.261 10.512974
146050  53.168  32.796  2.036 10.581655
146051  53.126  32.295  2.184 11.005699
146052  52.986  31.804  2.369 11.415624
146053  52.683  31.263  2.621 11.813555
146054  53.211  32.884  3.838 11.332348
146055  53.343  32.441  3.560 11.689775
146056  53.426  32.047  3.327 11.958662
146057  53.545  31.284  3.892 12.676253
146058  53.457  31.470  3.517 12.431829
146059  53.368  31.692  3.168 12.139765
146060  53.182  31.351  3.049 12.236647
146061  52.788  31.033  2.936 12.255057
146062  52.211  30.674  2.965 12.202539
146063  51.625  30.082  3.419 12.585050
146064  51.395  29.608  3.883 12.962065
146065  51.038  29.085  4.334 13.331739
146066  52.133  29.098  4.253 13.789176
146067  51.382  28.796  4.490 13.760314
146068  50.613  28.625  4.791 13.688916
146069  50.147  28.254  5.261 14.024208
146070  49.661  27.955  5.739 14.324110
153147  49.350  27.597  7.211 14.831923
153148  49.451  27.340  7.725 14.809372
153149  49.494  26.917  8.251 14.669661
153150  50.679  26.899  8.003 14.799670
153151  50.061  26.665  8.347 14.614944
153152  49.463  26.442  8.715 14.411351
153153  49.386  25.927  9.119 14.043152
153154  49.262  25.396  9.498 13.582505
153155  49.106  24.851  9.858 13.053648
153156  53.051  25.929  8.930 14.338838
153157  52.334  25.690  8.922 14.070558
153158  51.566  25.426  9.040 13.774015
153159  51.725  24.694  9.551 13.090749
153160  51.281  24.944  9.338 13.266886
153161  50.809  25.143  9.232 13.459427
153162  50.160  24.887  9.518 13.135365
153163  49.559  24.587  9.831 12.808717
153164  48.976  24.279  10.119 12.483763
153165  48.814  23.655  10.570 11.899452
153166  48.659  22.941  11.117 11.323752
153167  48.551  22.149  11.757 10.774839
153168  49.503  22.638  11.865 10.895857
153169  49.002  22.035  12.206 10.568531
153170  48.519  21.273  12.396 10.265085
153171  48.568  20.187  12.800 9.801552
153172  48.596  19.058  12.524 9.386673
153173  48.575  18.137  11.829 9.019576
153174  55.338  25.402  13.663 13.210678
153175  55.155  25.024  13.363 13.017175
153176  54.882  24.679  13.092 12.745428
153177  55.145  24.019  14.633 12.218280
153178  54.852  24.226  13.693 12.320170
153179  54.518  24.365  12.825 12.410381
153180  54.064  24.055  12.652 12.029221
153181  53.490  23.739  12.680 11.620222
153182  52.855  23.344  12.782 11.201211
153183  54.785  21.407  16.791 10.405882
153184  54.319  21.821  16.260 10.495269
153185  53.921  22.162  15.641 10.565468
153186  53.486  20.630  15.923 9.736741
153187  53.484  21.621  15.585 10.171480
153188  53.570  22.479  14.889 10.622643
153189  53.194  22.784  14.212 10.673871
153190  52.736  22.889  13.549 10.726465
153191  52.233  22.921  13.005 10.787987
153192  51.684  22.428  13.381 10.393557
153193  51.101  21.800  13.679 10.027530
153194  50.620  20.812  13.837 9.695677
153195  51.353  19.273  14.006 9.233926
153196  50.766  19.485  13.786 9.308847
153197  50.158  19.668  13.742 9.399867
153198  49.694  18.600  12.930 9.138572
153199  49.127  17.815  11.937 8.906839
153200  48.490  17.416  10.998 8.696463
153201  48.329  16.882  10.208 8.412199
153202  48.063  16.437  9.336 8.160500
153204  49.295  16.156  9.016 8.027198
