72 62 12
85 61 10
211 47 9
74 46.5 7
73 63 12.5
86 62 12
86 62 12
219 66 8
73 63 12.5
87 48 6
63 45 11
126 62 8.5
86 39 12.5
136 49.5 7
87 63 12.5
86 62 12
56 46 10
71 47 6.5
73 63 12.5
219 61 6
179 45.5 9
79 39 12
64 48 5.5
106 39 12
79 41 12.5
87 63 12.5
63 57 10
180 60 8
51 46 12
147 38 6
234 58 6
63 59 6
59 43 10
181 77 8
92 61 12
238 60 4
128 60 8
224 114 3
125 62 8.5
76 50 10
48.5 34 12
42 36 9.5
103 49 5
85 38 12.5
97 42 10
87 63 12.5
39 36 8
163 74 9
86 39 12.5
79 41 12.5
73 63 12.5
83.5 61 12
166 66 4.5
86 74 5
76 64 12
72 60 5.5
88 60 12.5
87 63 12.5
125 62 8
87 63 12.5
106 39 12
87 63 12.5
255 59 7
59 33 12
102 73 6
73 63 12.5
230 48 7
94 74 5
61 34 6
88 60 12.5
63 42 10
79 41 12
106 62 8
87 63 12.5
239 62 4
79 39 12
67.5 81 5
68 45 10
225 62 4
149 61 8
86 62 12.5
263 60 5
256 58 5
85 76 5.5
74 81 6
125 46 5
86 39 12.5
73 63 12.5
215 62 6
85 61 12
86 39 12.5
86 39 12.5
225 660 8
72 63 12.5
218 61 7
238 59 4
86 62 12
86 39 12.5
74 46 13
78 82 5.5
125 63 8
87 63 12.5
153 39 8
86 39 12.5
50 32 12
83 61 12
86 62 12
150 62 8.5
74 63 12
85 61 8
59 43.5 11
127 62 7
218 64 6.5
71 61 12
76 25 5
40 36 12
72 63 12.5
72 62 12.5
86 39 12.5
76 74 5
86 62 12
86 59.5 12
78 41 12
243 61 4
79 41 12
62 35.5 13
182 46 8.5
150 62 8.5
86 62 12
153 49 6
87 63 12.5
73 63 12.5
51 38.5 8.5
97 34 12
86 62 12
86 62 12
126 61 8.5
79 41 12
125 61 8
81 38.5 11
132 63 8
86 62 12
149 61 8
193 46 8
133 60 9.5
125 61 8
243 50 8
93 41.5 6
85 61 12
73 63 12.5
60 31 12
44 49 12
91 59.5 12
150 62 8.5
236 48 6.5
107 40 12.5
240 93 5
150 61 8
171 59 10
87 63 12.5
150 62 8.5
239 38 10
107 63 8.5
