73 63 12.5
79 41 12
86 62 12
86 39 12.5
49.5 42 12
86 39 12.5
59 43 10
231 48 8.5
86 75 5.5
87 63 12.5
95 74 5
182 46 8.5
73 63 12.5
103 49 5
238 60 4
74 46.5 7
76 25 5
99 38 6
150 61 8
125 61 8
63 45 11
60 31 12
78 39 12.5
79 41 12
85 61 12
87 63 12.5
125 62 8
86 62 12
73 63 12.5
72 63 12.5
153 39 8
180 60 8
48.5 34 12
65 60 11.5
157 40 5.5
197 57 6
240 93 5
86 39 12.5
87 63 12.5
73 63 12.5
230 48 7
147 38 6
126 62 8.5
87 63 12.5
85 76 5.5
236 48 6.5
127 62 7
40 36 12
64 48 5.5
74 81 6
76 74 5
79 39 12
150 62 8.5
71 61 12
73 63 12.5
87 63 12.5
85 61 12
79 41 12.5
87 63 12.5
256 59 4
86 39 12.5
177 49 7.5
234 44 4.5
263 60 5
77 38 12
31 73 5.5
132 63 8
74 46 13
151 62 8
256 58 5
125 46 5
106 62 8.5
86 39 12.5
79 41 12.5
50 32 12
93 41.5 6
83 61 12
71 47 6.5
107 40 12.5
239 62 4
79 40 12.5
63 42 10
72 62 12
85 61 12
63 41.5 9
59 33 12
149 61 8
60 33 7
86 62 12
107 40 12.5
225 660 8
219 61 6
73 63 12.5
225 62 4
86 62 12
85 88 12
86 59.5 12
240 45 9
215 62 6
79 41 12.5
232 58 4
87 63 12.5
61 34 6
243 50 8
76 50 10
76 64 12
86 62 12
86 62 12
93 70 5.5
59 43.5 11
85 38 12.5
87 63 12.5
102 73 6
126 61 8.5
44 49 12
239 38 10
238 60 8
125 62 8.5
85 61 10
95 44 12
218 64 6.5
86 39 12.5
85 61 12
86 39 12.5
51 46 12
243 75 4.5
86 62 12
239 43 7
153 49 6
86 62 12
86 62 12
166 66 4.5
93 78 4.5
78 82 5.5
181 77 8
171 59 10
94 74 5
73 63 12.5
86 39 12.5
211 47 9
79 41 12.5
67.5 81 5
89 60 8
72 60 5.5
230 48 7
136 49.5 7
92 61 12
39 36 8
234 58 6
193 46 8
73 63 12.5
86 39 12.5
73 63 12.5
150 62 8.5
91 59.5 12
86 62 12
86 39 12.5
86 62 12
118 9.5 7
86 39 12.5
248 55 4
56 46 10
87 59 12
85 60 11.5
81 38.5 11
42 36 9.5
81 69 6
87 63 12.5
86 74 5
88 60 12.5
86 39 12.5
72 62 12.5
63 57 10
106 62 8
83.5 61 12
73 63 12.5
150 62 8.5
74 63 12
87 63 12.5
73 63 12.5
87 63 12.5
106 39 12
236 16 8
86 62 12.5
125 62 8.5
179 45.5 9
133 60 9.5
219 66 8
97 42 10
224 114 3
73 63 12.5
68 45 10
85 61 12
88 60 12.5
79 41 12
163 74 9
72 63 12.5
243 61 4
254 19 11
87 48 6
97 34 12
79 39 12
86 39 12.5
75 71 5
85 61 8
87 63 12.5
85 38 12.5
202 51 9
62 35.5 13
128 60 8
150 62 8.5
72 62 12
86 62 12
238 59 4
73 63 12.5
45 35 8
86 62 12
78 41 12
107 63 8.5
106 39 12
125 63 8
218 61 7
106 39 12
255 59 7
71 74 13
169 40 8
125 61 8
258 60 6.5
51 38.5 8.5
149 61 8
73 63 12.5
72 23 5
63 59 6
73 63 12.5
