62 35.5 13
61 34 6
273 26 6
73 45 5.5
209 45 9
211 47 9
71 74 13
83.5 61 12
74 63 12
83 61 12
85 61 10
59 43.5 11
219 61 6
218 61 7
218 64 6.5
86 59.5 12
106 62 8
150 61 8
85 61 12
85 61 8
85 61 12
151 62 8
76 25 5
51 38.5 8.5
60 33 7
72 60 5.5
136 49.5 7
187 36 11
97 34 12
50 32 12
48.5 34 12
223 25 5.5
181 45.5 5.5
177 49 7.5
87 48 6
68 45 10
90 48 13
166 66 4.5
181 77 8
93 41.5 6
95 44 12
93 42 10
130 44 8
234 44 4.5
49.5 45.5 12
49.5 42 12
47 42.5 12
44 49 12
179 45.5 9
86 62 12
85 61 12
163 74 9
85 61 12
236 16 8
277 24 7.5
76 64 12
56 46 10
71 47 6.5
218 55.5 8
219 66 8
77 38 12
85 61 12
85 61 12
71 61 12
127 62 7
74 46 13
193 46 8
63 42 10
125 46 5
90 59 11.5
87 57 6.5
255 59 7
263 60 5
157 40 5.5
93 78 4.5
67.5 81 5
78 37 10
81 38.5 11
63 41.5 9
97 42 10
99 38 6
153 49 6
153 39 8
118 9.5 7
224 114 3
231 44 7
239 38 10
40 36 12
42 36 9.5
39 36 8
72 23 5
230 48 7
230 48 7
225 660 8
238 60 8
64 48 5.5
94 74 5
243 75 4.5
240 93 5
74 46.5 7
182 46 8.5
183 46 7
88 87 12
87 59 12
133 60 9.5
128 60 8
132 63 8
180 60 8
256 58 5
258 60 6.5
64 15 8
91 8 5
254 19 11
238 60 4
169 40 8
59 43 10
59 33 12
60 31 12
85 60 11.5
65 60 11.5
126 60 11.5
47 40 12
232 58 4
243 50 8
238 59 4
242 60 4.5
243 61 4
63 59 6
236 47 4.5
236 48 6.5
236 45 6
248 55 4
103 49 5
232 46 8.5
231 48 8.5
45 35 8
147 38 6
89 60 8
51 46 12
63 45 11
215 62 6
225 62 4
239 62 4
202 51 9
91 59.5 12
95 60 9
76 50 10
63 57 10
92 61 12
63 48 10
171 59 10
256 59 4
57 42 10
239 43 7
240 45 9
246 58 6
234 58 6
197 57 6
88 60 12.5
106 39 12
85 38 12.5
87 63 12.5
106 62 8.5
73 63 12.5
87 63 12.5
86 39 12.5
95 74 5
78 82 5.5
87 63 12.5
86 39 12.5
107 63 8.5
125 62 8.5
79 40 12.5
126 62 8.5
93 70 5.5
78 39 12.5
87 63 12.5
86 39 12.5
87 63 12.5
87 63 12.5
86 39 12.5
86 74 5
86 39 12.5
73 63 12.5
73 63 12.5
150 62 8.5
87 63 12.5
74 81 6
107 40 12.5
86 36 12.5
73 63 12.5
85 76 5.5
102 73 6
125 62 8
72 63 12.5
87 63 12.5
73 63 12.5
86 39 12.5
81 69 6
72 62 12.5
86 39 12.5
150 62 8.5
86 62 12.5
72 62 12
86 62 12
31 73 5.5
125 61 8
73 63 12.5
73 63 12.5
86 62 12
86 62 12
126 61 8.5
79 41 12
75 67 6
79 39 12
73 63 12.5
85 88 12
149 61 8
72 62 12
86 62 12
106 39 12
78 41 12
86 75 5.5
86 62 12
86 62 12
86 62 12
125 63 8
79 41 12
79 41 12.5
79 41 12.5
75 71 5
76 74 5
88 60 12.5
106 39 12
85 38 12.5
87 63 12.5
106 62 8.5
73 63 12.5
87 63 12.5
86 39 12.5
87 63 12.5
86 39 12.5
107 63 8.5
125 62 8.5
79 40 12.5
126 62 8.5
78 39 12.5
87 63 12.5
86 39 12.5
87 63 12.5
87 63 12.5
86 39 12.5
86 39 12.5
73 63 12.5
73 63 12.5
150 62 8.5
87 63 12.5
107 40 12.5
86 36 12.5
73 63 12.5
125 62 8
72 63 12.5
87 63 12.5
73 63 12.5
86 39 12.5
72 62 12.5
86 39 12.5
150 62 8.5
86 62 12.5
72 62 12
86 62 12
125 61 8
73 63 12.5
73 63 12.5
86 62 12
86 62 12
126 61 8.5
79 41 12
79 39 12
73 63 12.5
85 88 12
149 61 8
72 62 12
86 62 12
106 39 12
78 41 12
86 62 12
86 62 12
86 62 12
125 63 8
79 41 12
79 41 12.5
79 41 12.5
