128 60 8
166 66 4.5
83 61 12
86 62 12.5
86 59.5 12
87 63 12.5
107 40 12.5
211 47 9
67.5 81 5
63 57 10
86 62 12
76 50 10
106 62 8
74 46.5 7
56 46 10
86 62 12
86 62 12
51 46 12
31 73 5.5
63 41.5 9
59 43 10
72 62 12
239 62 4
86 62 12
72 62 12.5
73 63 12.5
86 39 12.5
62 35.5 13
79 41 12.5
125 46 5
85 61 12
103 49 5
63 59 6
87 63 12.5
61 34 6
63 42 10
86 62 12
132 63 8
106 39 12
73 63 12.5
39 36 8
86 62 12
93 78 4.5
87 63 12.5
76 74 5
93 41.5 6
92 61 12
147 38 6
87 63 12.5
75 71 5
95 74 5
86 39 12.5
236 48 6.5
86 39 12.5
87 63 12.5
94 74 5
83.5 61 12
85 61 12
87 63 12.5
63 45 11
85 38 12.5
73 63 12.5
86 62 12
44 49 12
59 43.5 11
136 49.5 7
254 19 11
240 93 5
86 39 12.5
86 62 12
