#!ascii label , from subject fsaverage
1019
13  -37.679  24.150  28.401 2.235073
93  -43.481  6.722  20.048 2.153229
455  -38.680  2.856  26.285 2.927007
456  -34.144  13.280  31.876 3.816557
459  -44.857  21.748  36.285 3.017257
742  -35.730  20.689  25.895 2.190283
997  -36.199  1.515  30.058 2.151333
998  -33.285  7.700  28.814 4.639390
999  -33.318  6.701  32.927 3.074147
2019  -41.219  3.939  22.902 3.082390
2020  -35.582  8.227  25.881 3.496571
2021  -33.973  14.683  28.309 4.223692
2022  -35.975  19.198  30.930 3.797442
2030  -39.647  17.936  34.910 2.250188
2031  -41.146  22.711  32.819 3.718797
2032  -45.129  26.069  33.758 2.548638
2662  -36.325  22.762  26.803 2.268899
2918  -34.081  3.631  31.371 2.801404
2919  -34.325  3.454  33.454 2.074185
4423  -40.923  1.597  27.348 2.009652
4425  -42.465  2.062  25.652 2.436695
4426  -43.480  2.310  23.911 2.689542
4427  -40.007  3.439  24.413 3.175811
4428  -38.277  5.693  24.214 3.242338
4429  -36.660  5.133  25.786 3.642313
4430  -33.001  10.742  30.447 4.867179
4431  -33.098  11.308  28.491 4.914293
4432  -33.697  13.956  30.210 4.698433
4433  -34.528  17.124  29.748 4.125094
4434  -35.133  16.063  31.872 3.928445
4455  -42.404  19.980  35.740 2.558496
4456  -40.649  20.670  33.813 3.250847
4457  -43.170  22.213  34.398 3.583384
4458  -43.450  23.971  33.479 3.630918
4459  -44.934  23.787  35.023 3.361899
6401  -37.135  2.200  28.035 2.531178
6402  -35.427  4.620  27.516 3.684848
6403  -34.429  4.069  29.339 3.380575
6404  -32.993  7.066  30.788 4.216611
6405  -33.346  10.175  32.467 3.716500
6419  -45.589  21.852  38.356 2.332368
6420  -45.862  23.624  36.917 2.595544
7630  -41.929  7.918  22.033 2.144186
8239  -39.983  25.559  29.949 2.205062
8622  -44.700  3.728  20.337 2.213367
8630  -44.171  2.722  22.294 2.591146
8631  -42.309  5.183  21.635 2.641434
8632  -40.084  6.484  23.097 2.667375
8633  -37.518  8.520  24.769 2.475351
8634  -35.468  11.701  25.735 2.537990
8635  -34.130  8.118  27.144 4.374376
8636  -34.071  11.613  27.024 3.944549
8637  -34.676  15.184  26.454 2.885337
8638  -34.690  18.008  27.397 3.196198
8639  -35.512  20.271  28.329 3.270938
8640  -36.922  22.027  29.648 3.195082
8660  -34.423  10.343  34.615 2.045138
8661  -35.385  12.911  33.691 2.204136
8664  -36.614  15.715  33.620 2.652495
8665  -37.795  18.630  33.091 3.301163
8666  -38.519  21.214  31.915 3.598322
8667  -39.233  23.345  31.050 3.204225
8668  -41.689  24.620  31.861 3.188517
8669  -43.848  26.310  32.286 2.422271
8671  -45.512  26.086  35.407 2.098482
10342  -36.872  23.525  27.529 2.252191
10747  -44.385  5.877  19.215 2.019804
12103  -39.750  2.045  26.793 2.451574
12104  -41.734  1.844  26.493 2.224812
12105  -40.625  2.378  25.892 2.671104
12106  -41.321  2.594  24.969 2.855164
12107  -39.448  3.130  25.343 3.084126
12108  -38.436  4.105  24.935 3.379043
12109  -37.670  3.886  25.928 3.354448
12110  -33.408  12.126  31.231 4.454987
12111  -33.233  12.371  30.285 4.847041
12112  -33.809  13.611  31.084 4.418419
12113  -34.277  15.018  31.051 4.340594
12114  -34.529  14.725  31.810 3.875716
12133  -44.414  20.679  36.962 2.515029
12134  -43.070  19.664  36.618 2.228629
12135  -43.713  20.964  36.041 2.831338
12136  -42.881  21.192  35.077 3.144968
12137  -44.088  21.981  35.281 3.335177
12138  -44.082  22.946  34.678 3.610803
12139  -44.935  22.761  35.559 3.330011
13747  -35.697  19.329  25.631 2.062032
14506  -38.250  1.417  28.573 2.046907
14507  -36.552  1.844  28.988 2.335592
14508  -35.588  2.929  28.588 2.915824
14509  -35.226  2.663  29.589 2.699787
14510  -33.496  5.122  32.121 3.068164
14511  -33.483  5.251  31.015 3.525995
14512  -33.136  6.873  31.908 3.727671
14513  -33.008  8.741  31.715 4.207048
14514  -33.233  8.495  32.717 3.503652
14536  -45.235  20.773  39.003 2.012048
14537  -45.232  22.169  39.231 2.045779
14538  -45.477  22.908  38.628 2.152587
18112  -41.264  26.211  30.332 2.085707
19014  -45.763  2.840  20.951 2.081816
19033  -42.282  2.921  23.295 2.979477
19034  -43.888  2.454  23.087 2.684893
19035  -42.661  3.269  22.514 2.888411
19036  -43.124  3.725  21.809 2.706713
19037  -41.747  4.456  22.245 2.893074
19038  -41.241  5.755  22.342 2.707212
19039  -40.516  5.136  22.836 2.968931
19040  -36.916  6.777  25.092 3.334929
19041  -37.859  6.956  24.467 2.939083
19042  -36.559  8.288  25.370 2.965304
19043  -36.352  9.974  25.506 2.458847
19044  -35.392  9.937  25.917 3.071135
19045  -34.198  6.129  28.116 4.177639
19046  -34.708  6.330  27.363 4.149102
19047  -33.604  7.999  27.897 4.593990
19048  -33.540  12.914  28.470 4.649516
19049  -33.483  11.541  27.673 4.532989
19050  -33.875  13.215  27.656 4.127143
19051  -34.369  13.519  26.768 3.437852
19052  -34.190  15.074  27.305 3.608523
19053  -34.592  16.727  26.906 3.064318
19054  -34.272  16.416  27.920 3.720043
19055  -35.168  18.193  30.419 3.969424
19056  -34.954  18.662  29.169 3.724931
19057  -35.612  19.680  29.679 3.645436
19058  -36.220  21.202  28.911 3.236934
19059  -36.476  20.592  30.186 3.554883
19111  -34.823  11.687  34.122 2.111328
19120  -38.169  16.762  34.475 2.347405
19121  -37.244  17.069  33.582 2.983855
19122  -38.782  18.332  34.099 2.785026
19123  -40.900  21.731  33.289 3.590443
19124  -39.561  20.984  32.896 3.501338
19125  -39.811  21.946  32.389 3.629212
19126  -38.821  22.227  31.520 3.492346
19127  -40.179  22.921  32.016 3.545743
19128  -40.501  23.928  31.532 3.239027
19129  -41.364  23.511  32.460 3.590562
19130  -44.466  24.887  33.677 3.209907
19131  -43.658  25.083  32.909 3.158321
19132  -44.544  26.091  32.989 2.561805
19136  -45.735  24.735  36.142 2.434411
23224  -36.004  21.848  26.266 2.256532
23682  -34.994  2.360  30.719 2.462946
23683  -34.957  2.190  31.806 2.212931
23684  -34.144  3.462  32.419 2.437454
23685  -33.687  5.028  33.189 2.540550
26394  -43.718  1.820  26.366 2.011407
26395  -44.297  1.945  25.538 2.178522
26396  -44.893  2.021  24.675 2.294270
26397  -43.161  2.198  24.781 2.602350
26398  -41.765  2.789  24.156 2.966195
26399  -40.659  3.611  23.579 3.178899
26400  -39.752  4.722  23.464 3.181316
26401  -39.101  4.384  24.158 3.321323
26402  -37.521  5.372  24.956 3.478847
26403  -35.981  6.647  25.807 3.703134
26404  -32.975  9.248  29.634 4.918043
26405  -33.090  9.547  28.583 4.928497
26406  -32.986  11.051  29.449 5.032300
26407  -33.335  12.702  29.344 4.908983
26408  -33.772  14.327  29.311 4.618753
26409  -34.152  15.986  28.997 4.219786
26410  -34.174  15.516  30.107 4.454112
26411  -34.790  16.685  30.856 4.199322
26412  -35.599  17.641  31.517 3.916867
26449  -41.059  19.060  35.230 2.336087
26450  -40.255  19.394  34.374 2.771932
26451  -41.627  20.304  34.773 2.915639
26452  -41.953  21.486  34.165 3.413313
26453  -42.149  22.489  33.583 3.722857
26454  -42.272  23.326  33.195 3.767555
26455  -43.244  23.174  33.870 3.767459
26456  -44.264  23.896  34.212 3.576968
26457  -45.049  24.896  34.488 3.087702
30292  -38.917  1.788  27.673 2.234918
30293  -37.842  2.547  27.224 2.733764
30294  -36.891  3.631  26.840 3.257506
30295  -36.219  3.276  27.692 3.105475
30296  -34.862  4.353  28.336 3.570249
30297  -33.763  5.825  29.018 4.080730
30298  -34.180  3.816  30.337 3.122457
30299  -33.511  5.517  29.970 3.864779
30300  -33.069  7.326  29.760 4.515271
30301  -32.946  9.030  30.709 4.681429
30302  -33.124  10.501  31.483 4.419924
30303  -33.735  11.749  32.126 3.779834
30334  -44.991  20.573  37.956 2.232577
30335  -45.438  21.674  37.237 2.669672
30336  -45.542  22.574  36.524 2.963301
30337  -45.810  22.720  37.636 2.553234
30338  -45.607  23.758  37.988 2.142187
33328  -42.726  7.429  20.936 2.199214
33329  -43.658  8.035  20.072 2.031917
35017  -38.744  24.803  29.361 2.229154
36120  -43.852  5.071  20.053 2.225563
36142  -45.331  2.062  23.776 2.341505
36143  -45.515  2.227  22.971 2.317602
36144  -45.645  2.451  22.027 2.227417
36145  -44.450  3.160  21.387 2.424199
36146  -43.467  4.393  20.918 2.469445
36147  -42.867  5.923  20.810 2.377922
36148  -41.982  6.641  21.748 2.435401
36149  -40.934  7.186  22.630 2.384919
36150  -39.849  7.857  23.453 2.244347
36151  -39.165  5.950  23.616 2.962300
36152  -38.789  7.350  23.945 2.565550
36153  -38.611  8.829  24.293 2.074477
36156  -35.850  13.363  25.499 2.002939
36157  -36.046  4.949  26.663 3.712175
36158  -35.261  6.509  26.573 3.987465
36159  -34.742  8.140  26.462 3.992375
36160  -33.373  9.731  27.737 4.715488
36161  -33.887  9.882  27.011 4.293833
36162  -34.596  9.923  26.418 3.715721
36163  -34.709  11.735  26.299 3.242827
36164  -34.993  13.485  26.039 2.694368
36165  -35.361  15.116  25.723 2.162160
36166  -35.101  16.678  25.970 2.357662
36167  -35.030  18.025  26.286 2.542866
36168  -35.213  19.298  26.699 2.682513
36169  -34.497  17.657  28.535 3.757283
36170  -34.996  19.157  27.881 3.264190
36171  -35.584  20.586  27.086 2.759975
36172  -36.081  21.677  27.590 2.779155
36173  -36.605  22.466  28.246 2.762111
36174  -37.276  23.130  29.014 2.740832
36230  -33.924  5.372  34.345 2.038286
36231  -33.621  6.958  34.113 2.378510
36234  -33.656  8.613  33.853 2.682591
36235  -33.820  10.148  33.498 2.859726
36236  -34.197  11.620  33.098 2.937874
36237  -34.732  13.073  32.766 3.018199
36245  -35.958  14.278  33.589 2.380243
36246  -35.184  14.487  32.747 3.163310
36247  -35.847  15.903  32.831 3.363294
36248  -36.358  17.402  32.657 3.557568
36249  -36.836  18.882  32.100 3.673595
36250  -39.246  19.696  33.439 3.198509
36251  -38.211  19.971  32.414 3.525182
36252  -37.253  20.265  31.364 3.659614
36253  -37.594  21.611  30.812 3.493957
36254  -37.991  22.744  30.430 3.179229
36255  -38.386  23.870  29.847 2.740969
36256  -39.585  24.450  30.455 2.757343
36257  -40.879  25.067  30.963 2.729372
36258  -42.028  25.742  31.290 2.550118
36259  -42.535  24.132  32.730 3.501481
36260  -42.837  25.377  32.153 2.929503
36261  -43.214  26.577  31.446 2.151598
36265  -45.589  23.594  35.799 3.020542
36266  -45.454  24.803  35.280 2.816052
36267  -45.358  26.127  34.595 2.385516
41062  -37.261  23.825  27.945 2.242269
41467  -43.905  6.284  19.649 2.096590
41468  -44.369  6.546  19.168 2.013376
41469  -43.949  6.990  19.651 2.066218
42823  -39.220  2.416  26.552 2.689875
42824  -40.181  2.211  26.366 2.563219
42825  -39.640  2.575  26.075 2.792701
42826  -40.016  2.722  25.585 2.887168
42827  -39.061  3.025  25.801 3.011969
42828  -38.549  3.481  25.623 3.210238
42829  -38.139  3.340  26.090 3.152298
42830  -33.730  12.738  31.528 4.150829
42831  -33.580  12.852  31.128 4.441910
42832  -33.933  13.472  31.502 4.151754
42833  -34.115  14.172  31.491 4.151793
42834  -34.304  14.011  31.855 3.843814
42853  -44.667  21.232  36.633 2.781727
42854  -44.061  20.810  36.481 2.671051
42855  -44.313  21.330  36.141 2.945255
42856  -43.919  21.509  35.664 3.104587
42857  -44.499  21.885  35.769 3.182415
42858  -44.559  22.359  35.400 3.366163
42859  -44.911  22.248  35.898 3.204562
44467  -35.711  20.014  25.720 2.133582
45225  -37.000  1.148  29.754 2.015867
45226  -37.164  1.368  29.239 2.095992
45227  -36.363  1.674  29.532 2.242119
45228  -35.841  2.196  29.276 2.508459
45229  -35.680  2.073  29.832 2.405073
45230  -33.381  5.865  32.536 3.116895
45231  -33.300  6.005  31.999 3.407609
45232  -33.227  6.788  32.424 3.416099
45233  -33.079  7.694  32.273 3.677518
45234  -33.222  7.616  32.790 3.312986
49753  -41.711  3.389  23.044 3.057585
49754  -42.466  3.068  22.884 2.946635
49755  -41.946  3.558  22.680 2.999110
49756  -42.176  3.827  22.345 2.916608
49757  -41.491  4.174  22.568 2.998018
49758  -41.158  4.800  22.523 2.944203
49759  -40.846  4.529  22.817 3.052150
49760  -36.242  7.465  25.528 3.406725
49761  -36.708  7.528  25.235 3.174001
49762  -36.035  8.281  25.658 3.230118
49763  -35.896  9.115  25.645 3.008197
49764  -35.409  9.071  25.892 3.304911
49765  -33.667  6.933  28.459 4.420979
49766  -33.870  7.077  28.031 4.417943
49767  -33.414  7.889  28.350 4.638219
49768  -33.770  13.751  28.447 4.451046
49769  -33.684  13.056  28.051 4.415846
49770  -33.896  13.980  27.967 4.187676
49771  -34.043  14.153  27.498 3.875581
49772  -34.061  14.907  27.787 3.936693
49773  -34.212  15.750  27.596 3.673103
49774  -34.108  15.538  28.116 3.977314
49775  -35.545  18.685  30.714 3.882313
49776  -35.355  18.915  30.120 3.818811
49777  -35.738  19.435  30.353 3.754023
49778  -36.025  20.165  29.919 3.598959
49779  -36.244  19.912  30.519 3.691569
49836  -39.984  17.714  35.367 2.006481
49838  -39.282  17.191  35.105 2.004168
49839  -38.528  16.573  34.826 2.049512
49840  -38.924  17.331  34.703 2.273943
49841  -38.501  17.557  34.337 2.563590
49842  -39.213  18.156  34.516 2.513064
49843  -41.001  22.228  32.992 3.684421
49844  -40.358  21.842  32.829 3.629944
49845  -40.482  22.330  32.597 3.671288
49846  -39.995  22.428  32.208 3.615220
49847  -40.632  22.819  32.418 3.654280
49848  -40.781  23.207  32.245 3.575951
49849  -41.231  23.126  32.660 3.688663
49850  -44.848  25.478  33.736 2.900559
49851  -44.515  25.446  33.372 2.914027
49852  -44.895  26.084  33.336 2.574702
49853  -44.977  26.671  32.919 2.210453
49854  -45.211  26.638  33.357 2.211741
54067  -36.155  22.344  26.554 2.268179
54068  -36.076  22.270  25.855 2.009759
54069  -36.198  22.774  26.122 2.017711
54828  -35.440  1.622  31.461 2.092331
54830  -34.649  2.660  33.092 2.031767
54831  -34.576  2.724  32.595 2.179358
54832  -34.252  3.392  32.920 2.252394
54833  -33.874  4.194  32.796 2.513741
54834  -34.004  4.179  33.267 2.291559
59346  -42.090  1.958  26.054 2.333912
59347  -42.722  1.816  26.400 2.118584
59348  -43.073  1.897  26.001 2.219267
59349  -44.018  1.890  25.960 2.099594
59350  -43.395  1.972  25.572 2.311920
59351  -43.759  2.009  25.168 2.391684
59352  -42.847  2.144  25.220 2.527737
59353  -40.586  3.008  24.667 3.033040
59354  -41.530  2.713  24.597 2.921740
59355  -40.873  3.112  24.268 3.076471
59356  -41.179  3.170  23.839 3.096114
59357  -40.363  3.527  23.992 3.189465
59358  -39.858  3.984  23.845 3.252883
59359  -39.582  3.810  24.213 3.274391
59360  -37.544  4.562  25.415 3.500392
59361  -37.935  4.712  24.956 3.457477
59362  -37.105  5.248  25.362 3.571347
59363  -36.745  5.969  25.375 3.581369
59364  -36.316  5.883  25.787 3.705421
59365  -32.966  10.048  30.091 4.939739
59366  -32.963  10.167  29.556 5.009270
59367  -33.020  10.888  29.945 4.985391
59368  -33.489  13.205  30.239 4.785810
59369  -33.248  12.536  29.814 4.919964
59370  -33.512  13.351  29.794 4.826919
59371  -33.567  13.499  29.301 4.780743
59372  -33.711  14.130  29.776 4.702425
59373  -33.913  14.912  29.733 4.551027
59374  -33.905  14.692  30.205 4.587437
59375  -34.686  15.615  31.421 4.135041
59376  -34.556  15.885  30.978 4.279841
59377  -34.944  16.382  31.364 4.106609
59378  -35.173  17.175  31.184 4.057290
59379  -35.374  16.873  31.719 3.934070
59436  -42.740  19.830  36.172 2.387619
59437  -42.362  19.200  36.375 2.083088
59438  -42.094  19.416  35.920 2.250901
59439  -41.416  18.938  35.690 2.135910
59440  -41.758  19.565  35.460 2.434417
59441  -41.386  19.712  34.998 2.628678
59442  -42.038  20.143  35.249 2.736408
59443  -43.066  21.714  34.734 3.390235
59444  -42.422  21.383  34.634 3.287616
59445  -42.550  21.856  34.333 3.506114
59446  -42.051  21.988  33.821 3.597120
59447  -42.648  22.357  34.047 3.669014
59448  -42.685  22.822  33.741 3.765966
59449  -43.191  22.684  34.086 3.712308
59450  -44.532  23.373  34.847 3.525793
59451  -44.150  23.420  34.439 3.635509
59452  -44.617  23.888  34.622 3.487590
59453  -44.735  24.432  34.353 3.367789
59454  -44.986  24.347  34.756 3.262084
66553  -37.668  1.800  28.305 2.274188
66554  -38.553  1.629  28.102 2.136448
66555  -37.988  2.016  27.863 2.372676
66556  -38.349  2.185  27.449 2.476350
66557  -37.452  2.380  27.616 2.632309
66558  -37.018  2.879  27.406 2.907274
66559  -36.646  2.709  27.826 2.811385
66560  -34.980  3.484  28.937 3.140301
66561  -35.209  3.600  28.448 3.240220
66562  -34.625  4.224  28.822 3.484226
66563  -34.284  5.050  28.689 3.825391
66564  -34.078  4.944  29.173 3.737985
66565  -34.511  2.971  31.060 2.632739
66566  -34.559  3.080  30.510 2.774199
66567  -34.090  3.753  30.859 2.969087
66568  -33.183  6.180  30.902 3.889279
66569  -33.499  5.360  30.492 3.711115
66570  -33.183  6.262  30.377 4.070895
66571  -33.267  6.407  29.850 4.213307
66572  -33.014  7.196  30.274 4.388807
66573  -32.989  8.157  30.202 4.644777
66574  -32.950  8.036  30.717 4.484817
66575  -33.145  9.476  32.115 4.017359
66576  -33.052  9.659  31.619 4.343801
66577  -33.191  10.280  32.000 4.096410
66578  -33.385  11.120  31.785 4.133829
66579  -33.523  10.986  32.274 3.758273
66643  -45.472  21.259  38.728 2.178445
66644  -45.194  20.652  38.478 2.113182
66645  -45.422  21.186  38.165 2.313064
66646  -45.285  21.141  37.628 2.461217
66647  -45.608  21.742  37.791 2.497185
66648  -45.695  22.224  37.421 2.650762
66649  -45.722  22.298  37.990 2.461162
66651  -45.550  23.308  38.321 2.164100
73327  -42.365  7.684  21.462 2.184865
73328  -42.850  8.031  20.976 2.089450
73329  -42.561  8.275  21.484 2.047772
77377  -39.324  25.175  29.660 2.223290
80075  -45.326  3.471  20.097 2.062230
80077  -44.805  4.034  19.848 2.103517
80078  -44.381  4.725  19.676 2.119817
80079  -44.221  4.371  20.122 2.232903
80133  -44.267  2.107  24.293 2.498709
80134  -45.146  2.068  24.216 2.326861
80135  -44.439  2.186  23.882 2.522166
80136  -44.025  2.563  22.690 2.648462
80137  -44.718  2.302  23.016 2.507038
80138  -44.806  2.389  22.616 2.469732
80139  -45.594  2.295  22.525 2.280284
80140  -44.932  2.550  22.165 2.414311
80141  -45.025  2.758  21.664 2.342799
80142  -44.317  2.918  21.870 2.515310
80143  -42.680  4.389  21.680 2.695143
80144  -43.307  4.029  21.390 2.592101
80145  -42.897  4.710  21.305 2.567559
80146  -43.106  5.150  20.826 2.437739
80147  -42.599  5.511  21.222 2.507706
80148  -42.427  6.264  21.248 2.419724
80149  -42.124  5.862  21.631 2.552377
80150  -40.650  6.104  22.730 2.698846
80151  -41.062  6.477  22.495 2.559052
80152  -40.539  6.839  22.849 2.522789
80153  -40.425  7.498  23.027 2.322963
80154  -39.933  7.180  23.242 2.466139
80155  -39.037  5.152  23.803 3.211910
80156  -39.442  5.330  23.481 3.098001
80157  -38.711  5.821  23.892 3.105888
80158  -37.665  7.738  24.622 2.721299
80159  -38.316  7.152  24.201 2.747178
80160  -38.156  7.924  24.355 2.514361
80161  -38.662  8.062  24.112 2.325944
80162  -38.017  8.676  24.548 2.262171
80163  -37.983  9.427  24.718 2.002892
80164  -37.389  9.308  24.949 2.214473
80165  -35.851  10.863  25.658 2.486807
80166  -36.400  10.873  25.416 2.189064
80167  -35.974  11.714  25.513 2.215227
80169  -35.646  12.545  25.610 2.265608
80170  -36.189  4.035  27.134 3.459597
80171  -36.516  4.228  26.717 3.500217
80172  -35.750  4.793  27.097 3.710238
80173  -34.390  7.210  27.226 4.297944
80174  -34.991  6.359  26.985 4.084909
80175  -34.667  7.284  26.857 4.180425
80176  -34.961  7.358  26.501 4.026919
80177  -34.426  8.142  26.785 4.201573
80178  -33.059  10.441  28.538 4.957530
80179  -33.211  9.640  28.155 4.849646
80180  -33.168  10.586  28.104 4.837795
80181  -33.733  11.571  27.338 4.259526
80182  -33.623  10.725  27.325 4.425664
80183  -33.935  10.757  27.006 4.146689
80184  -34.240  9.914  26.701 4.019372
80185  -34.279  10.819  26.702 3.832584
80186  -34.631  10.833  26.405 3.496115
80187  -34.401  11.678  26.653 3.600976
80188  -34.501  14.356  26.604 3.161824
80189  -34.679  13.512  26.383 3.065816
80190  -34.812  14.356  26.242 2.788567
80191  -35.164  14.328  25.912 2.422328
80192  -34.984  15.177  26.076 2.517490
80193  -35.203  15.914  25.826 2.258423
80194  -34.889  15.943  26.218 2.615716
80195  -34.609  17.395  27.171 3.137652
80196  -34.803  17.417  26.594 2.799080
80197  -34.851  18.077  26.832 2.875286
80198  -35.138  18.641  26.469 2.619908
80199  -34.942  18.670  27.065 2.937078
80200  -34.330  16.582  29.360 4.182352
80201  -34.328  16.823  28.796 3.994109
80202  -34.494  17.392  29.145 3.972033
80203  -35.217  19.462  28.766 3.503632
80204  -34.954  18.948  28.507 3.515451
80205  -35.208  19.699  28.138 3.274317
80206  -35.263  19.843  27.535 3.012679
80207  -35.526  20.430  27.752 3.027236
80208  -35.810  21.151  27.316 2.775834
80209  -35.830  20.949  27.982 3.028773
80210  -36.564  21.638  29.302 3.214706
80211  -36.448  21.922  28.562 3.006249
80212  -36.785  22.264  28.999 2.990522
80213  -36.901  22.805  28.617 2.749998
80214  -37.133  22.613  29.300 2.977562
80356  -33.722  6.153  34.185 2.205367
80357  -33.861  7.066  34.643 2.065084
80363  -34.297  9.550  34.805 2.000785
80364  -33.908  8.691  34.428 2.291152
80365  -33.986  9.473  34.222 2.374537
80366  -33.712  9.399  33.669 2.788458
80367  -34.110  10.233  34.054 2.434280
80368  -35.089  12.295  33.869 2.150074
80369  -34.460  11.634  33.552 2.510522
80370  -34.737  12.264  33.355 2.549064
80371  -34.444  12.302  32.919 2.972134
80372  -35.007  12.912  33.190 2.601490
80391  -37.011  15.517  33.986 2.297720
80392  -36.718  14.813  33.944 2.144453
80393  -36.308  14.985  33.578 2.505569
80394  -35.575  14.384  33.165 2.768839
80395  -35.910  15.140  33.191 2.884169
80396  -35.521  15.228  32.767 3.259461
80397  -36.232  15.803  33.235 3.014802
80398  -37.508  17.870  33.378 3.149475
80399  -36.787  17.196  33.149 3.288474
80400  -37.042  17.990  32.897 3.411757
80401  -36.601  18.146  32.399 3.629321
80402  -37.312  18.742  32.599 3.513189
80403  -40.538  20.012  34.124 3.023178
80404  -39.784  19.548  33.929 2.991561
80405  -39.962  20.226  33.594 3.206872
80406  -39.020  21.115  32.392 3.572958
80407  -38.892  20.479  32.660 3.497249
80408  -38.391  20.601  32.161 3.583018
80409  -37.693  20.124  31.928 3.620979
80410  -37.877  20.784  31.640 3.617543
80411  -37.446  20.984  31.066 3.596087
80412  -38.003  21.377  31.391 3.572414
80413  -38.999  22.760  31.337 3.370284
80414  -38.403  22.484  31.000 3.355732
80415  -38.593  23.044  30.774 3.187152
80416  -38.146  23.341  30.082 2.972939
80417  -38.806  23.616  30.482 2.983128
80418  -38.977  24.149  30.196 2.749421
80419  -39.408  23.908  30.735 2.997978
80420  -41.113  24.246  31.692 3.232517
80421  -40.705  24.483  31.242 3.006550
80422  -41.314  24.841  31.461 2.973002
80423  -41.469  25.387  31.161 2.665318
80424  -41.880  25.198  31.624 2.893319
80425  -42.889  23.622  33.385 3.731136
80426  -42.377  23.697  33.017 3.674762
80427  -42.984  24.034  33.135 3.589792
80428  -43.725  25.729  32.623 2.814244
80429  -43.247  25.196  32.553 3.065247
80430  -43.368  25.842  32.229 2.703161
80431  -42.998  25.993  31.799 2.555658
80432  -43.543  26.447  31.876 2.300975
80434  -44.020  26.868  31.867 2.008007
80440  -45.782  23.096  36.721 2.817346
80441  -45.588  23.072  36.178 3.024681
80442  -45.811  23.570  36.324 2.815454
80443  -45.621  25.401  35.773 2.285001
80444  -45.653  24.775  35.651 2.635988
80445  -45.571  25.459  35.304 2.466951
80446  -45.400  25.443  34.922 2.624845
80447  -45.430  26.151  34.961 2.255008
92344  -36.532  23.202  27.118 2.262269
92345  -36.394  23.220  26.426 2.016031
92346  -36.672  23.607  26.780 2.008285
95511  -40.349  1.773  27.040 2.221954
95512  -41.347  1.719  26.940 2.115006
95513  -40.743  1.918  26.620 2.334022
95514  -41.136  2.068  26.183 2.446743
95515  -41.554  2.204  25.757 2.554769
95516  -41.901  2.309  25.315 2.652578
95517  -41.011  2.508  25.424 2.770102
95518  -40.338  2.846  25.091 2.968707
95519  -39.732  3.290  24.871 3.139821
95520  -39.234  3.739  24.672 3.273481
95521  -38.916  3.606  25.143 3.251455
95522  -38.048  4.004  25.452 3.376646
95523  -37.182  4.478  25.808 3.521729
95524  -33.141  11.442  30.833 4.701318
95525  -33.091  11.561  30.370 4.876998
95526  -33.275  12.207  30.742 4.690741
95527  -33.512  13.020  30.670 4.656313
95528  -33.732  13.775  30.624 4.603171
95529  -33.948  14.494  30.612 4.532551
95530  -34.007  14.314  31.078 4.385472
95531  -34.379  14.889  31.430 4.148037
95532  -34.854  15.391  31.806 3.906440
95565  -44.049  20.057  37.279 2.235692
95566  -43.349  19.528  37.048 2.085493
95567  -43.729  20.221  36.780 2.378321
95568  -43.424  20.333  36.343 2.533175
95569  -43.069  20.461  35.875 2.696081
95570  -42.666  20.589  35.445 2.862208
95571  -43.300  21.086  35.542 2.991051
95572  -43.486  21.637  35.200 3.254653
95573  -43.633  22.116  34.846 3.470496
95574  -43.639  22.549  34.525 3.624826
95575  -44.112  22.432  34.929 3.507878
95576  -44.567  22.862  35.085 3.483606
95577  -44.943  23.284  35.254 3.384165
99838  -37.375  1.597  28.757 2.181914
99839  -36.853  2.026  28.494 2.431998
99840  -36.364  2.517  28.260 2.712149
99841  -36.089  2.356  28.748 2.610931
99842  -35.376  2.797  29.079 2.810686
99843  -34.807  3.339  29.448 3.028886
99844  -33.726  4.375  31.726 2.953906
99845  -33.745  4.417  31.185 3.154800
99846  -33.469  5.188  31.542 3.310321
99847  -33.214  6.107  31.438 3.667480
99848  -33.034  6.969  31.327 3.996258
99849  -32.948  7.919  31.248 4.270497
99850  -33.011  7.807  31.797 4.000360
99851  -33.104  8.611  32.206 3.880263
99852  -33.267  9.400  32.606 3.636599
99892  -45.302  21.477  39.176 2.060935
99893  -45.426  22.002  38.870 2.180321
99894  -45.573  22.429  38.496 2.279186
99895  -45.403  22.498  38.945 2.111218
103900  -41.437  8.165  22.590 2.078216
106330  -40.622  25.893  30.161 2.163110
107952  -45.246  3.198  20.614 2.162995
107985  -42.812  2.598  23.579 2.853735
107986  -43.680  2.388  23.504 2.698839
107987  -43.061  2.677  23.180 2.844001
107988  -43.228  2.820  22.794 2.809331
107989  -43.421  2.981  22.417 2.751133
107990  -43.615  3.171  22.024 2.671962
107991  -42.904  3.479  22.167 2.807183
107992  -42.438  4.089  22.012 2.813589
107993  -42.013  4.775  21.919 2.772195
107994  -41.806  5.459  21.962 2.688425
107995  -41.454  5.122  22.254 2.821173
107996  -40.812  5.426  22.626 2.842146
107997  -40.237  5.772  22.967 2.838079
107998  -37.588  6.189  24.655 3.281226
107999  -38.016  6.346  24.330 3.116142
108000  -37.360  6.899  24.778 3.136931
108001  -37.184  7.580  24.918 2.943048
108002  -37.043  8.367  25.054 2.711344
108003  -36.906  9.182  25.173 2.455457
108004  -36.417  9.135  25.410 2.722111
108005  -35.849  9.978  25.674 2.755502
108006  -35.397  10.834  25.860 2.810612
108007  -34.790  5.339  27.806 3.927510
108008  -35.062  5.474  27.442 3.939616
108009  -34.441  6.260  27.728 4.179725
108010  -34.098  7.148  27.631 4.377226
108011  -33.858  8.064  27.530 4.505947
108012  -33.310  12.159  28.496 4.807874
108013  -33.295  11.504  28.072 4.754032
108014  -33.456  12.281  28.069 4.609064
108015  -33.636  12.360  27.669 4.350964
108016  -33.960  12.397  27.362 4.044677
108017  -34.233  12.533  26.928 3.703158
108018  -34.113  13.377  27.212 3.796436
108019  -34.253  14.266  27.049 3.528848
108020  -34.427  15.168  26.878 3.253441
108021  -34.638  15.958  26.673 2.978900
108022  -34.417  15.940  27.162 3.335723
108023  -34.412  16.646  27.442 3.404842
108024  -34.449  17.270  27.723 3.458162
108025  -34.816  17.677  30.099 4.052352
108026  -34.712  17.933  29.492 3.932823
108027  -34.994  18.441  29.816 3.880194
108028  -35.252  19.160  29.446 3.689066
108029  -35.546  19.967  28.999 3.480748
108030  -35.860  20.697  28.586 3.257169
108031  -35.921  20.440  29.249 3.450828
108032  -36.319  20.920  29.575 3.418497
108033  -36.708  21.303  29.931 3.388648
108125  -34.595  11.053  34.401 2.079425
108141  -37.759  16.023  34.440 2.146306
108142  -37.366  16.263  34.141 2.473187
108143  -36.954  16.369  33.674 2.814804
108144  -37.687  16.932  34.033 2.663930
108145  -37.990  17.719  33.859 2.860719
108146  -38.261  18.480  33.583 3.052927
108147  -40.799  21.224  33.593 3.443240
108148  -40.095  20.859  33.320 3.391042
108149  -40.246  21.380  33.125 3.534590
108150  -39.660  21.498  32.634 3.590020
108151  -39.154  21.615  32.168 3.602908
108152  -38.673  21.752  31.743 3.568464
108153  -39.291  22.039  31.942 3.583977
108154  -39.475  22.555  31.788 3.514507
108155  -39.687  23.114  31.521 3.394295
108156  -39.844  23.633  31.253 3.224855
108157  -40.325  23.402  31.787 3.419977
108158  -40.936  23.706  31.983 3.435006
108159  -41.510  24.032  32.157 3.423179
108160  -43.986  24.397  33.587 3.457071
108161  -43.543  24.458  33.215 3.434664
108162  -44.065  24.946  33.302 3.206624
108163  -44.123  25.589  32.972 2.885164
108164  -44.198  26.149  32.667 2.510359
108165  -44.328  26.702  32.263 2.105850
108166  -44.691  26.648  32.577 2.174458
108169  -45.804  24.180  37.081 2.314039
108170  -45.858  24.086  36.492 2.539640
108171  -45.742  24.759  36.667 2.218463
108172  -45.604  25.367  36.254 2.085905
115630  -35.852  21.293  26.042 2.231133
116693  -36.078  1.327  30.567 2.062901
116694  -35.571  1.899  30.386 2.300957
116695  -35.515  1.731  30.921 2.196459
116696  -34.936  2.267  31.262 2.338776
116697  -34.508  2.869  31.598 2.484225
116698  -34.971  2.109  32.348 2.087944
116699  -34.519  2.798  32.112 2.331734
116700  -34.091  3.544  31.882 2.622556
116701  -33.762  4.293  32.270 2.737658
116702  -33.580  5.041  32.669 2.807654
116703  -33.455  5.864  33.081 2.808351
123020  -42.349  1.726  26.808 2.015280
123025  -45.186  1.988  25.527 2.037903
123026  -45.494  1.990  25.075 2.088988
123027  -44.618  1.960  25.134 2.244308
123028  -44.042  2.046  24.737 2.454785
123029  -43.381  2.222  24.325 2.657029
123030  -42.236  2.392  24.867 2.735062
123031  -42.456  2.445  24.472 2.797957
123032  -42.622  2.527  24.008 2.838148
123033  -41.994  2.867  23.697 2.985913
123034  -41.441  3.281  23.430 3.090078
123035  -40.933  3.764  23.230 3.143168
123036  -40.485  4.335  23.163 3.141038
123037  -40.154  4.156  23.491 3.208355
123038  -39.400  4.556  23.803 3.261226
123039  -38.666  4.989  24.166 3.311362
123040  -38.783  4.239  24.534 3.360705
123041  -38.312  4.854  24.543 3.393924
123042  -37.916  5.486  24.588 3.367943
123043  -37.189  6.001  24.991 3.438160
123044  -36.460  6.695  25.418 3.526137
123045  -35.784  7.406  25.845 3.632433
123046  -33.076  8.444  29.196 4.812080
123047  -33.132  8.657  28.697 4.822207
123048  -33.002  9.419  29.125 4.951294
123049  -32.997  10.318  29.002 5.015069
123050  -33.018  11.177  28.956 5.008134
123051  -33.060  11.720  29.875 4.975503
123052  -33.072  11.878  29.422 4.995752
123053  -33.143  12.004  28.965 4.938760
123054  -33.417  12.812  28.891 4.816849
123055  -33.656  13.632  28.860 4.652530
123056  -33.868  14.480  28.855 4.455435
123057  -34.033  15.349  28.663 4.234216
123058  -33.976  15.167  29.212 4.429776
123059  -34.141  15.770  29.550 4.376495
123060  -34.383  16.327  29.926 4.299514
123061  -34.217  15.267  30.595 4.443494
123062  -34.461  16.120  30.484 4.334363
123063  -34.626  16.854  30.337 4.204024
123064  -35.016  17.464  30.667 4.096272
123065  -35.387  17.938  30.996 3.983217
123066  -35.772  18.464  31.272 3.872209
123150  -40.703  18.216  35.530 2.052139
123151  -40.334  18.460  35.074 2.272510
123152  -39.945  18.685  34.652 2.509988
123153  -40.674  19.220  34.791 2.550450
123154  -40.969  19.866  34.556 2.827459
123155  -41.196  20.486  34.317 3.089615
123156  -42.244  20.760  34.971 3.026139
123157  -41.811  20.921  34.491 3.181957
123158  -41.322  21.074  34.031 3.323287
123159  -41.437  21.600  33.727 3.516246
123160  -41.525  22.109  33.379 3.658184
123161  -41.661  22.600  33.176 3.740695
123162  -41.712  23.021  33.016 3.756986
123163  -42.208  22.928  33.362 3.781956
123164  -42.797  23.270  33.544 3.788731
123165  -43.363  23.589  33.711 3.741749
123166  -43.684  23.045  34.267 3.706875
123167  -43.775  23.519  34.037 3.708810
123168  -43.906  23.966  33.833 3.625850
123169  -44.401  24.422  33.934 3.433949
123170  -44.811  24.943  34.058 3.169421
123171  -45.107  25.514  34.178 2.845978
132685  -39.560  1.527  27.892 2.016853
132686  -39.964  1.651  27.479 2.115088
132687  -39.323  1.906  27.234 2.340859
132688  -38.763  2.300  27.017 2.583112
132689  -38.273  2.700  26.771 2.833054
132690  -37.763  3.180  26.584 3.080482
132691  -37.376  3.038  27.016 2.997833
132692  -36.563  3.460  27.254 3.187195
132693  -35.820  3.879  27.595 3.401437
132694  -35.879  3.090  28.121 3.014469
132695  -35.493  3.736  28.027 3.327724
132696  -35.130  4.470  27.910 3.637616
132697  -34.505  5.181  28.215 3.888937
132698  -33.983  5.919  28.540 4.144235
132699  -33.493  6.716  28.900 4.387541
132700  -35.093  2.505  30.171 2.583648
132701  -34.676  3.183  29.971 2.906631
132702  -34.279  3.921  29.845 3.259848
132703  -33.791  4.501  30.661 3.335304
132704  -33.837  4.612  30.124 3.492996
132705  -33.919  4.770  29.634 3.627192
132706  -33.616  5.680  29.487 3.987683
132707  -33.362  6.553  29.350 4.318409
132708  -33.205  7.442  29.275 4.598383
132709  -33.033  8.254  29.685 4.753171
132710  -32.967  9.122  30.157 4.828502
132711  -32.962  9.924  30.598 4.806057
132712  -32.942  8.899  31.215 4.474780
132713  -32.982  9.845  31.104 4.607496
132714  -33.043  10.630  30.953 4.678174
132715  -33.257  11.302  31.320 4.451602
132716  -33.559  11.962  31.664 4.147385
132717  -33.918  12.550  31.970 3.796212
132799  -44.664  20.055  38.275 2.000084
132800  -44.339  20.037  37.757 2.108712
132801  -44.738  20.608  37.410 2.367609
132802  -45.007  21.183  37.095 2.618860
132803  -45.157  21.688  36.745 2.844699
132804  -45.214  22.145  36.400 3.028046
132805  -45.486  22.136  36.877 2.841671
132806  -45.730  22.636  37.075 2.760699
132807  -45.831  23.170  37.297 2.599721
132808  -45.655  22.859  38.153 2.347974
132809  -45.710  23.263  37.840 2.379158
132810  -45.797  23.697  37.485 2.368243
132811  -45.643  24.194  37.644 2.085829
141142  -43.060  7.136  20.453 2.188078
141143  -43.538  7.401  20.054 2.097471
141144  -43.173  7.746  20.480 2.105705
141145  -43.317  8.320  20.595 2.013325
146071  -38.160  24.495  28.898 2.231338
149332  -44.611  5.102  19.239 2.015767
149333  -44.097  5.460  19.638 2.115779
149334  -43.627  5.877  20.019 2.197195
149398  -45.776  2.030  24.643 2.125989
149399  -45.995  2.058  24.218 2.148077
149400  -46.157  2.099  23.791 2.155055
149401  -44.592  2.229  23.436 2.524815
149402  -45.437  2.163  23.380 2.338260
149403  -46.220  2.160  23.364 2.147057
149404  -46.276  2.214  22.894 2.124394
149405  -46.297  2.313  22.397 2.087550
149406  -46.297  2.450  21.885 2.037266
149407  -45.685  2.652  21.498 2.160534
149408  -45.117  2.987  21.147 2.257876
149409  -44.567  3.448  20.850 2.321957
149410  -43.788  3.400  21.601 2.575478
149411  -43.920  3.723  21.113 2.466406
149412  -44.057  4.055  20.610 2.350273
149413  -43.616  4.734  20.477 2.345201
149414  -43.352  5.529  20.412 2.312357
149415  -43.152  6.353  20.419 2.258179
149416  -42.706  6.726  20.849 2.296638
149417  -42.370  7.018  21.327 2.310290
149418  -41.916  7.286  21.868 2.297373
149419  -41.624  6.175  22.062 2.569636
149420  -41.462  6.929  22.264 2.423576
149421  -41.418  7.555  22.365 2.257536
149422  -40.922  7.838  22.809 2.192858
149423  -40.420  8.151  23.245 2.108386
149424  -39.823  8.527  23.709 2.011985
149425  -40.144  4.912  23.126 3.083102
149426  -39.860  5.538  23.190 2.972357
149427  -39.625  6.161  23.358 2.815016
149428  -38.512  6.406  24.038 2.948108
149429  -38.955  6.609  23.803 2.781499
149430  -39.431  6.850  23.530 2.619857
149431  -39.299  7.558  23.668 2.397249
149432  -39.234  8.296  23.880 2.158150
149437  -36.878  10.036  25.270 2.188997
149443  -37.304  3.755  26.410 3.314049
149444  -36.837  4.375  26.273 3.521414
149445  -36.332  5.075  26.219 3.689590
149446  -35.335  5.595  27.063 3.923772
149447  -35.587  5.730  26.660 3.879074
149448  -35.937  5.804  26.223 3.805739
149449  -35.604  6.593  26.190 3.858859
149450  -35.345  7.374  26.196 3.841981
149451  -35.143  8.197  26.157 3.754199
149452  -33.271  8.773  28.227 4.783241
149453  -33.471  8.851  27.826 4.694712
149454  -33.678  8.944  27.447 4.557023
149455  -33.376  10.710  27.651 4.658739
149456  -33.546  9.855  27.359 4.528532
149457  -33.920  9.009  27.059 4.372545
149458  -34.276  9.030  26.721 4.146182
149459  -34.631  9.049  26.424 3.885725
149460  -35.009  9.065  26.143 3.601401
149461  -34.969  9.898  26.194 3.395303
149462  -34.992  10.827  26.116 3.151003
149463  -35.025  11.750  25.954 2.884166
149464  -34.532  12.588  26.540 3.340543
149465  -34.837  12.639  26.181 2.971209
149466  -35.202  12.585  25.859 2.608858
149467  -35.387  13.417  25.742 2.336383
149468  -35.584  14.252  25.643 2.075001
149471  -35.492  16.560  25.595 2.014850
149472  -35.354  17.316  25.725 2.113814
149473  -34.819  16.700  26.387 2.711237
149474  -35.041  17.405  26.141 2.454142
149475  -35.351  18.000  25.846 2.209518
149476  -35.387  18.650  25.971 2.297046
149477  -35.432  19.309  26.126 2.372543
149478  -35.499  19.993  26.304 2.433389
149479  -34.202  16.208  28.455 3.996365
149480  -34.358  17.073  28.238 3.748100
149481  -34.568  17.883  27.949 3.494291
149482  -34.693  18.193  28.856 3.748788
149483  -34.748  18.435  28.216 3.513048
149484  -34.825  18.604  27.628 3.238463
149485  -35.049  19.278  27.303 2.982964
149486  -35.375  19.966  26.894 2.729247
149487  -35.650  20.686  26.465 2.478308
149488  -35.823  21.263  26.651 2.507383
149489  -36.031  21.825  26.934 2.521992
149490  -36.240  22.244  27.200 2.524721
149491  -36.139  21.442  28.239 3.020462
149492  -36.330  22.090  27.849 2.773252
149493  -36.455  22.624  27.505 2.519029
149494  -36.700  23.011  27.876 2.508932
149495  -37.009  23.320  28.279 2.498457
149496  -37.463  23.624  28.759 2.490975
149664  -34.098  4.338  33.832 2.080523
149665  -33.791  5.152  33.746 2.280118
149666  -33.566  6.022  33.676 2.498864
149667  -33.422  6.863  33.561 2.721059
149674  -33.857  7.907  34.568 2.185436
149675  -33.599  7.801  34.006 2.542660
149676  -33.406  7.747  33.410 2.926389
149677  -33.416  8.550  33.272 3.095783
149678  -33.433  9.376  33.124 3.218563
149679  -33.570  10.150  32.960 3.296364
149680  -34.264  10.926  33.834 2.476126
149681  -33.941  10.868  33.312 2.904985
149682  -33.748  10.930  32.790 3.341146
149683  -34.004  11.728  32.641 3.369325
149684  -34.198  12.412  32.438 3.395952
149685  -34.428  13.154  32.315 3.431265
149708  -36.347  14.132  33.994 2.017514
149709  -35.715  13.578  33.574 2.279777
149710  -35.313  13.674  33.156 2.674026
149711  -34.952  13.796  32.741 3.081692
149712  -34.592  13.883  32.312 3.479673
149713  -34.846  14.632  32.305 3.540266
149714  -35.170  15.308  32.297 3.607964
149715  -35.490  15.981  32.359 3.675016
149716  -36.532  16.489  33.267 3.152785
149717  -36.121  16.609  32.838 3.465876
149718  -35.705  16.744  32.282 3.732550
149719  -35.955  17.528  32.085 3.772051
149720  -36.177  18.298  31.823 3.786417
149721  -36.361  19.035  31.490 3.770508
149722  -39.508  18.870  34.238 2.756259
149723  -39.078  19.003  33.789 3.000492
149724  -38.514  19.189  33.288 3.229596
149725  -39.423  20.370  33.135 3.368469
149726  -38.720  19.826  32.957 3.380570
149727  -38.019  19.339  32.767 3.429142
149728  -37.519  19.449  32.252 3.584897
149729  -37.031  19.586  31.692 3.684865
149730  -36.614  19.742  31.106 3.721224
149731  -36.856  20.392  30.779 3.637178
149732  -37.035  21.092  30.500 3.518368
149733  -37.234  21.851  30.228 3.365939
149734  -38.179  21.946  31.186 3.484898
149735  -37.764  22.192  30.633 3.354221
149736  -37.425  22.443  30.014 3.182242
149737  -37.640  22.996  29.770 2.970999
149738  -37.806  23.509  29.478 2.737492
149739  -37.993  24.034  29.194 2.488422
149740  -38.561  24.352  29.602 2.490405
149741  -39.142  24.667  29.910 2.493379
149742  -39.784  24.992  30.201 2.489995
149743  -40.057  24.175  30.992 3.009780
149744  -40.274  24.740  30.746 2.755085
149745  -40.451  25.322  30.476 2.469264
149746  -41.037  25.627  30.651 2.417850
149747  -41.669  25.936  30.854 2.323107
149748  -42.227  26.315  30.938 2.177230
149749  -41.771  23.417  32.844 3.701801
149750  -41.894  23.808  32.637 3.571779
149751  -42.092  24.381  32.320 3.366694
149752  -43.114  24.556  32.842 3.365561
149753  -42.684  24.744  32.456 3.250165
149754  -42.266  24.972  32.037 3.091011
149755  -42.423  25.565  31.733 2.755454
149756  -42.593  26.148  31.363 2.377635
149767  -45.259  22.632  36.066 3.154889
149768  -45.287  23.140  35.693 3.215445
149769  -45.287  23.652  35.375 3.204525
149770  -45.749  24.144  35.951 2.754076
149771  -45.549  24.170  35.501 2.950022
149772  -45.242  24.259  35.131 3.121191
149773  -45.248  24.831  34.861 2.968394
149774  -45.269  25.459  34.534 2.752804
149775  -45.286  26.117  34.173 2.484712
149782  -45.393  26.788  34.673 2.010083
149783  -45.379  26.771  34.301 2.109697
149784  -45.349  26.675  33.830 2.177817
154443  -44.026  7.685  19.714 2.026736
