#!ascii label , from subject fsaverage
876
149  -31.463  -1.148  -33.667 4.304317
603  -21.447  -6.827  -27.132 3.730640
604  -19.799  -12.321  -27.462 6.304407
1346  -19.396  -12.804  -24.115 3.383672
1347  -19.545  -16.361  -24.278 4.632568
1348  -24.276  -16.748  -27.954 5.805665
1759  -30.529  2.173  -36.734 5.688341
2445  -24.612  0.686  -31.122 3.395363
2446  -23.965  -2.358  -31.251 5.150564
2447  -23.603  -5.880  -31.080 6.397247
2449  -18.746  -8.762  -26.312 4.698592
2450  -25.544  -8.976  -31.321 5.668788
2451  -28.741  -12.284  -30.255 3.676946
3265  -22.542  -19.212  -21.500 3.651679
3266  -20.526  -16.788  -22.903 3.875498
3267  -20.242  -18.433  -22.712 3.761127
3268  -20.586  -18.364  -24.561 4.288113
3288  -32.836  -1.142  -36.331 3.865871
3891  -30.843  1.266  -39.350 3.998830
3892  -29.628  3.309  -38.254 4.735430
5471  -22.721  -3.312  -28.998 3.722363
5472  -22.025  -4.875  -29.217 4.322803
5473  -23.667  -4.211  -31.217 5.980091
5474  -21.252  -6.281  -28.831 4.988220
5478  -18.059  -12.348  -25.454 4.722906
5479  -18.372  -10.553  -25.053 3.929811
5480  -18.524  -10.254  -26.808 5.429400
5481  -20.526  -8.967  -28.637 6.002128
5482  -22.005  -10.821  -29.440 6.263717
5483  -27.152  -10.558  -30.895 4.755903
5484  -23.786  -12.661  -29.593 6.094440
5485  -26.820  -18.999  -27.675 4.012726
5486  -28.592  -16.850  -28.710 3.658922
7032  -18.919  -14.372  -24.089 4.145177
7033  -19.189  -14.195  -25.871 5.634405
7034  -21.968  -14.470  -27.984 6.698328
7035  -21.016  -16.360  -26.185 5.932999
7036  -23.217  -18.721  -26.466 4.963045
7944  -31.915  0.287  -37.817 4.412160
7945  -31.140  0.842  -35.161 5.395169
9893  -26.728  3.002  -35.975 3.495989
9895  -24.293  -0.623  -31.321 4.182893
9896  -27.496  1.972  -35.113 4.908631
9897  -28.052  0.564  -34.003 6.191870
9898  -28.210  -1.245  -33.015 6.625919
9899  -28.419  -3.277  -32.386 6.086481
9902  -21.543  -8.816  -26.010 3.453944
9904  -19.556  -9.300  -25.134 3.556037
9905  -19.880  -7.678  -26.487 4.185753
9906  -20.569  -7.502  -28.464 5.570843
9907  -24.248  -7.365  -31.271 6.272768
9908  -29.074  -5.129  -31.808 4.925673
9909  -29.790  -6.838  -31.009 3.603657
9912  -26.206  -14.792  -29.390 5.109949
10945  -21.885  -19.723  -21.120 3.470065
10946  -21.056  -18.654  -21.999 3.732749
10947  -20.863  -19.388  -21.795 3.390650
10968  -32.379  -0.693  -35.060 4.070752
10969  -33.175  -2.304  -35.445 3.430268
10970  -32.605  -1.807  -34.212 3.519740
10972  -31.685  -2.219  -33.120 3.666839
11571  -29.846  2.932  -39.481 3.688736
11572  -29.111  3.925  -38.815 3.949429
13150  -21.970  -6.382  -27.560 3.508848
13151  -21.991  -5.275  -28.386 3.694690
13152  -21.568  -5.897  -28.200 3.965827
13153  -21.633  -5.627  -29.053 4.656637
13154  -21.064  -6.476  -27.851 4.256043
13158  -18.594  -12.239  -26.477 5.570097
13159  -18.198  -11.243  -26.093 5.078415
13160  -18.892  -11.250  -27.157 5.872886
13161  -19.795  -10.526  -28.056 6.074371
13162  -20.561  -11.543  -28.352 6.375231
13163  -22.834  -11.736  -29.577 6.263943
13164  -21.505  -12.498  -28.668 6.568954
15558  -19.651  -16.471  -23.455 4.177965
15559  -19.641  -15.495  -23.452 3.974972
15560  -19.130  -15.299  -24.190 4.465622
15561  -18.659  -14.212  -24.865 4.816183
15562  -19.237  -15.300  -25.057 5.138721
15563  -19.978  -15.267  -26.049 5.916523
15564  -19.969  -16.314  -25.209 5.275923
15565  -21.320  -19.453  -24.636 3.784684
15566  -21.668  -18.453  -25.582 4.738066
15567  -22.695  -19.619  -25.620 4.087341
15568  -24.205  -19.892  -26.358 4.113276
17433  -30.795  1.916  -38.171 4.882566
17434  -31.403  0.837  -38.544 4.349654
17435  -31.251  1.493  -37.414 5.062510
17436  -31.695  0.968  -36.673 4.931711
17437  -30.890  1.615  -35.981 5.686639
22169  -25.721  1.615  -33.572 3.502100
22173  -22.969  -2.867  -30.041 4.383484
22174  -23.228  -2.031  -29.825 4.020943
22175  -24.112  -1.447  -31.253 4.663463
22176  -25.884  0.340  -33.278 4.630902
22177  -25.862  -0.443  -32.977 5.256840
22178  -27.827  1.269  -34.646 5.620174
22179  -25.815  -1.273  -32.683 5.828319
22180  -23.609  -5.082  -31.131 6.252525
22181  -25.763  -3.230  -32.346 6.554377
22182  -25.864  -4.175  -32.212 6.638422
22183  -28.309  -2.247  -32.693 6.461340
22184  -26.156  -5.061  -32.144 6.530021
22196  -18.374  -9.600  -25.659 4.295983
22197  -18.892  -9.836  -25.073 3.690396
22198  -18.872  -8.914  -25.520 4.044591
22199  -19.717  -8.534  -25.625 3.865873
22200  -19.434  -8.224  -26.362 4.424479
22201  -19.889  -7.443  -27.330 4.838649
22202  -19.648  -8.125  -27.229 5.126778
22203  -22.780  -9.185  -30.104 6.138156
22204  -22.161  -8.271  -29.860 6.183611
22205  -24.864  -8.147  -31.417 6.020195
22206  -26.912  -6.616  -31.938 5.821757
22207  -27.435  -7.281  -31.705 5.294261
22208  -29.395  -5.949  -31.433 4.256816
22209  -28.096  -8.012  -31.329 4.711242
22210  -27.869  -11.376  -30.595 4.226495
22211  -29.254  -9.721  -30.612 3.542052
22215  -23.045  -15.559  -28.027 6.425904
22216  -24.007  -14.691  -28.867 6.229612
22217  -25.233  -15.747  -28.726 5.619944
24309  -23.277  -18.679  -21.960 3.540425
24310  -22.115  -17.377  -22.566 3.592026
24311  -21.481  -17.986  -22.201 3.795352
24312  -20.264  -17.607  -22.814 3.947368
24313  -19.825  -17.476  -23.568 4.168329
24314  -20.022  -17.384  -24.443 4.581341
24315  -20.138  -18.380  -23.613 3.921717
24316  -20.535  -19.359  -23.778 3.474266
24350  -33.073  -2.154  -37.118 3.639179
25436  -30.327  1.843  -40.037 3.415889
25437  -30.365  2.344  -38.863 4.392231
25438  -30.118  2.710  -37.546 5.356869
28280  -22.512  -4.645  -28.382 3.456799
28281  -22.422  -4.075  -29.175 4.006499
28282  -22.749  -3.781  -30.202 4.764735
28283  -23.839  -3.226  -31.268 5.602231
28284  -22.489  -4.652  -30.183 5.142870
28285  -22.184  -5.440  -30.049 5.493177
28286  -21.986  -6.120  -29.961 5.789844
28292  -18.428  -12.489  -24.699 3.977372
28293  -18.672  -11.724  -24.601 3.617928
28294  -18.139  -11.410  -25.231 4.281614
28295  -18.187  -10.264  -25.923 4.641921
28296  -18.578  -9.388  -26.560 5.031220
28297  -19.324  -8.679  -27.263 5.426154
28298  -19.354  -9.529  -27.550 5.744980
28299  -21.074  -9.911  -29.056 6.161136
28300  -23.577  -10.032  -30.315 6.009617
28301  -26.324  -9.696  -31.223 5.241664
28302  -24.392  -10.832  -30.401 5.788535
28303  -25.491  -11.758  -30.433 5.452755
28304  -26.453  -12.755  -30.212 4.987550
28305  -25.523  -17.893  -27.895 4.951309
28306  -26.587  -16.922  -28.585 4.823845
28307  -27.601  -18.005  -28.271 3.968414
31760  -22.026  -7.452  -26.833 3.431883
31766  -20.946  -15.983  -23.073 3.593478
31767  -20.060  -14.717  -23.521 3.631944
31768  -19.065  -13.511  -23.987 3.755970
31769  -18.425  -13.320  -24.745 4.400218
31770  -18.522  -13.199  -25.709 5.200969
31771  -19.221  -13.183  -26.707 6.045525
31772  -20.661  -13.356  -27.716 6.623168
31773  -20.218  -14.288  -26.955 6.394783
31774  -21.324  -15.420  -27.057 6.484635
31775  -22.334  -16.465  -27.104 6.212916
31776  -20.743  -17.346  -25.382 5.151183
31777  -21.915  -17.461  -26.338 5.608686
31778  -23.706  -17.732  -27.277 5.580965
31779  -24.655  -18.903  -27.089 4.705294
31780  -25.983  -20.122  -26.875 3.745952
34178  -31.461  0.194  -39.442 3.604882
34179  -31.987  -0.433  -38.686 3.834130
34180  -32.584  -1.200  -37.875 3.828524
34181  -32.414  -0.386  -37.065 4.221534
34182  -32.043  0.229  -35.879 4.567833
34183  -31.309  -0.123  -34.359 4.904014
39920  -23.895  -0.543  -29.639 3.429359
39921  -23.113  -2.589  -28.722 3.480263
39922  -23.545  -1.266  -29.666 3.696888
39923  -24.443  0.078  -31.305 3.749465
39924  -25.777  0.968  -33.467 4.025049
39925  -27.144  2.559  -35.638 4.166860
39926  -28.283  3.964  -37.489 4.132638
39927  -28.779  3.518  -36.844 4.937253
39928  -29.179  2.828  -36.069 5.644316
39929  -29.465  1.997  -35.421 6.123808
39930  -25.751  -2.217  -32.473 6.276897
39931  -28.169  -0.250  -33.446 6.539451
39932  -29.798  1.136  -34.712 6.299894
39933  -29.925  0.233  -33.948 6.170898
39934  -30.076  -0.701  -33.323 5.791753
39935  -30.159  -1.747  -32.830 5.239821
39943  -22.387  -8.553  -26.529 3.400013
39944  -21.263  -7.831  -26.351 3.583059
39951  -20.523  -8.832  -25.477 3.492993
39952  -20.539  -8.141  -25.932 3.723128
39953  -20.739  -7.176  -26.796 3.958160
39954  -20.552  -6.915  -27.563 4.549772
39955  -20.850  -6.878  -28.590 5.297432
39956  -21.832  -6.809  -29.881 6.010799
39957  -20.406  -8.198  -28.446 5.804929
39958  -21.854  -7.513  -29.889 6.142842
39959  -23.836  -6.645  -31.153 6.403337
39960  -26.486  -5.816  -32.042 6.247426
39961  -28.698  -4.219  -32.094 5.555248
39962  -30.365  -2.802  -32.410 4.589973
39963  -30.617  -3.878  -32.044 3.907297
39966  -28.577  -8.827  -30.901 4.115896
39972  -22.836  -13.637  -28.846 6.548432
39973  -25.106  -13.781  -29.646 5.704420
39974  -27.608  -13.728  -29.950 4.414436
39975  -27.465  -15.844  -29.135 4.396211
39976  -28.499  -14.699  -29.644 3.792454
41666  -21.327  -19.521  -21.426 3.440182
41688  -31.931  -0.747  -34.404 4.181788
41689  -32.501  -1.245  -34.614 3.798256
41690  -32.058  -1.314  -34.018 3.884524
41691  -32.165  -1.848  -33.693 3.583349
41692  -31.576  -1.683  -33.370 3.986712
42291  -29.280  3.886  -39.416 3.425634
42292  -28.858  4.265  -39.049 3.543902
43870  -21.721  -6.613  -27.360 3.618214
43871  -21.739  -6.143  -27.852 3.707143
43872  -21.497  -6.395  -27.662 3.833940
43873  -21.333  -6.200  -28.038 4.109587
43874  -21.262  -6.590  -27.492 3.964130
43878  -19.063  -12.340  -26.943 5.971919
43879  -18.685  -11.706  -26.709 5.732458
43880  -19.182  -11.729  -27.278 6.095411
43881  -19.646  -11.412  -27.692 6.182731
43882  -20.002  -11.884  -27.923 6.363926
43883  -21.070  -12.065  -28.488 6.491890
43884  -20.564  -12.454  -28.062 6.518349
46278  -19.535  -16.399  -23.867 4.380301
46279  -19.408  -15.889  -23.810 4.313416
46280  -19.289  -15.858  -24.206 4.573026
46281  -19.130  -15.304  -24.651 4.779216
46282  -19.392  -15.816  -24.717 4.882906
46283  -19.624  -15.825  -25.159 5.235991
46284  -19.649  -16.315  -24.695 4.935485
46285  -21.762  -19.968  -24.756 3.478043
46286  -21.929  -19.540  -25.104 3.954400
46287  -22.485  -20.123  -25.218 3.614782
46288  -23.191  -20.250  -25.624 3.707143
48153  -30.729  2.132  -37.495 5.302754
48154  -31.020  1.748  -37.819 5.013711
48155  -30.941  1.898  -37.128 5.387420
48156  -31.111  1.651  -36.770 5.388727
48157  -30.716  1.905  -36.359 5.728120
52889  -25.139  1.071  -32.317 3.460116
52893  -23.397  -2.648  -30.660 4.763938
52894  -23.488  -2.193  -30.572 4.549213
52895  -24.041  -1.889  -31.245 4.908863
52896  -24.905  -1.006  -32.069 4.977997
52897  -24.806  -1.435  -31.965 5.252892
52898  -25.859  -0.864  -32.835 5.554007
52899  -24.776  -1.873  -31.928 5.515488
52900  -23.595  -5.489  -31.110 6.341822
52901  -24.655  -4.697  -31.684 6.509012
52902  -24.747  -5.153  -31.676 6.543064
52903  -25.949  -4.606  -32.160 6.607481
52904  -24.832  -5.574  -31.708 6.535683
52916  -18.574  -9.067  -26.010 4.493527
52917  -18.525  -9.243  -25.457 4.159314
52918  -18.707  -8.753  -25.822 4.353611
52919  -19.073  -8.571  -25.893 4.231024
52920  -19.104  -8.455  -26.302 4.555449
52921  -19.435  -8.067  -26.762 4.764879
52922  -19.205  -8.315  -26.819 4.910014
52923  -24.216  -9.095  -30.800 5.979127
52924  -23.815  -8.662  -30.697 6.090051
52925  -25.227  -8.572  -31.401 5.855290
52926  -26.264  -7.828  -31.685 5.717032
52927  -26.697  -8.171  -31.622 5.482905
52928  -27.803  -7.647  -31.492 5.006818
52929  -26.963  -8.549  -31.442 5.232450
52930  -28.268  -11.800  -30.459 3.952269
52931  -28.964  -10.988  -30.366 3.596098
52935  -23.639  -16.145  -27.991 6.154167
52936  -24.190  -15.706  -28.468 6.103665
52937  -24.885  -16.259  -28.398 5.760610
55875  -22.871  -18.942  -21.647 3.630379
55876  -22.368  -18.279  -22.058 3.690528
55877  -21.983  -18.549  -21.870 3.737332
55878  -20.577  -18.498  -22.336 3.740507
55879  -20.689  -18.147  -22.443 3.841760
55880  -20.269  -18.040  -22.752 3.886774
55881  -19.937  -17.522  -23.177 4.039136
55882  -20.086  -17.987  -23.097 3.958155
55883  -20.028  -17.950  -23.542 4.073792
55884  -20.103  -18.413  -23.141 3.816570
55886  -20.357  -19.308  -23.254 3.381350
55943  -32.996  -1.694  -36.738 3.759102
55944  -33.272  -2.685  -36.651 3.499574
55945  -33.168  -2.226  -36.314 3.582095
57753  -29.779  3.096  -38.909 4.213929
57754  -30.116  2.575  -39.197 4.058084
57755  -30.021  2.791  -38.598 4.575098
57756  -30.263  2.537  -38.267 4.887545
57757  -29.890  2.980  -37.909 5.076039
62493  -21.946  -5.041  -28.768 3.979239
62494  -22.168  -4.680  -28.796 3.836400
62495  -22.229  -4.497  -29.207 4.161399
62496  -22.465  -3.909  -29.708 4.364600
62497  -22.303  -4.390  -29.734 4.539311
62498  -22.627  -4.209  -30.214 4.955667
62499  -22.150  -4.772  -29.704 4.716475
62500  -21.420  -5.968  -28.924 4.824049
62501  -21.834  -5.474  -29.559 5.067511
62502  -21.678  -5.856  -29.471 5.235486
62503  -22.067  -5.806  -29.999 5.649757
62504  -21.522  -6.221  -29.408 5.394474
62513  -18.207  -12.394  -25.027 4.331220
62514  -18.141  -11.964  -25.000 4.120697
62515  -18.064  -11.855  -25.389 4.493682
62516  -18.291  -10.694  -26.523 5.256595
62517  -18.161  -10.753  -26.017 4.850272
62518  -18.291  -10.186  -26.381 5.036326
62519  -18.312  -9.765  -26.184 4.834482
62520  -18.606  -9.737  -26.728 5.222633
62521  -18.847  -9.437  -27.003 5.405920
62522  -18.835  -9.827  -27.188 5.593223
62523  -20.775  -10.704  -28.703 6.244593
62524  -20.262  -10.142  -28.418 6.132142
62525  -21.422  -10.331  -29.200 6.221653
62526  -22.215  -9.973  -29.717 6.166855
62527  -22.599  -10.387  -29.849 6.151138
62528  -24.012  -10.416  -30.411 5.911862
62529  -23.014  -10.781  -29.875 6.111162
62530  -23.049  -12.051  -29.569 6.204626
62531  -24.063  -11.738  -30.109 5.935750
62532  -24.616  -12.235  -30.063 5.788661
62533  -25.984  -12.289  -30.308 5.236082
62534  -25.156  -12.726  -30.006 5.596833
62535  -26.259  -18.535  -27.800 4.484166
62536  -26.594  -17.870  -28.166 4.481636
62537  -27.035  -18.504  -27.983 4.028363
69713  -21.294  -17.020  -22.687 3.740490
69714  -21.580  -16.666  -22.881 3.592748
69715  -20.712  -16.331  -22.989 3.755430
69716  -19.306  -14.922  -23.738 4.049501
69717  -19.726  -15.013  -23.498 3.815183
69718  -19.391  -14.502  -23.792 3.872876
69719  -19.333  -14.095  -23.767 3.681759
69720  -18.880  -13.967  -23.998 3.953617
69721  -18.650  -13.421  -24.278 4.058009
69722  -18.641  -13.840  -24.391 4.262559
69723  -18.893  -14.242  -25.428 5.214131
69724  -18.640  -13.734  -25.269 5.007152
69725  -18.873  -13.731  -25.831 5.429434
69726  -18.818  -13.156  -26.211 5.632654
69727  -19.233  -13.677  -26.355 5.855264
69728  -19.687  -13.722  -26.779 6.244132
69729  -19.509  -14.137  -26.419 6.043899
69730  -20.399  -15.803  -26.084 5.964328
69731  -20.623  -15.306  -26.572 6.254508
69732  -21.056  -15.850  -26.559 6.245942
69733  -22.083  -16.036  -27.172 6.396948
69734  -21.445  -16.352  -26.589 6.146840
69735  -20.421  -17.911  -24.576 4.464354
69736  -20.258  -17.325  -24.876 4.857947
69737  -20.736  -17.889  -24.993 4.720565
69738  -22.298  -18.502  -26.052 4.900167
69739  -21.796  -18.010  -25.957 5.195647
69740  -22.428  -18.043  -26.348 5.320475
69741  -22.747  -17.608  -26.763 5.672746
69742  -23.215  -18.160  -26.738 5.315175
69743  -24.366  -18.309  -27.220 5.163531
69744  -24.000  -18.847  -26.802 4.899446
69745  -24.660  -20.486  -26.245 3.660181
69746  -25.140  -20.054  -26.694 3.975597
69747  -25.543  -20.636  -26.480 3.505809
75338  -30.841  1.009  -39.766 3.565804
75339  -31.184  0.512  -39.808 3.404312
75340  -31.119  0.738  -39.424 3.800623
75341  -31.662  0.586  -38.197 4.416671
75342  -31.659  0.184  -38.695 4.087230
75343  -31.928  -0.111  -38.371 4.130047
75344  -32.287  -0.831  -38.279 3.858676
75345  -32.223  -0.449  -37.916 4.109342
75346  -32.504  -0.834  -37.516 4.033398
75347  -32.169  -0.036  -37.424 4.343508
75348  -31.451  1.026  -36.008 5.170465
75349  -31.863  0.618  -36.249 4.772521
75350  -31.610  0.608  -35.564 4.973763
75351  -31.742  0.185  -35.171 4.735752
75352  -31.229  0.379  -34.755 5.168484
89549  -27.194  3.740  -36.850 3.445150
89557  -23.731  -1.304  -29.038 3.371848
89558  -22.829  -3.646  -28.551 3.464774
89560  -22.899  -2.934  -28.849 3.595547
89561  -23.674  -1.326  -30.533 4.131762
89562  -23.368  -1.616  -29.777 3.852921
89563  -23.806  -0.946  -30.513 3.936342
89564  -23.952  -0.576  -30.433 3.754370
89565  -24.373  -0.259  -31.320 3.957987
89566  -25.059  0.459  -32.319 3.898970
89567  -25.054  0.126  -32.334 4.151829
89568  -26.733  0.973  -34.288 4.798049
89569  -26.660  1.391  -34.474 4.452091
89570  -27.321  2.283  -35.379 4.534610
89571  -27.682  3.413  -36.524 4.171626
89572  -27.926  3.180  -36.220 4.563206
89573  -28.531  3.753  -37.188 4.538146
89574  -28.153  2.871  -35.863 4.955241
89575  -27.953  0.860  -34.354 5.929720
89576  -28.569  2.234  -35.256 5.676167
89577  -28.727  1.838  -34.970 5.973730
89578  -29.311  2.407  -35.735 5.918946
89579  -28.831  1.414  -34.664 6.211872
89580  -23.764  -3.699  -31.252 5.802551
89581  -24.676  -2.790  -31.863 5.977344
89582  -24.610  -3.304  -31.810 6.165228
89583  -27.030  -2.352  -32.740 6.660872
89584  -27.023  -1.833  -32.867 6.594607
89585  -28.164  -0.753  -33.219 6.615648
89586  -29.048  0.485  -34.019 6.478846
89587  -29.113  0.048  -33.646 6.502367
89588  -29.873  0.683  -34.321 6.271029
89589  -29.159  -0.370  -33.342 6.455287
89590  -28.364  -2.770  -32.541 6.296986
89591  -29.247  -1.309  -32.857 6.173477
89592  -29.290  -1.775  -32.687 5.954360
89593  -30.120  -1.209  -33.045 5.532484
89594  -29.341  -2.287  -32.533 5.694376
89613  -22.240  -9.303  -26.209 3.377367
89614  -22.601  -9.164  -26.455 3.374703
89615  -21.984  -8.660  -26.210 3.430342
89616  -21.780  -8.083  -26.423 3.470810
89617  -21.331  -8.240  -26.132 3.520981
89626  -18.386  -11.153  -24.866 3.765672
89627  -18.781  -11.321  -24.588 3.477412
89628  -18.667  -10.723  -24.764 3.629727
89629  -19.173  -9.569  -25.093 3.611670
89630  -19.301  -10.146  -24.799 3.448050
89631  -19.724  -9.852  -25.003 3.399298
89633  -20.063  -9.702  -25.099 3.373550
89635  -20.088  -9.111  -25.309 3.518467
89636  -19.966  -8.194  -26.038 4.022670
89637  -20.178  -8.341  -25.715 3.792396
89638  -20.254  -7.954  -26.127 3.928586
89639  -20.586  -7.742  -26.247 3.836398
89640  -20.292  -7.444  -26.589 4.071677
89641  -20.530  -7.035  -27.090 4.227989
89642  -20.234  -7.232  -27.010 4.359910
89643  -20.157  -7.492  -27.810 5.207149
89644  -20.405  -7.219  -27.905 5.062297
89645  -20.699  -7.162  -28.503 5.439064
89646  -21.210  -6.846  -29.227 5.675326
89647  -21.173  -7.193  -29.212 5.793487
89648  -19.812  -8.860  -27.938 5.751432
89649  -19.832  -8.500  -27.818 5.618964
89650  -20.355  -8.577  -28.486 5.907990
89651  -23.232  -7.857  -30.651 6.240960
89652  -22.021  -7.912  -29.891 6.174402
89653  -23.012  -7.483  -30.593 6.277429
89654  -22.826  -7.112  -30.558 6.285826
89655  -23.971  -6.962  -31.165 6.354492
89656  -25.131  -6.329  -31.766 6.400187
89657  -25.362  -6.703  -31.775 6.275977
89658  -28.089  -5.919  -31.902 5.410903
89659  -27.883  -5.536  -32.058 5.696097
89660  -28.894  -4.679  -31.951 5.249047
89661  -29.532  -3.411  -32.183 5.085316
89662  -29.686  -3.878  -32.009 4.752402
89663  -30.468  -3.330  -32.213 4.249035
89664  -29.853  -4.356  -31.827 4.410909
89665  -29.591  -6.402  -31.221 3.925234
89666  -30.183  -5.273  -31.484 3.731110
89667  -30.377  -5.815  -31.325 3.405758
89670  -26.700  -10.115  -31.072 5.005256
89671  -27.569  -9.303  -31.113 4.699084
89672  -27.920  -9.706  -30.908 4.423304
89685  -21.289  -13.857  -27.871 6.699297
89686  -21.790  -13.476  -28.373 6.685275
89687  -22.255  -14.019  -28.397 6.666887
89688  -25.075  -14.795  -29.227 5.725512
89689  -24.519  -14.251  -29.256 6.000315
89690  -25.749  -14.295  -29.532 5.428523
89691  -26.284  -13.782  -29.862 5.084095
89692  -26.968  -14.313  -29.759 4.776065
89693  -27.392  -16.875  -28.692 4.240426
89694  -26.885  -16.355  -28.933 4.640353
89695  -28.108  -16.372  -28.960 4.025836
89697  -29.002  -15.187  -29.364 3.483135
89699  -28.976  -14.056  -29.815 3.465287
93429  -22.279  -19.487  -21.308 3.598398
93430  -21.719  -18.914  -21.677 3.711894
93431  -21.579  -19.223  -21.531 3.611703
93432  -20.910  -19.021  -21.856 3.594003
93433  -20.508  -18.911  -22.271 3.573603
93434  -20.260  -18.853  -22.726 3.576087
93470  -32.646  -0.871  -35.693 3.967350
93471  -33.034  -1.713  -35.886 3.653904
93472  -32.841  -1.433  -35.243 3.723434
93473  -32.968  -1.994  -34.810 3.470889
94557  -29.543  3.464  -39.190 3.823983
94558  -29.366  3.600  -38.552 4.353192
97398  -22.239  -6.155  -27.712 3.404439
97399  -22.204  -5.582  -28.049 3.471336
97400  -21.993  -5.856  -27.976 3.585680
97401  -21.781  -5.580  -28.327 3.826878
97402  -21.745  -5.384  -28.727 4.129260
97403  -21.835  -5.259  -29.186 4.488673
97404  -21.541  -5.704  -28.602 4.284517
97405  -21.290  -6.025  -28.473 4.442739
97406  -21.056  -6.355  -28.318 4.601582
97412  -18.236  -12.271  -25.935 5.142755
97413  -18.124  -11.819  -25.810 4.898984
97414  -18.315  -11.752  -26.259 5.320913
97415  -18.495  -11.188  -26.686 5.490897
97416  -18.639  -10.726  -26.988 5.648073
97417  -19.078  -10.302  -27.394 5.788710
97418  -19.211  -10.792  -27.474 5.987632
97419  -20.018  -10.943  -28.141 6.232322
97420  -21.145  -11.134  -28.858 6.340393
97421  -22.403  -11.297  -29.563 6.280607
97422  -21.323  -11.482  -28.981 6.410406
97423  -22.207  -12.146  -29.102 6.443585
97424  -22.650  -12.633  -29.160 6.428077
97425  -26.883  -19.408  -27.367 3.549630
97426  -27.587  -19.001  -27.764 3.582660
101732  -20.017  -16.621  -23.132 4.015119
101733  -20.144  -16.091  -23.117 3.918725
101734  -19.707  -15.997  -23.461 4.099380
101735  -19.300  -15.371  -23.785 4.199986
101736  -18.982  -14.854  -24.129 4.319525
101737  -18.692  -14.306  -24.438 4.458228
101738  -18.908  -14.789  -24.581 4.634117
101739  -18.973  -14.764  -25.063 4.994916
101740  -19.170  -14.767  -25.484 5.392287
101741  -19.601  -14.788  -26.008 5.801744
101742  -19.574  -15.284  -25.581 5.528523
101743  -19.930  -15.799  -25.605 5.609728
101744  -20.470  -16.304  -25.713 5.623918
101745  -20.959  -18.867  -24.662 4.058515
101746  -21.080  -18.383  -25.069 4.519109
101747  -21.464  -18.933  -25.133 4.260238
101748  -22.119  -19.013  -25.612 4.436278
101749  -22.793  -19.116  -26.046 4.545404
101750  -23.434  -19.209  -26.383 4.554038
101751  -23.415  -19.745  -26.013 4.148316
101752  -23.854  -20.331  -25.972 3.727356
105107  -30.891  1.599  -38.733 4.442785
105108  -31.117  1.050  -38.968 4.208981
105109  -31.120  1.405  -38.385 4.617265
105110  -31.346  1.195  -38.023 4.714034
105111  -31.577  0.951  -37.614 4.732784
105112  -31.818  0.638  -37.248 4.679208
105113  -31.474  1.234  -37.024 5.032328
105114  -31.281  1.376  -36.410 5.312953
105115  -31.027  1.276  -35.578 5.571980
113633  -26.243  2.305  -34.896 3.515109
113639  -22.767  -3.047  -29.509 4.031306
113640  -22.915  -2.673  -29.368 3.876400
113641  -23.103  -2.450  -29.925 4.198608
113642  -23.575  -1.750  -30.540 4.337249
113643  -24.226  -1.014  -31.323 4.419716
113644  -24.986  -0.223  -32.224 4.420295
113645  -24.963  -0.602  -32.160 4.698025
113646  -25.849  -0.034  -33.104 4.945954
113647  -26.793  0.551  -34.136 5.143629
113648  -27.669  1.647  -34.885 5.275242
113649  -26.899  0.282  -33.959 5.476982
113650  -26.960  -0.041  -33.705 5.786297
113651  -26.980  -0.433  -33.463 6.060771
113652  -23.617  -4.649  -31.174 6.131126
113653  -24.572  -3.806  -31.781 6.318426
113654  -24.577  -4.263  -31.716 6.433742
113655  -25.797  -3.719  -32.275 6.620991
113656  -27.120  -2.863  -32.653 6.669546
113657  -28.289  -1.740  -32.826 6.572943
113658  -27.184  -3.325  -32.558 6.622519
113659  -27.290  -3.813  -32.450 6.523053
113660  -27.396  -4.269  -32.322 6.375409
113674  -21.741  -9.407  -25.931 3.373408
113680  -18.418  -10.030  -25.447 4.107409
113681  -18.606  -10.182  -25.077 3.795821
113682  -18.599  -9.720  -25.395 3.973005
113683  -18.784  -9.422  -25.251 3.864332
113684  -19.176  -9.153  -25.230 3.778522
113685  -19.609  -8.890  -25.339 3.711251
113686  -19.304  -8.698  -25.559 3.948278
113687  -19.560  -8.373  -25.948 4.122105
113688  -19.671  -7.973  -26.360 4.302373
113689  -20.031  -7.511  -26.922 4.492222
113690  -19.652  -7.836  -26.920 4.626459
113691  -19.801  -7.768  -27.325 4.982120
113692  -19.934  -7.748  -27.673 5.347648
113693  -21.540  -9.065  -29.383 6.140915
113694  -21.333  -8.694  -29.271 6.103297
113695  -22.454  -8.709  -30.009 6.171279
113696  -23.464  -8.242  -30.673 6.177905
113697  -24.534  -7.761  -31.346 6.160388
113698  -25.668  -7.109  -31.808 6.118053
113699  -25.882  -7.478  -31.737 5.930285
113700  -27.179  -6.947  -31.828 5.567870
113701  -28.307  -6.337  -31.715 5.107302
113702  -29.195  -5.537  -31.638 4.592534
113703  -28.490  -6.728  -31.528 4.792139
113704  -28.626  -7.076  -31.359 4.472059
113705  -28.928  -7.449  -31.174 4.153245
113706  -27.564  -10.940  -30.765 4.495492
113707  -28.267  -10.153  -30.729 4.145586
113708  -28.633  -10.576  -30.559 3.868865
113715  -22.598  -15.066  -28.029 6.608672
113716  -22.927  -14.574  -28.433 6.564998
113717  -23.607  -15.173  -28.426 6.375801
113718  -24.591  -15.242  -28.762 5.956235
113719  -25.826  -15.325  -29.065 5.397413
113721  -28.914  -16.222  -28.845 3.434588
118161  -23.807  -18.581  -22.145 3.392230
118162  -23.087  -17.838  -22.511 3.415061
118163  -22.790  -18.068  -22.268 3.579152
118164  -21.775  -17.665  -22.389 3.722860
118165  -20.967  -17.394  -22.567 3.837632
118166  -21.256  -18.287  -22.122 3.800171
118167  -20.774  -17.741  -22.522 3.873579
118168  -20.370  -17.193  -22.807 3.942231
118169  -19.994  -17.104  -23.133 4.057354
118170  -19.790  -17.012  -23.515 4.202612
118171  -19.722  -16.948  -23.985 4.393327
118172  -19.777  -16.827  -24.440 4.636915
118173  -19.894  -17.431  -24.007 4.348013
118174  -20.124  -17.919  -24.066 4.243215
118175  -20.287  -18.363  -24.075 4.081500
118176  -20.177  -18.836  -23.166 3.620883
118177  -20.321  -18.855  -23.675 3.718654
118178  -20.588  -18.839  -24.180 3.868998
118179  -20.854  -19.392  -24.212 3.614776
118256  -33.124  -2.383  -37.349 3.498947
118258  -33.355  -2.876  -36.918 3.398101
118261  -33.316  -2.766  -35.911 3.390069
120790  -30.588  1.510  -39.700 3.729436
120791  -30.155  2.331  -39.764 3.551136
120792  -30.378  2.051  -39.449 3.894565
120793  -30.622  1.806  -39.104 4.197563
120794  -30.584  2.112  -38.517 4.672170
120795  -30.498  2.349  -37.882 5.134158
120796  -30.326  2.468  -37.154 5.563812
127426  -22.594  -3.957  -28.692 3.578133
127427  -22.229  -4.969  -28.374 3.570912
127428  -22.373  -4.301  -28.803 3.702302
127429  -22.574  -3.671  -29.109 3.859715
127430  -22.616  -3.468  -29.629 4.194614
127431  -22.837  -3.305  -30.138 4.573071
127432  -23.279  -3.103  -30.696 4.977688
127433  -23.894  -2.786  -31.257 5.383351
127434  -23.145  -3.585  -30.709 5.186702
127435  -23.014  -4.046  -30.725 5.387213
127436  -22.938  -4.503  -30.685 5.575493
127437  -22.001  -5.129  -29.640 4.893499
127438  -22.325  -5.050  -30.099 5.323134
127439  -22.868  -4.959  -30.651 5.747901
127440  -22.777  -5.355  -30.594 5.901002
127441  -22.664  -5.739  -30.522 6.031635
127442  -22.626  -6.086  -30.484 6.137154
127454  -18.782  -12.644  -24.343 3.662801
127455  -18.927  -12.243  -24.366 3.489671
127456  -18.485  -12.092  -24.608 3.786211
127457  -18.314  -11.509  -24.913 3.930447
127458  -18.230  -10.931  -25.162 4.092381
127459  -18.119  -11.308  -25.646 4.668083
127460  -18.073  -10.848  -25.543 4.456535
127461  -18.218  -10.422  -25.419 4.268802
127462  -18.227  -9.939  -25.831 4.456691
127463  -18.477  -9.421  -26.105 4.653407
127464  -18.589  -9.015  -26.421 4.856623
127465  -19.039  -8.596  -26.794 5.064263
127466  -18.873  -9.049  -26.889 5.229350
127467  -19.296  -9.106  -27.394 5.583138
127468  -19.940  -9.297  -28.035 5.882030
127469  -19.549  -10.000  -27.806 5.909942
127470  -20.040  -9.683  -28.217 6.009781
127471  -20.790  -9.475  -28.842 6.086994
127472  -21.850  -9.518  -29.497 6.162552
127473  -23.232  -9.600  -30.288 6.084476
127474  -24.530  -9.472  -30.817 5.846474
127475  -26.003  -9.376  -31.301 5.463470
127476  -24.894  -9.900  -30.875 5.692773
127477  -25.450  -10.397  -30.923 5.518008
127478  -25.846  -10.824  -30.836 5.321687
127479  -23.601  -11.273  -30.026 6.041411
127480  -24.837  -11.218  -30.381 5.636446
127481  -26.136  -11.148  -30.625 5.103414
127482  -26.481  -11.559  -30.496 4.863566
127483  -27.141  -12.114  -30.520 4.604043
127484  -27.640  -12.650  -30.302 4.328627
127485  -25.126  -17.388  -28.003 5.398101
127486  -25.407  -16.817  -28.309 5.363647
127487  -26.107  -17.430  -28.278 4.931526
127488  -26.830  -17.431  -28.449 4.396904
127489  -28.127  -17.458  -28.557 3.841356
127490  -28.130  -18.511  -28.008 3.547485
127491  -28.574  -17.835  -28.205 3.450409
136675  -21.945  -6.935  -27.186 3.459947
136676  -21.657  -7.152  -26.891 3.554736
136688  -22.564  -17.092  -22.788 3.415676
136689  -21.827  -16.401  -23.058 3.407778
136690  -21.309  -15.659  -23.196 3.403112
136691  -20.233  -15.680  -23.192 3.777759
136692  -20.350  -15.240  -23.258 3.604108
136693  -20.745  -14.974  -23.421 3.410916
136694  -20.063  -14.317  -23.639 3.437772
136695  -19.552  -13.712  -23.756 3.487783
136696  -19.125  -13.103  -24.002 3.562813
136697  -18.681  -13.001  -24.341 3.854949
136698  -18.472  -12.961  -24.723 4.184774
136699  -18.260  -12.869  -25.173 4.555068
136700  -18.560  -13.801  -24.788 4.614199
136701  -18.433  -13.302  -25.189 4.783707
136702  -18.323  -12.774  -25.632 4.961774
136703  -18.512  -12.764  -26.119 5.390868
136704  -18.775  -12.704  -26.511 5.815839
136705  -19.382  -12.700  -27.044 6.197189
136706  -20.206  -12.852  -27.622 6.485771
136707  -19.784  -13.192  -27.144 6.393456
136708  -20.345  -13.752  -27.327 6.543789
136709  -21.128  -14.407  -27.516 6.630525
136710  -20.021  -14.731  -26.429 6.182401
136711  -20.705  -14.804  -27.040 6.480172
136712  -21.600  -14.933  -27.565 6.637480
136713  -21.978  -15.453  -27.483 6.552868
136714  -22.870  -16.100  -27.617 6.372092
136715  -23.374  -16.621  -27.650 6.099197
136716  -20.016  -16.816  -24.859 4.928956
136717  -20.344  -16.814  -25.307 5.249582
136718  -20.784  -16.831  -25.727 5.561820
136719  -21.145  -17.893  -25.442 4.979388
136720  -21.247  -17.366  -25.833 5.418688
136721  -21.545  -16.971  -26.277 5.814881
136722  -22.231  -17.017  -26.756 5.954140
136723  -22.951  -17.119  -27.196 5.936809
136724  -23.969  -17.193  -27.598 5.746441
136725  -24.722  -17.880  -27.631 5.331887
136726  -25.337  -18.430  -27.556 4.876074
136727  -25.577  -18.939  -27.394 4.398930
136728  -24.305  -19.266  -26.812 4.446143
136729  -25.235  -19.380  -27.095 4.226750
136730  -25.969  -19.410  -27.278 3.917823
136731  -26.905  -20.163  -27.029 3.446697
143362  -23.789  -19.329  -21.597 3.461962
143363  -23.479  -19.609  -21.388 3.529720
143365  -24.002  -20.230  -21.063 3.378053
143366  -23.073  -19.823  -21.145 3.527265
143367  -22.639  -20.025  -20.959 3.450397
143602  -31.751  -0.395  -39.364 3.411761
143603  -31.390  0.472  -39.049 3.976896
143604  -31.708  -0.091  -39.094 3.749722
143605  -32.035  -0.746  -38.996 3.528554
143606  -32.334  -1.132  -38.647 3.591970
143607  -32.627  -1.558  -38.254 3.604065
143608  -32.905  -1.987  -37.807 3.570449
143609  -32.855  -1.623  -37.557 3.752058
143610  -32.788  -1.285  -37.100 3.912914
143611  -32.634  -0.747  -36.692 4.058409
143612  -32.051  0.333  -36.867 4.563423
143613  -32.267  -0.001  -36.470 4.397884
143614  -32.447  -0.376  -36.141 4.195335
143615  -32.230  -0.208  -35.520 4.330252
143616  -31.841  -0.268  -34.782 4.468341
143617  -31.374  -0.630  -33.997 4.612773
160718  -24.164  0.134  -30.370 3.442245
160721  -23.339  -2.265  -28.658 3.377498
160722  -23.088  -2.281  -29.234 3.731482
160723  -23.275  -1.894  -29.106 3.598099
160724  -23.556  -1.605  -29.049 3.477741
160725  -23.792  -0.936  -29.579 3.555048
160726  -24.039  -0.190  -30.409 3.588854
160727  -24.538  0.399  -31.244 3.561017
160728  -25.087  0.769  -32.313 3.667057
160729  -25.736  1.249  -33.519 3.750179
160730  -26.380  2.014  -34.793 3.802050
160731  -25.824  0.663  -33.363 4.321064
160732  -26.501  1.710  -34.654 4.116893
160733  -26.942  2.786  -35.830 3.817439
160734  -27.442  3.555  -36.735 3.794983
160735  -27.988  4.160  -37.660 3.737408
160736  -28.435  4.384  -38.484 3.650887
160737  -28.726  4.095  -38.282 4.055646
160738  -28.993  3.810  -37.996 4.465005
160739  -29.246  3.508  -37.604 4.860450
160740  -28.377  2.591  -35.552 5.331660
160741  -29.013  3.225  -36.462 5.311869
160742  -29.483  3.214  -37.245 5.222545
160743  -29.704  2.921  -36.897 5.532918
160744  -29.916  2.589  -36.498 5.776287
160745  -30.086  2.257  -36.087 5.942011
160746  -24.717  -2.336  -31.910 5.759015
160747  -25.767  -1.754  -32.548 6.071568
160748  -26.963  -0.859  -33.174 6.291225
160749  -25.746  -2.726  -32.411 6.439032
160750  -26.993  -1.339  -33.005 6.470691
160751  -28.114  0.207  -33.696 6.397212
160752  -28.955  0.955  -34.374 6.381813
160753  -29.675  1.568  -35.094 6.251572
160754  -30.238  1.918  -35.701 6.025049
160755  -30.388  1.537  -35.341 6.025867
160756  -30.506  1.120  -34.972 5.949732
160757  -30.588  0.665  -34.581 5.805410
160758  -29.190  -0.839  -33.064 6.343203
160759  -30.005  -0.224  -33.625 6.007899
160760  -30.648  0.190  -34.202 5.603630
160761  -30.717  -0.338  -33.894 5.355736
160762  -30.779  -0.829  -33.588 5.072704
160763  -30.843  -1.304  -33.291 4.764573
160788  -22.173  -7.930  -26.704 3.415421
160789  -21.610  -7.615  -26.545 3.508808
160790  -21.336  -7.273  -26.732 3.649782
160803  -18.927  -10.408  -24.788 3.524036
160811  -21.153  -8.936  -25.769 3.473374
160812  -20.105  -8.773  -25.524 3.657228
160813  -20.555  -8.622  -25.689 3.610819
160814  -20.949  -8.415  -25.847 3.566795
160815  -21.023  -7.989  -26.160 3.654176
160816  -20.961  -7.513  -26.416 3.743779
160817  -21.076  -7.006  -26.905 3.844368
160818  -20.978  -6.792  -27.286 4.095906
160819  -20.827  -6.685  -27.680 4.403263
160820  -20.830  -6.650  -28.148 4.758824
160821  -20.194  -7.161  -27.443 4.694850
160822  -20.632  -6.922  -27.991 4.912754
160823  -21.022  -6.586  -28.702 5.146690
160824  -21.350  -6.557  -29.328 5.541811
160825  -21.919  -6.481  -29.899 5.910866
160826  -22.640  -6.382  -30.479 6.215490
160827  -19.460  -8.384  -27.209 5.274301
160828  -19.854  -8.095  -27.729 5.484606
160829  -20.473  -7.855  -28.460 5.692703
160830  -21.155  -8.279  -29.181 6.050024
160831  -21.091  -7.928  -29.172 5.980865
160832  -21.135  -7.569  -29.213 5.895417
160833  -21.750  -7.128  -29.859 6.088333
160834  -22.716  -6.748  -30.534 6.265249
160835  -23.689  -6.291  -31.100 6.417818
160836  -24.945  -5.964  -31.756 6.487550
160837  -26.339  -5.470  -32.115 6.408818
160838  -27.556  -4.739  -32.221 6.184580
160839  -26.708  -6.262  -31.999 6.050098
160840  -27.730  -5.143  -32.142 5.956140
160841  -28.496  -3.732  -32.232 5.836836
160842  -29.422  -2.830  -32.375 5.401960
160843  -30.252  -2.268  -32.615 4.922844
160844  -30.972  -1.821  -33.032 4.440278
160845  -31.051  -2.350  -32.794 4.107723
160846  -31.143  -2.923  -32.555 3.773976
160847  -31.258  -3.449  -32.349 3.445418
160848  -30.013  -4.792  -31.654 4.068185
160849  -30.772  -4.403  -31.871 3.571484
160854  -27.249  -8.922  -31.282 4.969922
160855  -28.285  -8.403  -31.121 4.412735
160856  -29.201  -7.870  -30.982 3.841127
160857  -28.881  -9.240  -30.742 3.824585
160858  -29.389  -8.288  -30.760 3.540148
160872  -21.247  -12.979  -28.202 6.630832
160873  -22.041  -12.980  -28.706 6.592158
160874  -23.286  -13.160  -29.273 6.353056
160875  -23.436  -14.125  -28.870 6.428562
160876  -23.865  -13.645  -29.186 6.211086
160877  -24.461  -13.238  -29.612 5.927971
160878  -25.734  -13.212  -29.965 5.360465
160879  -26.881  -13.231  -30.101 4.711370
160880  -28.244  -13.129  -30.072 4.042781
160881  -25.812  -16.349  -28.610 5.236751
160882  -26.283  -15.857  -28.878 5.030574
160883  -26.942  -15.410  -29.411 4.761435
160884  -28.558  -15.808  -29.288 3.768284
160885  -27.927  -15.254  -29.350 4.108013
160886  -27.364  -14.738  -29.595 4.447061
160887  -28.058  -14.207  -29.787 4.105282
160888  -28.619  -13.643  -29.973 3.752915
160889  -29.122  -12.850  -30.044 3.405003
