#!ascii label , from subject fsaverage
1553
1  -16.337  -68.935  59.394 3.554094
189  -9.493  -72.313  53.742 3.797309
191  -13.949  -69.856  48.830 4.590160
293  -25.089  -62.924  45.970 4.445223
473  -20.168  -60.567  63.016 3.725180
474  -20.451  -66.171  56.170 3.975846
560  -20.214  -65.884  48.609 3.650312
561  -20.159  -62.920  38.226 3.544410
669  -12.710  -70.584  57.084 3.954912
670  -11.551  -71.738  50.600 4.294193
671  -14.786  -68.988  54.043 4.690441
1038  -22.824  -61.142  64.352 3.408662
1238  -21.534  -66.550  52.465 4.505412
1239  -22.487  -64.110  51.759 4.273156
1240  -25.100  -65.127  41.332 3.561270
1241  -22.731  -62.837  42.747 4.781467
1242  -24.153  -63.166  36.551 4.594048
1244  -28.070  -66.987  31.339 3.673718
1679  -23.108  -61.773  50.196 3.828436
2069  -18.204  -64.398  62.768 3.765661
2070  -18.972  -67.608  57.426 4.255974
2071  -20.889  -64.820  61.370 3.794683
2318  -18.352  -68.107  53.188 5.027926
2319  -16.308  -67.138  49.448 4.329002
2321  -23.438  -64.814  47.958 4.398554
2322  -19.039  -63.839  44.347 3.402961
2589  -14.549  -69.951  58.404 3.712205
2590  -13.820  -69.914  55.723 4.375469
2591  -16.142  -69.482  56.839 4.084071
3158  -21.752  -63.617  53.496 3.646894
3161  -24.835  -63.665  38.651 4.243352
3162  -25.793  -64.991  36.162 3.992743
3163  -25.825  -64.807  33.666 4.195640
3164  -27.424  -66.908  34.063 3.919741
3451  -9.806  -74.039  50.934 3.648350
3452  -12.739  -70.849  49.509 4.340951
3453  -12.627  -72.653  48.730 3.536909
3454  -13.969  -71.513  47.693 3.515103
3456  -14.847  -70.294  46.539 3.739187
4547  -19.314  -62.425  62.978 3.918676
4548  -19.741  -64.804  62.596 3.979686
4549  -20.675  -62.759  63.691 3.938662
4679  -18.362  -61.279  61.421 3.478100
4680  -17.256  -62.979  62.194 3.458767
5152  -19.747  -66.952  56.656 4.279634
5153  -19.143  -68.132  55.265 4.647418
5154  -20.214  -67.462  54.727 4.588903
5155  -21.293  -66.777  50.530 4.216935
5156  -19.548  -67.280  50.873 4.531585
5157  -18.231  -66.331  49.126 3.788960
5158  -16.041  -66.995  46.884 3.440593
5160  -23.991  -62.212  47.952 4.397018
5161  -23.844  -63.113  49.382 4.539344
5162  -24.480  -63.799  47.226 4.634715
5163  -21.170  -62.350  41.017 4.521673
5164  -20.839  -63.094  43.820 4.214336
5165  -19.384  -63.220  41.668 3.612708
5813  -10.772  -71.359  55.204 4.030813
5814  -10.766  -72.112  52.088 4.225763
5815  -11.784  -70.655  53.862 4.455981
5816  -12.473  -69.902  52.237 4.681431
5817  -13.675  -69.062  51.187 4.950399
6474  -21.430  -60.976  64.282 3.692907
6835  -21.198  -64.704  55.845 3.502129
6836  -20.912  -66.517  54.222 4.303236
6837  -21.271  -65.251  53.851 3.965205
6838  -22.110  -65.367  52.190 4.372781
6839  -22.536  -65.601  50.607 4.286731
6840  -25.155  -64.339  43.429 4.122094
6841  -24.151  -64.375  44.543 4.635446
6842  -24.223  -63.536  41.628 4.542245
6843  -23.175  -62.412  39.792 4.866575
6844  -22.180  -62.409  37.509 4.366648
6846  -23.858  -63.301  34.076 3.830136
7330  -11.335  -73.706  49.871 3.707824
7759  -23.160  -60.905  49.158 3.583701
7760  -23.756  -61.645  46.545 4.029199
7762  -23.906  -61.059  45.152 3.469923
7763  -25.342  -62.564  44.556 3.915509
8777  -17.334  -66.890  61.441 3.554119
8778  -17.786  -68.472  58.404 3.915018
8779  -18.718  -66.874  60.629 3.946491
8780  -19.554  -66.356  59.521 4.047410
8781  -20.338  -65.580  58.512 3.779452
8782  -22.165  -63.070  63.044 3.622341
9512  -17.697  -68.773  56.017 4.444046
9513  -16.502  -68.345  53.632 4.952335
9514  -15.333  -68.170  51.404 5.198922
9515  -20.196  -67.580  52.808 4.805765
9516  -17.405  -67.629  51.391 5.041409
9517  -15.004  -68.364  49.174 4.733760
9518  -15.307  -68.596  46.732 3.790164
9521  -22.900  -63.068  51.219 4.048231
9522  -23.399  -64.384  50.326 4.484208
9523  -21.826  -65.507  48.313 3.946744
9524  -22.609  -64.058  45.279 4.493207
9525  -21.018  -63.940  46.045 3.893723
9557  -29.743  -69.579  32.585 3.618757
10269  -15.490  -69.482  58.892 3.601143
10270  -15.411  -69.741  57.627 3.898338
10271  -16.420  -69.390  58.103 3.769601
10272  -15.731  -68.441  60.446 3.422208
10273  -14.908  -69.257  59.888 3.430223
10841  -25.992  -65.236  37.401 3.535135
10842  -26.431  -66.025  36.400 3.506065
10843  -26.441  -65.925  35.080 3.951072
10844  -27.037  -66.969  35.495 3.560614
11129  -8.777  -73.021  53.207 3.516985
11130  -9.043  -73.898  51.811 3.446146
11131  -9.636  -73.018  52.261 3.810824
11132  -13.310  -70.390  49.095 4.444121
11133  -13.201  -71.238  48.550 3.958653
11134  -13.871  -70.720  48.161 4.054285
11135  -14.549  -70.887  47.194 3.612972
11136  -14.400  -70.063  47.873 4.188282
11140  -9.633  -71.594  55.685 3.608557
11142  -8.813  -72.086  54.850 3.428385
12227  -19.782  -61.484  62.932 3.880554
12228  -20.066  -62.617  63.465 3.979736
12229  -20.414  -61.617  63.591 3.910417
12359  -19.335  -60.898  62.126 3.641510
12360  -18.872  -61.790  62.286 3.753799
12832  -20.058  -66.615  56.377 4.161535
12833  -20.061  -67.340  55.575 4.430028
12834  -20.353  -66.887  55.370 4.308544
12835  -20.855  -66.553  49.630 3.930785
12836  -19.889  -66.691  49.774 3.997283
12837  -19.273  -66.104  48.813 3.657157
12838  -17.731  -65.875  48.215 3.434157
12840  -24.567  -62.376  47.033 4.480942
12841  -24.537  -62.857  47.784 4.590943
12842  -24.901  -63.334  46.514 4.593920
12843  -20.527  -62.519  39.759 4.113528
12844  -20.155  -62.703  41.465 4.093779
12845  -19.648  -63.000  40.011 3.636151
13529  -11.743  -70.953  56.277 4.022828
13530  -11.346  -71.109  54.641 4.284933
13531  -12.254  -70.570  55.535 4.271944
13532  -14.287  -69.516  54.950 4.537539
13533  -13.123  -69.827  54.029 4.601501
13534  -13.593  -69.352  53.255 4.739550
13535  -13.041  -69.503  51.613 4.803725
13536  -14.082  -68.908  52.499 4.882528
13540  -13.156  -70.247  58.770 3.578367
13542  -12.242  -70.530  57.967 3.652509
13543  -11.230  -70.906  57.137 3.695837
15233  -21.210  -65.037  54.800 3.711682
15234  -21.409  -64.194  54.655 3.508370
15235  -21.973  -63.968  52.502 3.987518
15236  -21.752  -64.619  52.799 4.108411
15237  -22.327  -64.700  52.033 4.336964
15238  -22.369  -65.460  51.435 4.396626
15239  -22.774  -64.810  51.405 4.431765
15240  -25.116  -64.919  42.377 3.860166
15241  -24.592  -64.498  42.800 4.305414
15242  -24.675  -64.348  41.270 4.106722
15243  -24.533  -63.381  37.612 4.531430
15244  -24.089  -62.977  39.134 4.671524
15245  -23.630  -62.654  38.155 4.762539
15246  -22.630  -62.296  38.772 4.749275
15247  -23.221  -62.585  37.115 4.582787
15248  -22.951  -62.792  35.763 4.121583
15249  -23.965  -63.133  35.379 4.349795
15250  -26.944  -65.794  32.457 3.963675
15251  -26.046  -64.876  32.365 3.816463
15252  -27.179  -65.961  31.055 3.517908
16117  -11.196  -71.991  51.378 4.286499
16118  -10.881  -72.985  50.759 4.043597
16119  -11.383  -72.718  50.067 4.021713
17038  -23.300  -61.365  47.806 3.863491
17039  -23.246  -61.062  47.145 3.632730
17045  -24.787  -61.626  44.199 3.453428
17046  -24.640  -61.700  44.856 3.758528
17047  -25.443  -62.401  44.023 3.594581
17048  -25.853  -63.357  43.593 3.648944
19397  -17.733  -65.692  62.125 3.647950
19398  -18.163  -66.987  61.165 3.766638
19399  -18.559  -65.810  62.056 3.848786
19400  -20.322  -64.939  62.083 3.930231
19401  -19.816  -65.906  61.132 3.991943
19402  -20.186  -65.686  60.418 3.915422
19403  -19.960  -66.029  58.942 3.952840
19404  -20.580  -65.240  59.865 3.757833
19405  -22.170  -61.196  64.393 3.583412
19406  -21.797  -62.086  63.998 3.727955
19407  -22.578  -62.176  63.786 3.536407
19797  -17.718  -63.669  62.623 3.649192
19799  -17.180  -64.741  62.504 3.521891
19800  -16.781  -66.127  61.986 3.414370
21217  -18.410  -68.074  57.818 4.114684
21218  -17.848  -68.737  57.143 4.170441
21219  -18.437  -68.356  56.603 4.339705
21220  -18.787  -68.160  54.202 4.850039
21221  -18.004  -68.356  54.482 4.808285
21222  -17.409  -68.221  53.340 5.025481
21223  -15.897  -68.262  52.453 5.136295
21224  -16.857  -68.074  52.397 5.178658
21225  -21.136  -66.544  53.238 4.447804
21226  -20.743  -67.081  53.428 4.594565
21227  -20.935  -67.144  52.617 4.642881
21228  -17.833  -67.056  50.317 4.460292
21229  -18.529  -67.465  51.159 4.795793
21230  -16.784  -67.396  50.422 4.760597
21231  -15.889  -67.712  50.436 4.988189
21232  -15.601  -67.683  49.366 4.594139
21233  -15.100  -68.546  48.078 4.268967
21234  -15.575  -67.737  48.224 4.108970
21240  -23.160  -61.480  51.465 3.436137
21241  -22.814  -62.133  51.878 3.544810
21242  -23.067  -62.461  50.752 3.932280
21243  -24.009  -64.010  48.964 4.565398
21244  -23.720  -63.699  49.950 4.535767
21245  -23.587  -64.595  49.280 4.444281
21246  -23.034  -65.237  49.442 4.279490
21247  -22.645  -65.294  48.155 4.177045
21248  -23.316  -63.651  43.634 4.727532
21249  -23.453  -64.225  45.027 4.647398
21250  -22.523  -63.448  44.121 4.634830
21251  -19.875  -63.403  44.118 3.798654
21252  -20.830  -63.265  44.924 4.023025
21253  -19.997  -63.737  45.360 3.651766
21254  -20.115  -64.174  46.373 3.580184
21330  -29.677  -70.367  35.612 3.430670
21331  -29.372  -69.435  34.290 3.625307
21332  -30.255  -70.730  33.734 3.499041
23093  -13.647  -70.333  57.781 3.842765
23094  -13.353  -70.314  56.413 4.189709
23095  -14.345  -70.030  57.075 4.053767
23096  -14.991  -69.725  56.331 4.237006
23097  -15.521  -69.265  55.525 4.410489
23101  -14.025  -69.934  59.355 3.494758
24118  -22.022  -62.861  53.382 3.480704
24119  -22.252  -63.267  52.338 3.839601
24121  -24.991  -64.286  39.845 3.877012
24122  -25.519  -64.543  38.562 3.668112
24123  -25.346  -64.204  37.272 4.090882
24124  -25.050  -63.985  36.204 4.385620
24125  -24.871  -63.901  35.056 4.400136
24126  -25.786  -64.872  34.973 4.257397
24127  -26.680  -65.836  33.718 4.130949
24128  -27.807  -66.895  32.722 3.958941
24646  -12.158  -71.295  50.064 4.298041
24647  -12.052  -72.279  49.589 3.967960
24648  -12.635  -71.755  49.068 3.933621
24649  -13.213  -72.051  48.155 3.489138
26615  -18.748  -63.438  62.961 3.868519
26616  -18.927  -64.621  62.808 3.925697
26617  -19.496  -63.561  63.266 3.976026
26618  -20.219  -63.754  63.242 3.971991
26619  -20.870  -63.942  62.954 3.872813
26855  -17.840  -62.120  61.780 3.521972
26856  -18.328  -62.687  62.539 3.743573
27706  -19.468  -67.234  56.998 4.313289
27707  -19.172  -67.971  56.248 4.447123
27708  -19.632  -67.621  55.899 4.478453
27709  -19.694  -67.843  54.963 4.653275
27710  -19.511  -67.905  53.980 4.823753
27711  -21.552  -66.683  51.508 4.427883
27712  -20.871  -67.158  51.670 4.556397
27713  -20.523  -67.133  50.642 4.324594
27714  -18.926  -66.844  50.002 4.183021
27715  -17.218  -66.648  49.371 4.030521
27716  -16.189  -66.990  48.378 3.858520
27717  -16.841  -66.405  48.343 3.608336
27720  -23.446  -62.054  48.932 4.171739
27721  -23.478  -62.548  49.782 4.269959
27722  -24.008  -62.672  48.721 4.494254
27723  -24.290  -63.410  48.306 4.618417
27724  -24.031  -64.350  47.706 4.563511
27725  -21.989  -62.456  42.013 4.734660
27726  -21.811  -62.906  43.354 4.570408
27727  -20.980  -62.699  42.541 4.404509
27728  -19.986  -63.034  42.888 3.968175
27729  -19.185  -63.513  43.078 3.515785
28925  -10.104  -71.767  54.379 3.962991
28926  -10.158  -72.239  52.765 4.069379
28927  -10.746  -71.601  53.595 4.221656
28928  -11.209  -71.309  52.888 4.379405
28929  -11.577  -71.129  52.135 4.464924
28930  -12.748  -70.219  54.857 4.454939
28931  -12.166  -70.296  53.050 4.575313
28932  -11.901  -70.771  51.330 4.522071
28933  -12.482  -70.348  50.816 4.593417
28934  -13.049  -69.887  50.355 4.706223
28935  -13.624  -69.412  49.929 4.857679
28945  -10.319  -71.242  56.410 3.689058
30461  -20.468  -59.671  63.154 3.444110
30462  -20.851  -60.668  63.839 3.740402
30463  -21.113  -59.772  64.001 3.460337
30464  -21.791  -60.009  64.479 3.437544
31309  -20.918  -65.535  55.979 3.746902
31310  -20.676  -66.434  55.138 4.131848
31311  -21.048  -65.804  54.922 3.924889
31312  -21.141  -65.927  54.067 4.131234
31313  -21.437  -65.918  53.114 4.317781
31314  -21.464  -64.446  53.683 3.806685
31315  -21.632  -65.311  52.931 4.210265
31316  -21.782  -65.999  52.304 4.417737
31317  -21.991  -66.077  51.469 4.380878
31318  -22.048  -66.318  50.542 4.213143
31319  -21.595  -66.224  49.528 3.977735
31320  -25.200  -63.626  44.618 4.320340
31321  -24.856  -63.854  45.217 4.542318
31322  -24.688  -64.375  44.079 4.449146
31323  -24.022  -64.020  43.174 4.614203
31324  -23.543  -63.085  42.173 4.779660
31325  -24.427  -63.458  40.152 4.410014
31326  -23.831  -62.845  40.615 4.763692
31327  -22.947  -62.466  41.321 4.872492
31328  -22.244  -62.224  40.418 4.804849
31329  -21.569  -62.252  39.291 4.512146
31330  -21.122  -62.493  37.991 3.997134
31332  -21.893  -62.720  36.156 3.762281
31333  -22.836  -63.067  34.355 3.460773
31335  -24.898  -63.937  33.789 4.090093
31336  -24.943  -64.172  32.495 3.529755
32512  -10.204  -72.965  51.367 3.984788
32513  -10.643  -74.116  50.348 3.728990
32515  -12.052  -73.212  49.325 3.626482
33677  -23.176  -61.329  49.560 3.720627
33678  -23.387  -61.679  48.367 4.041403
33679  -23.949  -61.907  47.221 4.242366
33680  -24.590  -62.116  46.238 4.295365
33687  -23.792  -61.398  45.843 3.765407
33688  -24.580  -61.927  45.504 4.048007
33689  -25.167  -62.721  45.160 4.209540
33690  -25.616  -63.511  44.025 4.007482
33691  -25.575  -64.303  42.985 3.713350
36581  -16.770  -67.963  60.539 3.517776
36582  -17.120  -68.772  58.982 3.703853
36583  -17.515  -67.864  60.122 3.708317
36584  -18.149  -67.699  59.562 3.918418
36585  -18.691  -67.340  59.047 4.083643
36586  -19.269  -65.950  61.691 3.970716
36587  -19.231  -66.690  60.023 4.046585
36588  -19.123  -66.958  58.515 4.164692
36589  -19.492  -66.663  58.008 4.148027
36590  -19.859  -66.284  57.627 4.039230
36591  -20.250  -65.889  57.364 3.855195
36592  -21.124  -61.868  64.007 3.855583
36593  -21.407  -62.984  63.611 3.813725
36594  -21.542  -63.931  62.239 3.699620
36596  -22.046  -63.599  61.549 3.471012
36597  -21.260  -64.436  60.687 3.593737
36598  -20.938  -64.700  59.420 3.539601
36599  -20.739  -64.937  58.302 3.548894
36600  -20.743  -65.298  57.134 3.619302
38774  -17.159  -69.085  57.693 3.967347
38775  -16.967  -69.149  56.450 4.272951
38776  -16.283  -68.868  55.173 4.572795
38777  -18.461  -68.457  55.607 4.574261
38778  -17.097  -68.556  54.798 4.710629
38779  -15.614  -68.668  53.861 4.833179
38780  -14.993  -68.549  52.557 5.023896
38781  -14.501  -68.569  51.294 5.099462
38782  -14.311  -68.712  50.125 5.004150
38783  -20.594  -67.075  54.455 4.464496
38784  -20.216  -67.574  53.741 4.731175
38785  -19.285  -67.876  52.962 4.948607
38786  -19.999  -67.497  51.831 4.750097
38787  -18.954  -67.667  52.075 4.959294
38788  -17.984  -67.936  52.272 5.118210
38789  -16.316  -67.847  51.484 5.188246
38790  -15.062  -68.216  50.329 5.069508
38791  -14.437  -69.157  48.895 4.715590
38792  -14.739  -69.258  47.963 4.286558
38793  -15.012  -69.428  46.632 3.819657
38795  -15.608  -67.762  46.799 3.644422
38802  -22.556  -62.701  52.121 3.683090
38803  -22.680  -63.484  51.510 4.170272
38804  -23.380  -63.135  50.283 4.350074
38805  -23.186  -63.681  50.724 4.412370
38806  -23.038  -64.235  51.128 4.442853
38807  -23.023  -64.984  50.527 4.392165
38808  -22.340  -65.809  49.478 4.108578
38809  -21.024  -65.697  48.492 3.756878
38810  -24.372  -64.164  45.918 4.635711
38811  -23.787  -64.382  46.351 4.585071
38812  -23.011  -64.608  46.520 4.407696
38813  -21.742  -63.350  44.521 4.376304
38814  -21.851  -63.888  45.659 4.219903
38815  -22.197  -64.622  46.865 4.148719
38816  -21.297  -64.710  47.142 3.865676
38817  -20.394  -64.914  47.350 3.614309
38818  -19.584  -65.147  47.648 3.440373
38909  -28.199  -68.190  34.861 3.629295
38910  -28.746  -68.196  33.270 3.826046
38911  -29.028  -68.278  31.792 3.696556
40989  -15.937  -69.254  59.149 3.566596
40990  -15.956  -69.453  58.522 3.682465
40991  -16.414  -69.209  58.761 3.641316
40992  -16.059  -68.704  59.933 3.491985
40993  -15.649  -69.026  59.638 3.494079
41563  -26.685  -66.501  35.959 3.526261
41849  -9.136  -72.643  53.384 3.671615
41850  -9.225  -73.046  52.663 3.677636
41851  -9.578  -72.626  53.030 3.827135
41852  -13.626  -70.131  48.945 4.514737
41853  -13.539  -70.575  48.584 4.261028
41854  -13.858  -70.360  48.480 4.329365
41855  -14.157  -70.430  48.015 4.120359
41856  -14.133  -70.045  48.346 4.401135
41860  -9.579  -71.917  54.649 3.722834
41861  -9.220  -71.832  55.232 3.532256
41862  -9.181  -72.200  54.278 3.622112
41863  -8.845  -72.504  54.108 3.492342
42947  -19.993  -61.029  62.967 3.818753
42948  -20.109  -61.550  63.296 3.906863
42949  -20.310  -61.089  63.363 3.838832
43077  -19.940  -60.262  62.591 3.573600
43078  -19.491  -60.437  62.115 3.533788
43079  -19.767  -60.720  62.554 3.692482
43080  -19.583  -61.181  62.540 3.777797
43552  -20.271  -66.389  56.291 4.075752
43553  -20.155  -66.819  55.867 4.232654
43554  -20.360  -66.574  55.768 4.147787
43555  -20.570  -66.280  49.138 3.785092
43556  -20.079  -66.344  49.202 3.788946
43557  -19.762  -65.996  48.701 3.638324
43558  -18.940  -65.809  48.346 3.505852
43559  -19.434  -65.650  48.225 3.504559
43560  -24.890  -62.626  46.530 4.475896
43561  -24.830  -62.798  46.883 4.549945
43562  -25.070  -63.069  46.284 4.532033
43563  -20.293  -62.652  39.057 3.844710
43564  -20.060  -62.731  39.890 3.879394
43565  -19.858  -62.934  39.155 3.605993
44249  -12.186  -70.739  56.629 3.995522
44250  -11.950  -70.738  55.819 4.157058
44251  -12.511  -70.589  56.316 4.125942
44252  -14.488  -69.236  54.552 4.614855
44253  -13.917  -69.409  54.126 4.653742
44254  -14.170  -69.149  53.695 4.726925
44255  -13.884  -69.078  52.883 4.810338
44256  -14.447  -68.929  53.278 4.799695
44260  -12.990  -70.450  57.917 3.768966
44261  -12.730  -70.371  58.374 3.618091
44262  -12.482  -70.592  57.474 3.812435
44263  -11.992  -70.755  57.090 3.846332
45955  -22.170  -64.049  52.099 4.141733
45956  -22.122  -64.365  52.201 4.193682
45957  -22.416  -64.419  51.903 4.310111
45958  -22.578  -64.761  51.741 4.402834
45959  -22.672  -64.453  51.622 4.393953
45960  -25.076  -65.039  41.841 3.712569
45961  -24.854  -64.762  41.887 3.972256
45962  -24.854  -64.767  41.248 3.840995
45963  -24.345  -63.243  37.101 4.598512
45964  -24.093  -62.997  37.873 4.676763
45965  -23.884  -62.899  37.334 4.683621
45966  -23.411  -62.618  37.618 4.709697
45967  -23.715  -62.863  36.765 4.615984
45968  -23.585  -62.881  36.209 4.471622
45969  -24.045  -63.160  35.983 4.510902
45970  -27.529  -66.384  31.892 3.827542
45971  -27.072  -65.863  31.764 3.767628
45972  -27.668  -66.473  31.167 3.613119
45974  -28.104  -67.080  30.634 3.444036
46837  -11.356  -71.906  50.954 4.293908
46838  -11.245  -72.377  50.643 4.173586
46839  -11.371  -72.240  50.163 4.162936
47758  -23.150  -60.882  47.865 3.525699
47759  -23.166  -60.627  47.517 3.402766
47766  -25.117  -61.994  44.121 3.540130
47767  -25.510  -62.356  43.772 3.434571
47768  -25.782  -62.811  43.676 3.456979
50117  -17.966  -64.991  62.484 3.706232
50118  -18.153  -65.733  62.083 3.755784
50119  -18.317  -65.055  62.484 3.808128
50120  -20.616  -64.897  61.717 3.871900
50121  -20.363  -65.392  61.258 3.917023
50122  -20.518  -65.277  60.886 3.852255
50123  -20.355  -65.495  60.110 3.845494
50124  -20.730  -65.074  60.576 3.769299
50125  -22.517  -61.239  64.379 3.504473
50126  -22.368  -61.748  64.163 3.580120
50127  -22.741  -61.658  64.081 3.479612
50517  -17.974  -64.021  62.747 3.714768
50518  -17.432  -64.164  62.645 3.586267
50519  -17.723  -64.527  62.648 3.651816
50520  -17.454  -65.207  62.362 3.588943
51937  -18.693  -67.833  57.643 4.194726
51938  -18.431  -68.219  57.234 4.225008
51939  -18.739  -68.002  56.986 4.296824
51940  -18.582  -68.129  53.686 4.945168
51941  -18.140  -68.180  53.774 4.941820
51942  -17.867  -68.138  53.240 5.036795
51943  -17.113  -68.152  52.829 5.114577
51944  -17.578  -68.069  52.743 5.113702
51945  -21.305  -66.562  52.820 4.491266
51946  -21.081  -66.860  52.901 4.559014
51947  -21.248  -66.867  52.527 4.568762
51948  -16.995  -67.040  49.909 4.404029
51949  -17.296  -67.232  50.366 4.613332
51950  -16.521  -67.266  49.958 4.557092
51951  -16.077  -67.481  49.916 4.696734
51952  -15.927  -67.405  49.425 4.472168
51953  -15.579  -67.692  48.861 4.355057
51954  -15.862  -67.414  48.846 4.231449
51960  -23.100  -61.668  50.823 3.633381
51961  -23.057  -61.966  51.095 3.684283
51962  -23.178  -62.135  50.502 3.879432
51963  -23.906  -64.416  48.564 4.499311
51964  -23.830  -64.306  49.154 4.512135
51965  -23.561  -64.708  48.675 4.417594
51966  -23.209  -64.974  48.758 4.323505
51967  -23.033  -65.064  48.012 4.292014
51968  -23.009  -63.146  43.140 4.762764
51969  -22.929  -63.499  43.887 4.705461
51970  -22.597  -63.138  43.449 4.711411
51971  -19.471  -63.597  44.242 3.593991
51972  -19.886  -63.615  44.756 3.718630
51973  -19.476  -63.803  44.928 3.530025
51974  -19.546  -63.969  45.501 3.480608
52050  -30.223  -71.111  35.308 3.428311
52051  -30.036  -70.536  34.640 3.498347
52052  -30.463  -71.256  34.404 3.442832
53849  -14.071  -70.209  58.079 3.777644
53850  -13.986  -70.198  57.417 3.953449
53851  -14.449  -69.986  57.750 3.880215
53852  -15.809  -69.627  57.226 3.990192
53853  -15.269  -69.752  56.981 4.067791
53854  -15.579  -69.593  56.618 4.158978
53855  -15.262  -69.515  55.971 4.324625
53856  -15.850  -69.381  56.206 4.249917
53860  -14.785  -69.697  59.164 3.559595
53861  -14.484  -69.583  59.651 3.458003
53862  -14.315  -69.987  58.887 3.609559
53863  -13.782  -70.213  58.547 3.664012
55558  -22.122  -63.097  52.822 3.659783
55559  -22.314  -62.768  52.733 3.577274
55561  -25.523  -64.739  39.194 3.461376
55563  -25.893  -65.118  36.709 3.775820
55564  -25.673  -64.761  37.271 3.819568
55565  -25.562  -64.593  36.696 4.033746
55566  -25.184  -64.104  36.756 4.265355
55567  -25.464  -64.455  36.155 4.207781
55568  -25.383  -64.395  35.595 4.319322
55569  -25.748  -64.895  35.610 4.160477
55570  -26.912  -66.426  34.521 3.938537
55571  -26.552  -65.871  34.376 4.083301
55572  -27.072  -66.377  33.849 4.040391
55573  -27.214  -66.323  33.182 4.054004
55574  -27.623  -66.891  33.401 3.983660
56432  -9.424  -73.978  51.391 3.562465
56434  -9.580  -74.526  50.860 3.449052
56436  -10.030  -74.527  50.503 3.511897
56437  -12.516  -71.032  49.921 4.312566
56438  -12.378  -71.568  49.540 4.130300
56439  -12.655  -71.322  49.237 4.138272
56440  -13.570  -71.346  48.132 3.739428
56441  -13.204  -71.673  48.331 3.718338
56442  -13.594  -71.773  47.862 3.492073
56447  -14.708  -70.605  46.844 3.676787
56449  -14.925  -70.778  46.123 3.462270
56451  -15.053  -70.413  45.837 3.523285
59717  -19.043  -62.933  62.982 3.902472
59718  -19.120  -63.521  63.151 3.936748
59719  -19.410  -62.998  63.204 3.958221
59720  -20.359  -62.696  63.606 3.970877
59721  -20.100  -63.185  63.470 3.984933
59722  -20.446  -63.246  63.482 3.959716
59723  -20.552  -63.845  63.128 3.932967
59724  -20.800  -63.333  63.439 3.912083
60110  -18.519  -60.824  61.290 3.405496
60116  -18.108  -61.701  61.596 3.516021
60117  -19.092  -62.084  62.660 3.851360
60118  -18.621  -62.204  62.421 3.762033
60119  -18.837  -62.565  62.740 3.845629
60120  -18.549  -63.058  62.775 3.817403
61537  -19.587  -67.117  56.798 4.307691
61538  -19.544  -67.440  56.412 4.394332
61539  -19.685  -67.289  56.256 4.384220
61540  -20.169  -67.417  55.151 4.509414
61541  -19.935  -67.625  55.276 4.546374
61542  -19.948  -67.661  54.840 4.629595
61543  -19.636  -67.859  54.491 4.740839
61544  -19.906  -67.718  54.390 4.710708
61545  -21.430  -66.748  51.002 4.336508
61546  -21.106  -67.002  51.019 4.384687
61547  -20.908  -66.924  50.571 4.257234
61548  -19.081  -66.490  49.446 3.889750
61549  -19.418  -66.798  49.852 4.076071
61550  -18.573  -66.590  49.577 3.985771
61551  -18.078  -66.647  49.777 4.108109
61552  -17.732  -66.471  49.267 3.898331
61553  -17.002  -66.509  48.877 3.813068
61554  -17.438  -66.279  48.772 3.695566
61560  -23.729  -62.127  48.422 4.301934
61561  -23.735  -62.400  48.812 4.355249
61562  -24.020  -62.437  48.339 4.452515
61563  -24.580  -63.348  47.511 4.628458
61564  -24.407  -63.155  48.024 4.615088
61565  -24.432  -63.615  47.759 4.630898
61566  -24.241  -63.919  48.059 4.609005
61567  -24.268  -64.036  47.432 4.612496
61568  -21.578  -62.378  41.572 4.652098
61569  -21.493  -62.567  42.277 4.588639
61570  -21.066  -62.502  41.820 4.476366
61571  -19.699  -62.929  41.574 3.854321
61572  -20.054  -62.869  42.192 4.040751
61573  -19.645  -63.098  42.298 3.804286
61574  -19.564  -63.262  42.993 3.738822
61575  -19.299  -63.357  42.380 3.569926
63629  -10.437  -71.541  54.812 4.007638
63630  -10.459  -71.697  54.052 4.105591
63631  -10.765  -71.459  54.473 4.147952
63632  -11.562  -70.875  54.213 4.379284
63633  -11.248  -71.171  53.784 4.355340
63634  -11.494  -70.975  53.333 4.427128
63635  -11.416  -71.222  52.523 4.428589
63636  -11.682  -70.856  53.003 4.483415
63637  -13.590  -70.128  56.073 4.287032
63638  -13.079  -70.269  55.669 4.337199
63639  -13.268  -70.075  55.307 4.424452
63640  -12.803  -69.844  53.119 4.661699
63641  -12.621  -70.074  53.567 4.599907
63642  -12.332  -70.132  52.668 4.627812
63643  -11.990  -70.562  52.135 4.570859
63644  -12.176  -70.301  51.783 4.612519
63645  -12.172  -70.515  51.033 4.553736
63646  -12.438  -70.119  51.461 4.658806
63647  -13.375  -69.263  51.400 4.874612
63648  -13.013  -69.682  50.987 4.776061
63649  -13.328  -69.461  50.768 4.848054
63650  -13.340  -69.668  50.134 4.778835
63651  -13.619  -69.215  50.576 4.925966
63670  -10.989  -71.142  56.181 3.877082
63671  -10.800  -71.079  56.780 3.700046
63672  -10.563  -71.321  55.800 3.869670
63673  -10.201  -71.504  55.345 3.843603
66918  -20.798  -59.698  63.599 3.456590
66923  -22.137  -60.052  64.594 3.407625
68737  -21.067  -65.115  55.883 3.624813
68738  -20.958  -65.683  55.426 3.830443
68739  -21.076  -65.306  55.334 3.714812
68740  -21.259  -65.169  54.319 3.835475
68741  -21.147  -65.544  54.390 3.930351
68742  -21.214  -65.622  53.922 4.047020
68743  -21.293  -65.912  53.591 4.231001
68744  -21.333  -65.579  53.463 4.160469
68745  -21.776  -63.415  54.037 3.478426
68746  -21.582  -63.879  54.079 3.564993
68747  -21.603  -64.007  53.563 3.727544
68748  -21.991  -64.988  52.501 4.272881
68749  -21.801  -64.923  52.919 4.160275
68750  -21.934  -65.344  52.582 4.306396
68751  -21.789  -65.680  52.608 4.341650
68752  -21.949  -65.692  52.250 4.391573
68753  -21.890  -66.038  51.917 4.417631
68754  -22.049  -65.689  51.835 4.405956
68755  -22.453  -65.534  50.996 4.355333
68756  -22.235  -65.848  51.021 4.326517
68757  -22.249  -65.953  50.482 4.242860
68758  -21.828  -66.316  50.048 4.098662
68759  -22.145  -66.018  50.051 4.142105
68760  -25.146  -63.988  43.972 4.229906
68761  -24.974  -64.038  44.387 4.379948
68762  -24.925  -64.347  43.718 4.299853
68763  -24.396  -64.044  42.223 4.420365
68764  -24.275  -64.263  42.996 4.481474
68765  -24.100  -63.731  42.409 4.585936
68766  -23.754  -63.504  42.631 4.700796
68767  -23.903  -63.249  41.842 4.689482
68768  -24.932  -63.953  39.259 4.060674
68769  -24.715  -63.851  39.992 4.159581
68770  -24.614  -63.519  39.421 4.328162
68771  -23.618  -62.621  39.469 4.801169
68772  -23.904  -62.873  39.893 4.726070
68773  -23.474  -62.586  40.218 4.836943
68774  -23.390  -62.582  40.958 4.850323
68775  -23.046  -62.392  40.549 4.882752
68776  -22.617  -62.304  40.895 4.863907
68777  -22.728  -62.278  40.093 4.866836
68778  -22.368  -62.313  38.179 4.590446
68779  -22.088  -62.236  39.063 4.655565
68780  -21.856  -62.294  38.427 4.454957
68781  -21.333  -62.335  38.680 4.279115
68782  -21.662  -62.391  37.777 4.196867
68783  -21.485  -62.583  37.083 3.891711
68784  -22.017  -62.543  36.866 4.086418
68785  -23.367  -63.009  34.901 3.978684
68786  -22.848  -62.893  35.120 3.808742
68787  -23.343  -63.134  34.220 3.655552
68789  -23.843  -63.474  33.408 3.500257
68790  -25.305  -64.325  34.318 4.299625
68791  -24.853  -63.851  34.439 4.283189
68792  -25.372  -64.354  33.715 4.163978
68793  -26.179  -64.984  31.657 3.540959
68794  -25.525  -64.469  32.424 3.688524
71392  -10.457  -72.172  52.341 4.161530
71393  -10.159  -72.565  51.986 4.050561
71394  -10.455  -72.524  51.646 4.117058
71395  -11.040  -73.411  50.235 3.891867
71396  -10.744  -73.573  50.541 3.895539
71397  -11.023  -73.927  50.161 3.728891
71398  -10.955  -74.406  50.036 3.551425
71399  -11.366  -74.163  49.844 3.534489
71400  -12.314  -72.497  49.118 3.761288
71401  -12.038  -72.753  49.443 3.798254
71402  -12.359  -72.945  49.053 3.579378
74150  -23.235  -60.708  49.821 3.418507
74151  -23.166  -60.915  50.007 3.480830
74152  -23.166  -61.099  49.377 3.657263
74153  -23.256  -61.489  48.969 3.892486
74154  -23.189  -61.291  48.745 3.819560
74155  -23.469  -61.521  47.148 3.963376
74156  -23.616  -61.659  47.483 4.068498
74157  -23.837  -61.768  46.886 4.142849
74158  -24.239  -61.967  46.724 4.287404
74159  -24.195  -61.819  46.409 4.179573
74175  -23.487  -60.862  45.726 3.427634
74176  -23.415  -61.044  46.074 3.574359
74177  -23.835  -61.262  45.531 3.620016
74178  -25.016  -62.101  44.732 3.850758
74179  -24.652  -61.809  45.180 3.907042
74180  -24.968  -62.170  45.054 4.000041
74181  -24.921  -62.216  45.354 4.140374
74182  -25.266  -62.625  44.882 4.067912
74183  -25.420  -63.106  44.628 4.121613
74184  -25.551  -63.037  44.342 3.963707
74185  -25.928  -63.800  43.149 3.476564
74186  -25.759  -63.845  43.313 3.674245
74187  -25.776  -64.292  42.863 3.498698
74188  -25.587  -64.789  42.498 3.542069
81227  -17.091  -67.413  61.030 3.527133
81228  -17.192  -67.913  60.343 3.605741
81229  -17.437  -67.394  60.908 3.626281
81230  -18.425  -66.933  60.916 3.864192
81231  -18.125  -67.371  60.397 3.836861
81232  -18.420  -67.277  60.089 3.931483
81233  -18.468  -67.542  59.271 4.009732
81234  -18.678  -67.138  59.800 4.009843
81235  -19.388  -64.726  62.757 3.966280
81236  -19.162  -65.298  62.319 3.946374
81237  -19.503  -65.370  62.172 3.977218
81238  -19.714  -66.193  60.243 4.013523
81239  -19.532  -66.321  60.589 4.021129
81240  -19.316  -66.515  59.798 4.059585
81241  -19.120  -66.810  59.296 4.100790
81242  -19.300  -66.657  59.036 4.109269
81243  -19.275  -66.808  58.272 4.168571
81244  -19.501  -66.507  58.778 4.092851
81245  -20.152  -65.852  58.729 3.874720
81246  -19.868  -66.174  58.274 3.990717
81247  -20.048  -65.942  58.098 3.909300
81248  -20.034  -66.076  57.505 3.955270
81249  -20.246  -65.678  57.962 3.811159
81250  -21.119  -60.797  64.122 3.724345
81251  -20.937  -61.297  63.968 3.821271
81252  -21.279  -61.412  64.158 3.785704
81253  -22.025  -62.527  63.693 3.686793
81254  -21.619  -62.540  63.855 3.776236
81255  -21.807  -63.018  63.409 3.725409
81256  -21.447  -63.552  62.980 3.759949
81257  -21.863  -63.487  62.675 3.660074
81263  -21.852  -63.709  60.797 3.402404
81264  -21.638  -64.030  61.081 3.527477
81265  -21.431  -64.131  60.401 3.474696
81266  -21.058  -64.564  60.084 3.558925
81267  -21.348  -64.255  59.819 3.436392
81269  -21.092  -64.515  58.688 3.408727
81270  -21.000  -64.656  58.153 3.419742
81271  -20.690  -65.137  57.728 3.576723
81272  -20.915  -64.772  57.602 3.447005
81273  -20.945  -64.925  57.044 3.490360
82437  -17.065  -66.518  61.740 3.485725
82439  -16.839  -67.119  61.389 3.455125
82440  -16.509  -67.667  60.978 3.443784
86692  -17.450  -68.627  58.700 3.807159
86693  -17.149  -68.996  58.301 3.827082
86694  -17.465  -68.840  57.992 3.932869
86695  -17.852  -68.810  56.603 4.306875
86696  -17.484  -68.979  56.788 4.215647
86697  -17.340  -68.956  56.234 4.362304
86698  -16.662  -69.010  55.823 4.426020
86699  -17.002  -68.824  55.600 4.506708
86700  -19.214  -68.074  55.734 4.546391
86701  -18.871  -68.248  55.928 4.509855
86702  -18.825  -68.291  55.417 4.618729
86703  -17.267  -68.386  54.041 4.884889
86704  -17.573  -68.486  54.635 4.765465
86705  -16.804  -68.480  54.209 4.835989
86706  -16.345  -68.606  54.380 4.776803
86707  -16.040  -68.523  53.763 4.896935
86708  -15.286  -68.590  53.223 4.939596
86709  -15.750  -68.452  53.100 5.002015
86710  -15.594  -68.192  51.957 5.187666
86711  -15.132  -68.353  51.929 5.141557
86712  -14.896  -68.376  51.374 5.159428
86713  -14.349  -68.647  50.706 5.076044
86714  -14.707  -68.402  50.810 5.131434
86715  -20.842  -66.503  54.672 4.217668
86716  -20.636  -66.788  54.810 4.306619
86717  -20.757  -66.808  54.350 4.386750
86718  -20.585  -67.391  53.159 4.708458
86719  -20.503  -67.332  53.625 4.666319
86720  -20.233  -67.620  53.268 4.780963
86721  -19.802  -67.781  53.366 4.844985
86722  -19.733  -67.721  52.892 4.882781
86723  -20.302  -67.286  51.303 4.550496
86724  -20.458  -67.332  51.779 4.647527
86725  -19.828  -67.421  51.374 4.660822
86726  -17.942  -67.539  51.288 4.926385
86727  -18.773  -67.570  51.628 4.901146
86728  -18.180  -67.684  51.790 5.012345
86729  -18.462  -67.817  52.192 5.048898
86730  -17.743  -67.786  51.874 5.104834
86731  -17.171  -67.896  51.902 5.171067
86732  -16.903  -67.762  51.437 5.131015
86733  -15.372  -67.955  49.841 4.887995
86734  -15.492  -67.967  50.397 5.049153
86735  -15.023  -68.286  49.737 4.924529
86736  -14.656  -68.602  49.636 4.920682
86737  -14.702  -68.760  49.041 4.742889
86738  -14.554  -69.242  48.418 4.512542
86739  -14.817  -68.800  48.598 4.529797
86740  -15.176  -68.558  47.438 4.025213
86741  -15.011  -68.944  47.394 4.055470
86742  -15.116  -69.001  46.698 3.820790
86743  -15.085  -69.543  45.902 3.599145
86744  -15.285  -69.113  45.900 3.599408
86745  -16.083  -67.003  47.614 3.639636
86746  -15.829  -67.336  47.596 3.758206
86747  -15.823  -67.368  46.852 3.544618
86763  -22.821  -62.646  51.532 3.801854
86764  -22.680  -62.407  52.025 3.610413
86765  -22.709  -62.924  51.689 3.869430
86766  -22.578  -63.132  51.789 3.940752
86767  -22.764  -63.281  51.373 4.109818
86768  -23.638  -62.832  49.554 4.433335
86769  -23.395  -62.819  50.044 4.311847
86770  -23.609  -63.128  49.827 4.460063
86771  -23.585  -64.056  50.170 4.515849
86772  -23.476  -63.740  50.317 4.488666
86773  -23.337  -64.002  50.579 4.488647
86774  -23.086  -63.912  50.985 4.432621
86775  -23.216  -64.288  50.788 4.477829
86776  -23.087  -64.578  50.947 4.456347
86777  -23.208  -64.684  50.498 4.442096
86778  -22.519  -65.490  48.866 4.119312
86779  -22.679  -65.483  49.444 4.192007
86780  -22.062  -65.674  48.912 4.020820
86781  -21.720  -65.888  49.017 3.932736
86782  -21.397  -65.601  48.405 3.843846
86783  -24.550  -64.245  44.922 4.588091
86784  -24.631  -64.041  45.559 4.606759
86785  -24.288  -64.279  45.230 4.636381
86786  -23.013  -64.111  45.143 4.588847
86787  -23.604  -64.314  45.687 4.611760
86788  -23.192  -64.340  45.771 4.542401
86789  -23.419  -64.586  46.417 4.509898
86790  -22.777  -64.317  45.876 4.441271
86791  -21.316  -62.979  43.595 4.405257
86792  -21.774  -63.171  43.959 4.472606
86793  -21.271  -63.133  44.159 4.303310
86794  -20.928  -63.630  45.495 3.947501
86795  -21.353  -63.579  45.300 4.123051
86796  -21.468  -63.937  45.836 4.059140
86797  -21.997  -64.263  46.184 4.171892
86798  -21.586  -64.281  46.372 4.019457
86799  -21.787  -64.675  47.052 4.006556
86800  -21.137  -64.295  46.572 3.865747
86801  -19.689  -64.340  46.489 3.445523
86802  -20.223  -64.531  46.841 3.583150
86803  -19.832  -64.682  47.008 3.466569
86804  -19.970  -65.017  47.465 3.515321
87031  -27.883  -68.128  35.689 3.428667
87032  -28.428  -68.711  35.405 3.482281
87033  -29.614  -69.528  33.435 3.660462
87034  -29.102  -68.865  33.766 3.729392
87035  -29.286  -68.877  32.942 3.737670
87036  -28.900  -68.213  32.520 3.800537
87037  -29.404  -68.929  32.098 3.666967
92213  -15.039  -69.738  58.683 3.651556
92214  -14.975  -69.831  58.030 3.806914
92215  -15.441  -69.652  58.298 3.739152
92216  -15.955  -69.605  57.842 3.827779
92217  -16.367  -69.521  57.459 3.920894
92220  -15.327  -68.834  60.183 3.416347
92221  -15.227  -69.376  59.353 3.519175
93243  -26.206  -65.577  36.868 3.507599
93244  -26.131  -65.510  36.239 3.753711
93245  -26.065  -65.426  35.660 3.966682
93246  -26.421  -65.982  35.786 3.750453
93247  -26.771  -66.468  35.249 3.759863
93248  -27.202  -66.950  34.796 3.772913
93763  -8.892  -73.474  52.365 3.501057
93764  -9.343  -73.443  52.012 3.640288
93765  -9.682  -73.476  51.516 3.749904
93766  -13.009  -70.571  49.345 4.385008
93767  -12.898  -71.084  48.940 4.162400
93768  -13.180  -70.854  48.757 4.203838
93769  -13.549  -70.959  48.342 3.998534
93770  -13.918  -71.092  47.911 3.779337
93771  -14.301  -71.204  47.494 3.556797
93772  -14.211  -70.839  47.704 3.834672
93773  -14.453  -70.478  47.516 3.899128
93774  -14.636  -70.113  47.325 3.963808
93780  -9.587  -71.302  56.491 3.462213
93782  -9.231  -71.510  56.101 3.408305
95735  -19.548  -61.930  62.922 3.912737
95736  -19.684  -62.487  63.220 3.962968
95737  -19.928  -62.010  63.235 3.947133
95738  -20.277  -62.113  63.547 3.956085
95739  -20.585  -62.198  63.721 3.941462
95972  -19.024  -60.600  61.739 3.478488
95973  -18.833  -61.055  61.806 3.570651
95974  -18.616  -61.480  61.889 3.627662
95975  -19.109  -61.355  62.186 3.714561
95976  -19.330  -61.630  62.577 3.829974
96826  -19.893  -66.772  56.534 4.230301
96827  -19.865  -67.146  56.117 4.353015
96828  -20.010  -67.021  55.968 4.301887
96829  -20.261  -67.166  55.455 4.377554
96830  -20.364  -67.205  55.028 4.455552
96831  -21.142  -66.778  50.047 4.078208
96832  -20.700  -66.851  50.117 4.108469
96833  -20.386  -66.624  49.674 3.948827
96834  -19.581  -66.409  49.320 3.823678
96835  -18.744  -66.189  48.996 3.707633
96836  -17.850  -66.058  48.657 3.602643
96837  -18.388  -65.923  48.504 3.538668
96840  -24.238  -62.222  47.483 4.455975
96841  -24.295  -62.479  47.894 4.515131
96842  -24.595  -62.583  47.465 4.546000
96843  -24.756  -63.052  47.204 4.601285
96844  -24.695  -63.579  46.882 4.628561
96845  -20.808  -62.414  40.445 4.341355
96846  -20.645  -62.507  41.272 4.320118
96847  -20.311  -62.597  40.591 4.119833
96848  -19.885  -62.828  40.737 3.881370
96849  -19.492  -63.106  40.889 3.636884
98081  -11.208  -71.149  55.729 4.035167
98082  -11.111  -71.246  54.998 4.169394
98083  -11.533  -71.014  55.453 4.171949
98084  -11.758  -70.821  55.049 4.287541
98085  -12.025  -70.610  54.718 4.384162
98086  -14.058  -69.718  55.335 4.458176
98087  -13.472  -69.853  54.927 4.504306
98088  -13.707  -69.658  54.490 4.579967
98089  -13.374  -69.594  53.576 4.670316
98090  -13.032  -69.634  52.725 4.724566
98091  -12.762  -69.739  51.855 4.739422
98092  -13.303  -69.403  52.395 4.790683
98093  -13.576  -69.171  52.090 4.860875
98094  -13.865  -68.965  51.848 4.934369
98102  -12.893  -70.083  59.256 3.422463
98103  -12.436  -70.244  58.839 3.451572
98104  -11.962  -70.427  58.412 3.477350
98105  -11.420  -70.655  57.985 3.497247
98106  -11.765  -70.709  57.597 3.679196
98107  -11.472  -70.951  56.640 3.868555
101147  -21.181  -64.881  55.305 3.599394
101148  -21.301  -64.420  55.254 3.486642
101149  -21.305  -64.627  54.735 3.608189
101150  -21.303  -64.833  54.269 3.743001
101151  -21.785  -63.867  52.987 3.819438
101152  -21.628  -64.170  53.083 3.892788
101153  -21.857  -64.296  52.624 4.051491
101154  -22.016  -64.669  52.371 4.236617
101155  -22.215  -64.998  52.099 4.356355
101156  -22.264  -65.380  51.822 4.403446
101157  -22.447  -65.068  51.807 4.404354
101158  -22.600  -65.136  51.427 4.414845
101159  -22.745  -65.206  51.008 4.390584
101160  -25.178  -64.687  42.940 3.998060
101161  -24.921  -64.571  43.089 4.204695
101162  -24.882  -64.720  42.570 4.094831
101163  -24.657  -64.405  41.995 4.212249
101164  -24.470  -63.921  41.423 4.344636
101165  -24.727  -63.515  38.101 4.406869
101166  -24.482  -63.308  38.857 4.482584
101167  -24.291  -63.137  38.367 4.604757
101168  -23.860  -62.788  38.701 4.746152
101169  -23.390  -62.498  39.030 4.825260
101170  -22.884  -62.293  39.315 4.840240
101171  -23.140  -62.433  38.468 4.786356
101172  -22.916  -62.393  37.961 4.677419
101173  -22.704  -62.458  37.321 4.497781
101174  -22.566  -62.587  36.611 4.253182
101175  -23.111  -62.691  36.403 4.383923
101176  -23.475  -62.934  35.553 4.255563
101177  -23.883  -63.193  34.725 4.118559
101178  -26.390  -65.303  33.065 4.085032
101179  -25.938  -64.839  33.045 4.040133
101180  -26.512  -65.325  32.372 3.909056
101181  -26.620  -65.394  31.671 3.671403
102739  -10.967  -72.032  51.698 4.265749
102740  -10.756  -72.508  51.341 4.156537
102741  -11.029  -72.444  50.990 4.173519
102742  -11.149  -72.879  50.421 4.039882
102743  -11.339  -73.245  49.898 3.870219
104395  -23.201  -60.755  48.933 3.498034
104396  -23.113  -61.140  48.490 3.734663
104397  -23.133  -61.024  48.264 3.636704
104398  -23.258  -61.227  47.489 3.754465
104399  -23.454  -61.392  46.821 3.844889
104409  -24.325  -61.305  44.641 3.480128
104410  -24.252  -61.428  45.015 3.631883
104411  -24.699  -61.667  44.529 3.605999
104412  -25.048  -62.006  44.406 3.696141
104413  -25.397  -62.467  44.272 3.756341
104414  -25.652  -62.957  44.073 3.797133
104415  -25.736  -62.875  43.852 3.626642
104416  -25.952  -63.331  43.384 3.466578
108641  -17.544  -66.319  61.808 3.595725
108642  -17.722  -66.956  61.339 3.660653
108643  -17.955  -66.374  61.715 3.705209
108644  -18.373  -66.440  61.634 3.806719
108645  -18.661  -66.492  61.408 3.893517
108646  -20.037  -64.885  62.368 3.967001
108647  -19.791  -65.400  61.926 3.981726
108648  -20.070  -65.443  61.591 3.960995
108649  -20.055  -65.821  60.739 3.965028
108650  -19.887  -66.040  59.964 3.981624
108651  -19.768  -66.192  59.237 4.011197
108652  -20.061  -65.860  59.681 3.927345
108653  -20.271  -65.660  59.393 3.853058
108654  -20.433  -65.452  59.169 3.761327
108655  -21.803  -61.113  64.375 3.646043
108656  -21.630  -61.560  64.221 3.733366
108657  -22.002  -61.668  64.220 3.664743
108658  -22.176  -62.087  63.909 3.639765
108659  -22.387  -62.643  63.433 3.582568
109361  -17.431  -63.229  62.500 3.564461
109362  -16.931  -63.456  62.359 3.403675
109363  -17.122  -63.803  62.530 3.504480
109364  -16.878  -64.366  62.511 3.441300
109367  -16.959  -65.387  62.280 3.462612
109368  -17.254  -65.872  62.060 3.531841
111919  -18.120  -68.294  58.064 4.019708
111920  -17.803  -68.640  57.729 4.038399
111921  -18.134  -68.431  57.496 4.137518
111922  -18.170  -68.545  56.939 4.261406
111923  -18.205  -68.643  56.392 4.388175
111924  -18.967  -68.160  54.743 4.749364
111925  -18.661  -68.287  54.873 4.728311
111926  -18.417  -68.251  54.327 4.837091
111927  -17.692  -68.243  53.930 4.921005
111928  -16.965  -68.311  53.464 4.996293
111929  -16.211  -68.327  52.998 5.054808
111930  -16.662  -68.249  52.900 5.093758
111931  -16.368  -68.148  52.445 5.168840
111932  -16.060  -68.062  51.920 5.211244
111933  -21.011  -66.518  53.725 4.382440
111934  -20.854  -66.815  53.856 4.460359
111935  -20.947  -66.825  53.308 4.520398
111936  -20.866  -67.136  53.019 4.632782
111937  -20.600  -67.379  52.711 4.723713
111938  -18.738  -67.164  50.612 4.501805
111939  -19.116  -67.381  51.049 4.660679
111940  -18.208  -67.294  50.735 4.646090
111941  -17.653  -67.415  50.792 4.791263
111942  -17.104  -67.489  50.902 4.925377
111943  -16.606  -67.641  50.937 5.036755
111944  -16.303  -67.560  50.445 4.889358
111945  -15.714  -67.693  49.888 4.810350
111946  -15.316  -67.987  49.282 4.683706
111947  -15.040  -68.423  48.636 4.510074
111948  -15.294  -68.034  48.756 4.450741
111949  -15.289  -68.120  48.157 4.205159
111950  -15.360  -68.146  47.496 3.961265
111962  -23.028  -61.784  51.725 3.486985
111963  -22.933  -62.297  51.335 3.740024
111964  -23.025  -62.779  51.027 3.988518
111965  -23.994  -63.515  49.205 4.582292
111966  -23.800  -63.382  49.669 4.543589
111967  -23.880  -63.858  49.491 4.558785
111968  -23.766  -64.182  49.695 4.520767
111969  -23.555  -64.473  49.807 4.469794
111970  -23.326  -64.800  49.911 4.408275
111971  -23.292  -64.878  49.356 4.365292
111972  -22.875  -65.249  48.823 4.222200
111973  -22.280  -65.404  48.219 4.059856
111974  -23.716  -64.088  44.058 4.683175
111975  -23.826  -64.330  44.789 4.663755
111976  -23.331  -63.941  44.376 4.687870
111977  -22.912  -63.820  44.552 4.645161
111978  -22.522  -63.744  44.728 4.559671
111979  -20.361  -63.237  44.019 4.008632
111980  -20.807  -63.240  44.392 4.114434
111981  -20.341  -63.422  44.588 3.916323
111982  -20.436  -63.503  45.146 3.835152
111983  -20.505  -63.767  45.712 3.771853
111984  -20.580  -64.064  46.267 3.731668
111985  -20.073  -63.959  45.933 3.604074
111986  -19.606  -64.141  46.014 3.451086
112122  -29.171  -69.776  35.852 3.402634
112123  -29.038  -69.308  35.163 3.516510
112124  -29.549  -69.906  34.921 3.523165
112125  -29.855  -70.086  33.987 3.577920
112126  -30.041  -70.172  33.094 3.560056
115325  -13.205  -70.459  57.467 3.903075
115326  -13.071  -70.455  56.766 4.080031
115327  -13.564  -70.342  57.100 4.021478
115328  -13.812  -70.208  56.728 4.126754
115329  -14.154  -69.977  56.450 4.222264
115330  -14.941  -69.917  57.360 3.975682
115331  -14.713  -69.877  56.725 4.147285
115332  -14.421  -69.840  56.037 4.311290
115333  -14.666  -69.641  55.676 4.396346
115334  -14.896  -69.391  55.263 4.478878
115335  -15.169  -69.125  54.823 4.559149
115344  -13.555  -70.094  59.066 3.536158
115345  -13.366  -70.352  58.249 3.718428
117716  -21.885  -63.226  53.446 3.564373
117717  -21.953  -63.473  52.884 3.741358
117718  -22.100  -63.619  52.409 3.916299
117719  -22.325  -63.737  51.981 4.080651
117720  -25.234  -65.014  40.539 3.413788
117721  -25.014  -64.648  40.515 3.707072
117722  -25.224  -64.638  39.813 3.577883
117723  -25.234  -64.358  39.192 3.766213
117724  -25.190  -64.100  38.529 3.966610
117725  -25.773  -64.873  37.964 3.589432
117726  -25.439  -64.382  37.902 3.884342
117727  -25.095  -63.917  37.943 4.162234
117728  -24.959  -63.788  37.406 4.332756
117729  -24.763  -63.663  36.879 4.457001
117730  -24.610  -63.548  36.348 4.516414
117731  -24.498  -63.507  35.775 4.498547
117732  -24.949  -63.921  35.630 4.433912
117733  -25.315  -64.355  34.987 4.352247
117734  -25.766  -64.816  34.294 4.270158
117735  -26.093  -65.371  34.991 4.120803
117736  -26.187  -65.335  34.322 4.196473
117737  -26.269  -65.286  33.658 4.184143
117738  -26.808  -65.793  33.101 4.089163
117739  -27.391  -66.347  32.548 3.979741
117740  -27.996  -66.950  32.034 3.851140
118948  -11.853  -71.526  50.380 4.293600
118949  -11.763  -72.024  50.030 4.148003
118950  -12.064  -71.805  49.775 4.135166
118951  -12.324  -72.028  49.291 3.945405
118952  -12.602  -72.210  48.847 3.732251
118953  -12.891  -71.529  48.739 3.937128
118954  -12.894  -71.949  48.582 3.716603
118955  -12.942  -72.375  48.455 3.505179
123539  -18.457  -63.899  62.957 3.821360
123540  -18.562  -64.497  62.851 3.858186
123541  -18.831  -63.994  63.073 3.902239
123542  -19.209  -64.072  63.082 3.955329
123543  -19.642  -64.156  63.069 3.980304
123544  -19.747  -63.134  63.332 3.985176
123545  -19.872  -63.655  63.297 3.987164
123546  -19.987  -64.274  62.968 3.978136
123547  -20.293  -64.376  62.781 3.950808
123548  -20.590  -64.435  62.540 3.900845
123549  -20.894  -64.488  62.154 3.831004
124099  -17.568  -62.536  61.966 3.500737
124100  -18.364  -61.928  61.982 3.651147
124101  -18.087  -62.354  62.144 3.644707
124102  -17.777  -62.785  62.326 3.613638
124103  -18.021  -63.176  62.600 3.703875
124104  -18.249  -63.541  62.783 3.771913
126088  -19.224  -67.406  57.198 4.295940
126089  -19.084  -67.803  56.776 4.350056
126090  -19.366  -67.614  56.573 4.382875
126091  -19.461  -67.785  56.052 4.472750
126092  -19.508  -67.946  55.572 4.565040
126093  -19.815  -67.475  55.732 4.464065
126094  -19.756  -67.806  55.427 4.565090
126095  -19.408  -68.008  55.128 4.659175
126096  -19.301  -68.018  54.627 4.753779
126097  -19.195  -68.034  54.126 4.845755
126098  -19.012  -68.041  53.599 4.929766
126099  -21.538  -66.625  51.985 4.484922
126100  -21.297  -66.904  52.064 4.543967
126101  -21.255  -66.980  51.539 4.482109
126102  -20.742  -67.211  51.099 4.456832
126103  -20.030  -67.210  50.751 4.417386
126104  -20.239  -66.951  50.204 4.167919
126105  -19.762  -67.054  50.296 4.255771
126106  -19.230  -67.055  50.428 4.368943
126107  -18.405  -66.910  50.175 4.313531
126108  -17.514  -66.815  49.867 4.250534
126109  -16.751  -66.910  49.372 4.177602
126110  -16.254  -67.069  48.919 4.091617
126111  -16.624  -66.781  48.914 3.948260
126112  -16.506  -66.695  48.405 3.727876
126113  -16.390  -66.657  47.651 3.524633
126114  -17.268  -66.129  48.281 3.508422
126115  -16.734  -66.293  47.665 3.422964
126120  -23.230  -61.910  49.558 4.011209
126121  -23.299  -62.212  49.952 4.062552
126122  -23.461  -62.318  49.361 4.223782
126123  -23.689  -62.587  49.235 4.398631
126124  -23.924  -62.880  49.078 4.523006
126125  -24.297  -62.752  48.248 4.557123
126126  -24.192  -63.002  48.555 4.582063
126127  -24.087  -63.241  48.879 4.590289
126128  -24.174  -63.684  48.686 4.601451
126129  -24.041  -64.217  48.353 4.564294
126130  -23.788  -64.572  47.876 4.490779
126131  -22.383  -62.632  42.378 4.775076
126132  -22.293  -62.881  43.041 4.699049
126133  -21.901  -62.683  42.684 4.660708
126134  -21.412  -62.774  42.962 4.503462
126135  -20.940  -62.884  43.229 4.314119
126136  -20.528  -62.676  42.052 4.268639
126137  -20.470  -62.853  42.754 4.193786
126138  -20.426  -63.001  43.411 4.104081
126139  -19.928  -63.181  43.512 3.884573
126140  -19.493  -63.404  43.594 3.666052
126141  -19.114  -63.656  43.700 3.457750
128981  -9.813  -72.017  54.131 3.893826
128982  -9.869  -72.295  53.357 3.947655
128983  -10.144  -71.952  53.625 4.039746
128984  -10.454  -71.885  53.146 4.157782
128985  -10.751  -71.802  52.806 4.247947
128986  -11.023  -71.335  54.142 4.263391
128987  -10.967  -71.474  53.344 4.311927
128988  -10.986  -71.694  52.488 4.312640
128989  -11.157  -71.601  52.069 4.356067
128990  -11.391  -71.575  51.775 4.383582
128991  -11.485  -71.447  51.267 4.401093
128992  -12.837  -70.432  56.013 4.238894
128993  -12.533  -70.391  55.238 4.370019
128994  -12.262  -70.408  54.392 4.465464
128995  -12.920  -70.043  54.450 4.530790
128996  -12.439  -70.233  53.939 4.535871
128997  -11.982  -70.456  53.470 4.519659
128998  -11.842  -70.713  52.562 4.529511
128999  -11.717  -70.984  51.704 4.494181
129000  -11.703  -71.253  51.011 4.414684
129001  -11.977  -71.026  50.656 4.430178
129002  -12.322  -70.781  50.456 4.452751
129003  -12.610  -70.579  50.190 4.486434
129004  -12.719  -69.914  51.204 4.712816
129005  -12.736  -70.119  50.560 4.643941
129006  -12.866  -70.350  49.909 4.533639
129007  -13.149  -70.104  49.722 4.594568
129008  -13.430  -69.966  49.432 4.666752
129009  -13.744  -69.603  49.336 4.744747
129033  -10.915  -70.831  57.577 3.508687
129034  -10.399  -70.969  57.191 3.508826
129035  -9.982  -71.135  56.887 3.494516
129036  -9.965  -71.412  56.091 3.659711
129037  -9.889  -71.685  55.005 3.795744
133145  -20.331  -60.117  63.089 3.599574
133146  -20.487  -60.617  63.456 3.740858
133147  -20.612  -60.133  63.575 3.612696
133148  -20.979  -60.227  63.956 3.613369
133149  -21.277  -60.356  64.223 3.601437
133151  -21.417  -59.938  64.280 3.454473
133152  -21.611  -60.496  64.408 3.576329
133153  -21.960  -60.579  64.495 3.537088
133154  -22.307  -60.662  64.529 3.482438
133155  -22.680  -60.668  64.588 3.411012
133656  -20.122  -59.821  62.646 3.423062
135451  -20.684  -65.891  56.073 3.865078
135452  -20.547  -66.339  55.619 4.050255
135453  -20.777  -66.026  55.547 3.943349
135454  -20.858  -66.130  55.034 4.030529
135455  -20.939  -66.197  54.576 4.123423
135456  -21.096  -65.460  54.831 3.817816
135457  -21.051  -65.877  54.487 4.026870
135458  -21.016  -66.224  54.110 4.217197
135459  -21.188  -66.227  53.667 4.305280
135460  -21.332  -66.259  53.194 4.379751
135461  -21.486  -66.276  52.744 4.432199
135462  -21.573  -63.699  54.624 3.412616
135463  -21.415  -64.373  54.169 3.652995
135464  -21.337  -64.859  53.804 3.885451
135465  -21.561  -64.534  53.221 3.961675
135466  -21.503  -64.903  53.331 4.027727
135467  -21.384  -65.272  53.388 4.093241
135468  -21.515  -65.618  53.009 4.261826
135469  -21.678  -65.983  52.671 4.382663
135470  -21.618  -66.285  52.354 4.455026
135471  -21.698  -66.335  51.923 4.443019
135472  -21.787  -66.406  51.455 4.394602
135473  -21.719  -66.507  50.980 4.312438
135474  -22.185  -65.731  51.484 4.383258
135475  -22.038  -66.171  51.050 4.310414
135476  -21.676  -66.585  50.535 4.203096
135477  -21.523  -66.607  50.104 4.075919
135478  -21.257  -66.434  49.604 3.941467
135479  -20.961  -66.184  49.066 3.810129
135480  -25.138  -63.288  45.269 4.392550
135481  -25.041  -63.413  45.575 4.496356
135482  -25.013  -63.751  44.948 4.445371
135483  -24.779  -64.153  44.667 4.501233
135484  -24.451  -64.381  44.370 4.562840
135485  -24.623  -64.496  43.414 4.384346
135486  -24.353  -64.366  43.689 4.528284
135487  -24.060  -64.224  43.894 4.629441
135488  -23.683  -63.830  43.375 4.697255
135489  -23.372  -63.360  42.926 4.760108
135490  -23.152  -62.920  42.460 4.809934
135491  -24.792  -64.256  40.562 3.992952
135492  -24.536  -63.807  40.687 4.256280
135493  -24.309  -63.416  40.837 4.482863
135494  -24.281  -63.199  39.619 4.553851
135495  -24.123  -63.131  40.353 4.614808
135496  -24.026  -63.128  41.080 4.660836
135497  -23.692  -62.897  41.385 4.781640
135498  -23.286  -62.707  41.727 4.840628
135499  -22.843  -62.621  42.059 4.837306
135500  -22.488  -62.436  41.674 4.832097
135501  -22.091  -62.307  41.268 4.784558
135502  -21.702  -62.250  40.767 4.686820
135503  -22.408  -62.206  39.588 4.792898
135504  -21.883  -62.217  39.892 4.688372
135505  -21.347  -62.287  40.178 4.534558
135506  -21.030  -62.364  39.583 4.328039
135507  -20.803  -62.443  38.892 4.072371
135508  -20.621  -62.675  38.118 3.776619
135509  -20.514  -62.924  37.322 3.452317
135510  -20.975  -62.709  37.230 3.677577
135511  -21.397  -62.816  36.265 3.552686
135512  -21.833  -62.964  35.396 3.408817
135513  -22.416  -62.712  35.987 3.954590
135514  -22.339  -62.895  35.266 3.616209
135519  -24.423  -63.488  35.197 4.399055
135520  -24.371  -63.460  34.583 4.221760
135521  -24.412  -63.554  33.918 3.977144
135522  -25.456  -64.418  33.049 3.955345
135523  -24.938  -64.029  33.152 3.833637
135524  -24.395  -63.715  33.278 3.679822
138778  -9.886  -72.624  52.467 3.954137
138779  -9.918  -73.029  51.724 3.913383
138780  -9.989  -73.465  51.126 3.828171
138781  -10.582  -73.071  51.086 4.026926
138782  -10.363  -73.531  50.826 3.875765
138783  -10.197  -74.049  50.588 3.703288
138784  -10.495  -74.501  50.230 3.545219
138787  -11.686  -72.500  49.803 3.995533
138788  -11.645  -72.979  49.655 3.836798
138789  -11.685  -73.466  49.584 3.671543
138791  -12.097  -73.661  49.270 3.452478
138792  -11.693  -73.899  49.539 3.499516
142142  -23.053  -61.387  50.559 3.584790
142150  -23.129  -61.118  50.213 3.535141
142151  -23.127  -61.538  49.861 3.776587
142152  -23.276  -61.714  49.183 3.955478
142153  -23.429  -61.841  48.590 4.111685
142154  -23.688  -61.975  48.099 4.237199
142155  -23.394  -61.515  48.110 3.959060
142156  -23.666  -61.818  47.796 4.159693
142157  -23.959  -62.056  47.583 4.327101
142158  -24.232  -62.083  47.095 4.379872
142159  -24.615  -62.273  46.638 4.396882
142160  -24.933  -62.494  46.132 4.381231
142179  -23.214  -60.814  46.777 3.500044
142180  -23.418  -61.221  46.439 3.714461
142181  -23.763  -61.524  46.195 3.902720
142182  -24.232  -61.532  45.341 3.781135
142183  -24.205  -61.647  45.670 3.924165
142184  -24.169  -61.761  46.019 4.057824
142185  -24.569  -62.000  45.863 4.178329
142186  -24.905  -62.338  45.651 4.268442
142187  -25.099  -62.822  45.516 4.336551
142188  -25.239  -63.171  44.890 4.266118
142189  -25.405  -63.552  44.305 4.172483
142190  -25.374  -63.949  43.727 4.057677
142191  -25.768  -63.464  43.796 3.831086
142192  -25.574  -63.895  43.502 3.870160
142193  -25.377  -64.337  43.220 3.923844
142194  -25.404  -64.766  42.702 3.773968
142195  -25.323  -65.041  42.229 3.612547
142196  -25.286  -65.219  41.743 3.445783
150713  -16.537  -68.476  59.972 3.527542
150714  -16.711  -68.908  59.193 3.614524
150715  -16.949  -68.427  59.763 3.601597
150716  -17.284  -68.309  59.534 3.697833
150717  -17.632  -68.239  59.277 3.804264
150718  -17.811  -67.429  60.665 3.732484
150719  -17.829  -67.802  59.855 3.815474
150720  -17.974  -68.112  58.962 3.911470
150721  -18.290  -67.936  58.658 4.011569
150722  -18.522  -67.704  58.455 4.098188
150723  -18.792  -67.484  58.230 4.166438
150724  -18.729  -65.152  62.448 3.889391
150725  -18.921  -65.892  61.864 3.921645
150726  -19.022  -66.455  61.172 3.960228
150727  -19.553  -65.958  61.481 3.994202
150728  -19.327  -66.394  60.918 4.003323
150729  -19.033  -66.786  60.347 4.008387
150730  -18.922  -66.989  59.586 4.067234
150731  -18.948  -67.134  58.772 4.136086
150732  -19.035  -67.277  57.968 4.213058
150733  -19.244  -67.097  57.726 4.236225
150734  -19.451  -66.951  57.502 4.235360
150735  -19.627  -66.820  57.258 4.210878
150736  -19.660  -66.347  58.511 4.052693
150737  -19.720  -66.502  57.754 4.104273
150738  -19.764  -66.610  57.129 4.164019
150739  -19.918  -66.408  57.012 4.096643
150740  -20.137  -66.243  56.865 4.011163
150741  -20.349  -66.062  56.740 3.910425
150742  -20.689  -61.123  63.703 3.839299
150743  -20.783  -61.723  63.842 3.892804
150744  -20.942  -62.329  63.848 3.905299
150745  -21.457  -62.000  64.063 3.800216
150746  -21.278  -62.470  63.908 3.849605
150747  -21.046  -62.873  63.700 3.885502
150748  -21.165  -63.450  63.299 3.844671
150749  -21.175  -64.052  62.574 3.794203
150750  -21.214  -64.386  61.789 3.743906
150751  -22.929  -62.068  63.555 3.418541
150752  -22.748  -62.527  63.201 3.464675
150753  -22.464  -62.935  62.753 3.506038
150755  -22.418  -63.158  62.026 3.422193
150756  -22.149  -63.369  62.334 3.546935
150757  -21.811  -63.810  61.896 3.591246
150758  -21.452  -64.253  61.420 3.642006
150759  -21.100  -64.657  61.016 3.701162
150760  -20.907  -64.832  60.294 3.670701
150761  -20.728  -65.013  59.615 3.655004
150762  -20.593  -65.141  58.991 3.654832
150763  -21.183  -64.382  59.245 3.414242
150764  -20.822  -64.826  58.844 3.536331
150765  -20.512  -65.243  58.408 3.669856
150766  -20.452  -65.394  57.866 3.699239
150767  -20.476  -65.695  57.203 3.742088
150768  -20.581  -65.770  56.655 3.797626
150769  -20.807  -65.440  56.553 3.676195
150770  -20.990  -65.070  56.458 3.549715
150771  -21.194  -64.601  56.469 3.421727
152172  -16.234  -68.197  60.493 3.454816
157280  -16.798  -69.120  58.555 3.727759
157281  -16.821  -69.296  57.918 3.865339
157282  -16.734  -69.342  57.267 4.018585
157283  -17.510  -68.915  57.396 4.070806
157284  -17.096  -69.143  57.044 4.118165
157285  -16.545  -69.313  56.628 4.179146
157286  -16.259  -69.192  56.022 4.339604
157287  -15.947  -69.059  55.362 4.493743
157288  -15.586  -68.927  54.695 4.636503
157289  -18.808  -68.167  56.421 4.402322
157290  -18.520  -68.447  56.129 4.456575
157291  -18.092  -68.639  55.827 4.515440
157292  -18.274  -68.425  55.068 4.691885
157293  -17.898  -68.586  55.267 4.641653
157294  -17.456  -68.701  55.428 4.579298
157295  -16.635  -68.691  54.973 4.645748
157296  -15.947  -68.748  54.541 4.709637
157297  -15.203  -68.818  53.937 4.763674
157298  -14.855  -68.750  53.218 4.871212
157299  -14.547  -68.711  52.581 4.954658
157300  -14.292  -68.732  51.939 5.008696
157301  -15.440  -68.412  52.446 5.086142
157302  -14.696  -68.543  51.883 5.079662
157303  -14.072  -68.792  51.244 5.027294
157304  -13.968  -68.923  50.611 5.004497
157305  -13.920  -69.057  50.002 4.935862
157306  -14.072  -69.296  49.418 4.820212
157307  -20.497  -66.692  55.260 4.225617
157308  -20.493  -66.985  54.911 4.387001
157309  -20.510  -67.296  54.601 4.532983
157310  -20.655  -67.081  53.975 4.535907
157311  -20.477  -67.316  54.106 4.605304
157312  -20.235  -67.531  54.237 4.664707
157313  -19.850  -67.757  53.859 4.784811
157314  -19.381  -67.922  53.439 4.895763
157315  -18.845  -68.024  53.068 4.998117
157316  -20.935  -67.128  52.171 4.618567
157317  -20.577  -67.352  52.250 4.704965
157318  -20.129  -67.522  52.340 4.797529
157319  -19.329  -67.491  51.490 4.780686
157320  -19.530  -67.536  51.943 4.856840
157321  -19.639  -67.643  52.430 4.889299
157322  -19.113  -67.775  52.524 4.972828
157323  -18.694  -67.954  52.609 5.041211
157324  -18.134  -68.020  52.680 5.089147
157325  -17.360  -68.010  52.312 5.162141
157326  -16.587  -67.985  51.925 5.206709
157327  -15.808  -67.990  51.435 5.210319
157328  -16.108  -67.792  50.958 5.115941
157329  -15.627  -67.971  50.957 5.157547
157330  -15.121  -68.163  50.903 5.161232
157331  -14.646  -68.458  50.240 5.052046
157332  -14.367  -68.940  49.526 4.882617
157333  -14.205  -69.527  48.857 4.660892
157334  -14.318  -69.668  48.328 4.466051
157335  -14.522  -69.693  47.852 4.247444
157336  -14.762  -69.709  47.343 4.018147
157337  -14.924  -68.884  48.058 4.295795
157338  -14.913  -69.335  47.325 4.051573
157339  -14.961  -69.855  46.586 3.790031
157340  -15.102  -69.971  45.862 3.571778
157343  -15.863  -67.368  48.273 3.989551
157344  -15.606  -67.728  47.581 3.869153
157345  -15.419  -68.166  46.753 3.729356
157346  -15.657  -67.792  46.102 3.438850
157347  -15.518  -68.215  46.014 3.514857
157348  -15.424  -68.666  45.945 3.570507
157365  -22.684  -62.123  52.541 3.422117
157366  -22.515  -62.457  52.604 3.497030
157367  -22.402  -63.002  52.196 3.760609
157368  -22.478  -63.405  51.884 4.012482
157369  -22.600  -63.770  51.657 4.225872
157370  -23.261  -62.507  50.272 4.112061
157371  -23.182  -62.804  50.520 4.161402
157372  -23.132  -63.119  50.727 4.211019
157373  -23.583  -63.424  50.095 4.478755
157374  -23.297  -63.421  50.499 4.384124
157375  -22.953  -63.332  50.951 4.259821
157376  -22.898  -63.585  51.116 4.305441
157377  -22.831  -63.849  51.304 4.344729
157378  -22.760  -64.147  51.465 4.374767
157379  -22.913  -64.493  51.327 4.442203
157380  -22.942  -64.890  50.991 4.426035
157381  -22.802  -65.280  50.581 4.338556
157382  -23.066  -65.123  49.997 4.339696
157383  -22.785  -65.365  50.030 4.268667
157384  -22.493  -65.708  50.128 4.200786
157385  -22.001  -66.094  49.549 4.035197
157386  -21.338  -66.039  49.036 3.860782
157387  -20.613  -65.763  48.502 3.690941
157388  -24.900  -63.589  45.872 4.573398
157389  -24.683  -63.869  46.201 4.620395
157390  -24.431  -64.009  46.614 4.635304
157391  -23.972  -64.307  45.535 4.644100
157392  -24.086  -64.267  46.204 4.628111
157393  -24.191  -64.175  46.835 4.617757
157394  -23.954  -64.394  47.029 4.569247
157395  -23.657  -64.613  47.176 4.493026
157396  -23.267  -64.727  47.273 4.393887
157397  -22.198  -63.168  43.720 4.611917
157398  -22.175  -63.453  44.332 4.522253
157399  -22.150  -63.687  44.930 4.438364
157400  -21.278  -63.254  44.715 4.206592
157401  -21.736  -63.592  45.128 4.289754
157402  -22.228  -63.917  45.469 4.367481
157403  -22.384  -64.145  46.046 4.315178
157404  -22.602  -64.578  46.690 4.284906
157405  -22.827  -64.846  47.360 4.277709
157406  -22.413  -64.965  47.520 4.151054
157407  -21.988  -65.064  47.644 4.020723
157408  -21.509  -65.126  47.692 3.893453
157409  -20.671  -64.386  46.731 3.718120
157410  -20.830  -64.797  47.237 3.732874
157411  -21.030  -65.203  47.740 3.775625
157412  -20.681  -65.320  47.888 3.673100
157413  -20.290  -65.399  47.989 3.591025
157414  -19.873  -65.500  48.100 3.533722
157686  -27.564  -67.556  35.177 3.598840
157687  -27.821  -67.566  34.360 3.778902
157688  -28.810  -68.794  34.590 3.640966
157689  -28.506  -68.202  34.070 3.767246
157690  -28.107  -67.550  33.654 3.884998
157691  -28.303  -67.553  32.942 3.905484
157692  -28.497  -67.586  32.210 3.840623
157693  -28.580  -67.635  31.540 3.700525
157695  -30.392  -70.804  32.816 3.432072
157696  -30.111  -70.203  32.225 3.472324
157699  -29.796  -69.598  31.726 3.506730
157700  -29.448  -68.963  31.316 3.527602
157701  -29.065  -68.348  30.997 3.527717
157702  -28.572  -67.697  30.786 3.501199
