#!ascii label , from subject fsaverage
1003
332  -56.076  7.098  -8.481 3.595749
334  -40.344  16.117  -32.580 2.925056
609  -59.007  -5.964  -24.171 2.914299
610  -50.238  12.730  -19.792 3.654516
811  -57.245  2.953  -4.985 3.493005
1357  -57.558  -1.211  -23.358 2.736989
1359  -51.016  13.202  -14.134 3.526479
1360  -48.056  15.914  -19.953 3.550906
1748  -58.717  -0.692  -4.857 2.821144
1749  -55.852  2.198  -9.873 3.404636
1750  -53.081  3.677  -16.112 2.978783
1752  -43.838  18.211  -26.275 3.670466
2465  -53.927  10.576  -13.042 3.812438
2466  -48.737  6.718  -22.032 3.000247
2467  -45.561  15.235  -26.434 3.457972
2468  -47.723  8.702  -28.364 3.026401
2469  -53.991  4.000  -26.132 3.019445
3277  -54.810  -0.488  -23.813 2.745420
3873  -56.742  5.263  -6.665 3.568086
3874  -57.743  3.349  -6.685 3.578242
3875  -56.692  5.184  -8.879 3.560309
3876  -54.317  2.868  -13.007 3.200842
3877  -55.551  6.033  -11.543 3.460310
5508  -59.737  -5.518  -22.427 2.726394
5510  -60.041  -7.880  -22.312 2.869462
5516  -51.169  13.715  -16.156 3.581245
5517  -52.615  12.378  -13.238 3.696734
5518  -52.148  11.774  -16.406 3.780355
5519  -52.261  8.551  -17.425 3.433978
5520  -49.545  9.727  -20.963 3.513161
5521  -42.042  18.235  -29.387 3.269632
5522  -45.022  17.329  -26.150 3.491642
5523  -42.948  15.902  -29.799 3.329744
5527  -50.771  6.168  -27.745 2.908636
5529  -55.700  2.025  -26.810 3.008880
6067  -57.442  0.718  -3.330 3.034058
6068  -55.244  0.571  -4.132 3.555470
6069  -55.405  3.488  -5.580 3.399022
6070  -55.219  6.189  -6.929 3.215443
7051  -58.846  -3.110  -23.831 2.834161
7055  -49.662  14.584  -17.004 3.513023
7056  -49.403  14.986  -19.281 3.445817
7918  -55.776  -2.250  -8.101 2.827708
7919  -58.387  1.460  -4.826 3.206891
7920  -57.489  0.968  -7.233 3.296549
7921  -53.865  -0.925  -11.046 3.056649
7922  -52.320  -0.095  -14.691 3.046541
7923  -50.956  1.002  -18.129 2.859049
7924  -49.610  2.623  -20.984 2.703610
7928  -41.035  19.066  -28.954 3.233711
9948  -54.539  8.560  -8.601 3.333405
9949  -52.058  11.204  -11.643 3.349848
9950  -53.781  10.818  -10.484 3.598272
9951  -55.186  9.144  -10.508 3.729435
9952  -54.275  7.417  -14.145 3.410378
9953  -50.921  5.414  -19.175 2.893349
9954  -49.022  3.961  -23.647 2.724861
9955  -46.196  17.088  -23.053 3.689236
9956  -47.448  16.187  -22.547 3.449177
9957  -48.041  14.112  -22.740 3.519337
9959  -45.513  11.979  -27.142 3.288625
9960  -47.447  10.730  -23.719 3.472867
9961  -47.311  7.629  -25.471 3.146212
9962  -49.363  4.970  -25.781 2.898319
9963  -52.595  2.235  -25.220 2.888603
9964  -56.163  1.304  -24.816 3.026648
9965  -57.611  -0.479  -25.258 2.998485
9966  -57.092  -3.755  -25.729 2.835003
11553  -56.379  6.388  -7.469 3.567253
11554  -56.917  5.435  -7.523 3.614572
11555  -56.471  6.326  -8.558 3.602399
11556  -56.079  5.672  -10.172 3.505454
11557  -56.018  6.852  -9.774 3.605579
13188  -59.587  -5.628  -23.296 2.882361
13189  -60.045  -6.575  -22.359 2.844088
13190  -59.622  -6.849  -23.210 2.922993
13196  -50.857  13.495  -17.781 3.633555
13197  -51.767  12.983  -16.093 3.718664
13198  -51.171  12.312  -18.176 3.726533
13199  -51.146  10.755  -18.744 3.681175
13200  -50.094  11.079  -20.440 3.658146
13201  -41.123  17.480  -30.833 3.115148
13202  -42.584  17.247  -29.446 3.325586
13203  -41.515  16.079  -31.239 3.166228
13955  -54.489  3.250  -6.018 3.161544
13956  -55.365  4.911  -6.259 3.278581
13957  -54.423  4.769  -6.678 3.001693
15592  -58.325  -1.945  -23.521 2.770673
15598  -48.882  15.284  -18.505 3.514736
15599  -49.591  14.881  -18.045 3.437624
15600  -48.787  15.542  -19.559 3.425141
17377  -57.770  -1.308  -6.385 2.878747
17378  -57.332  1.852  -4.159 3.321350
17379  -58.063  1.307  -3.944 3.099124
17380  -58.003  2.187  -4.956 3.378528
17381  -57.273  3.005  -8.091 3.532324
17382  -57.710  2.366  -6.830 3.470506
17383  -56.824  1.560  -8.573 3.405303
17384  -55.792  0.026  -9.181 3.212360
17385  -54.801  0.600  -10.664 3.266499
17386  -53.141  -0.409  -12.796 3.085517
17387  -54.006  0.959  -12.254 3.230484
17388  -53.772  3.189  -14.644 3.079341
17389  -52.718  1.560  -15.607 3.007380
17390  -52.047  2.150  -17.224 2.888937
17392  -51.157  3.032  -18.845 2.797884
17399  -40.015  19.022  -30.495 2.920140
22304  -53.958  7.504  -8.142 2.992053
22305  -53.662  8.805  -8.997 3.123323
22308  -51.624  12.237  -12.880 3.473860
22309  -53.350  11.588  -13.053 3.812016
22310  -53.272  11.546  -11.890 3.679604
22311  -54.027  10.979  -11.530 3.790272
22312  -54.549  10.150  -10.308 3.718100
22313  -54.641  10.031  -11.577 3.785659
22314  -54.971  8.598  -12.076 3.645312
22315  -54.171  9.259  -13.397 3.660189
22316  -50.238  7.603  -19.807 3.187865
22317  -51.703  6.886  -18.203 3.138034
22318  -49.757  6.127  -20.520 2.925061
22319  -49.322  4.666  -21.560 2.754851
22320  -48.685  5.249  -22.874 2.812468
22323  -45.017  17.698  -24.857 3.721867
22324  -45.445  16.441  -26.205 3.480001
22325  -46.295  16.806  -24.208 3.483423
22326  -46.693  15.934  -24.276 3.476531
22327  -47.895  15.386  -22.530 3.471948
22328  -46.859  14.749  -24.432 3.482272
22332  -47.490  9.345  -29.590 2.865997
22333  -46.146  10.785  -29.392 3.014851
22334  -46.172  10.168  -27.884 3.155385
22335  -46.391  11.386  -25.299 3.389729
22336  -46.546  9.629  -26.305 3.269750
22337  -47.235  9.190  -24.622 3.329685
22338  -47.362  8.098  -27.051 3.128262
22339  -52.369  5.061  -26.960 2.947351
22340  -50.072  5.486  -26.908 2.949391
22341  -51.833  4.348  -26.157 2.953509
22342  -50.944  3.684  -25.594 2.880267
22343  -53.497  3.207  -25.521 2.985064
22344  -54.795  1.792  -24.871 2.980994
22345  -55.231  2.718  -25.388 3.063952
22346  -55.897  0.428  -27.247 2.888615
22347  -56.676  0.670  -26.069 3.042847
22348  -56.824  -0.862  -26.363 2.940773
22349  -57.704  -2.135  -25.593 2.940995
22350  -56.266  -2.707  -26.585 2.775534
24331  -56.388  -0.792  -23.445 2.735177
25403  -57.228  3.827  -5.924 3.561387
25404  -57.696  3.284  -5.755 3.547485
25405  -57.357  4.244  -6.644 3.612913
25406  -57.219  4.267  -7.829 3.600262
25407  -56.547  3.817  -9.310 3.494807
25408  -55.013  2.680  -11.341 3.321468
25409  -55.853  4.198  -10.737 3.405447
25410  -55.208  4.486  -12.316 3.306834
25411  -54.653  4.878  -13.789 3.221550
28360  -51.176  13.675  -14.978 3.538690
28361  -51.843  12.950  -13.697 3.568708
28362  -51.974  13.188  -14.650 3.656216
28363  -52.641  12.360  -14.502 3.784263
28364  -53.067  11.190  -14.674 3.809647
28365  -53.321  9.727  -14.962 3.671304
28366  -52.289  10.252  -16.829 3.680887
28367  -50.805  9.186  -19.211 3.475837
28368  -48.933  8.199  -21.473 3.260978
28369  -43.114  18.318  -27.707 3.435755
28370  -44.481  17.871  -26.217 3.540199
28371  -43.744  17.794  -27.799 3.430024
28372  -44.106  16.894  -28.004 3.441942
28373  -44.315  15.614  -28.244 3.418613
28378  -49.314  7.971  -29.194 2.773878
28379  -49.204  7.383  -28.100 2.935688
28380  -50.945  6.694  -28.606 2.760392
28381  -52.482  5.543  -27.971 2.825761
28382  -53.858  4.434  -27.284 2.940876
28383  -55.136  3.129  -26.530 3.047877
29517  -56.362  0.833  -3.636 3.339756
29518  -56.401  2.208  -4.433 3.482631
29520  -55.345  2.135  -4.793 3.516503
29521  -56.400  3.373  -5.209 3.510538
29522  -56.279  4.643  -6.004 3.473787
29523  -56.041  5.931  -6.690 3.435003
29524  -55.764  6.999  -7.508 3.441582
31812  -59.379  -4.450  -23.284 2.773935
31813  -59.041  -4.579  -24.073 2.899588
31821  -50.414  13.859  -15.416 3.527853
31822  -50.421  14.228  -16.489 3.483612
31823  -50.303  14.273  -17.702 3.501946
31824  -49.992  13.983  -19.331 3.551667
31826  -41.385  14.121  -32.934 2.925453
34109  -58.214  0.193  -3.048 2.726401
34110  -58.625  0.488  -3.893 2.870310
34111  -58.698  0.417  -4.833 3.011931
34112  -58.029  2.438  -5.784 3.450312
34113  -58.130  1.481  -5.761 3.290247
34114  -58.080  0.199  -5.933 3.090400
34115  -56.787  -0.595  -7.692 3.072621
34116  -54.860  -1.625  -9.551 2.961616
34117  -53.100  -2.337  -11.443 2.775190
34118  -52.266  -1.786  -13.268 2.848335
34119  -51.578  -1.314  -15.201 2.878211
34120  -50.798  -0.640  -17.122 2.862507
34121  -53.345  1.130  -13.940 3.131541
34122  -51.612  0.278  -16.516 2.961361
34123  -50.286  -0.051  -18.823 2.814594
34134  -42.380  18.726  -27.839 3.506756
34135  -41.574  18.781  -29.107 3.222946
34136  -40.612  18.418  -30.648 3.010995
34137  -39.720  17.616  -32.148 2.824445
40078  -54.208  6.125  -7.386 2.943432
40079  -54.898  7.384  -7.728 3.236586
40080  -55.372  8.077  -8.386 3.507261
40084  -52.393  12.044  -12.330 3.542194
40085  -52.906  11.163  -10.939 3.445152
40086  -53.303  10.045  -9.860 3.291887
40087  -54.210  9.723  -9.524 3.469814
40088  -54.985  9.098  -9.356 3.612190
40089  -55.639  8.100  -9.405 3.657240
40090  -55.520  7.861  -10.845 3.624412
40091  -54.988  6.836  -12.766 3.428771
40092  -53.990  5.607  -15.192 3.159404
40093  -53.259  7.970  -15.687 3.410214
40094  -53.005  6.241  -16.654 3.128733
40095  -52.143  4.597  -17.754 2.913120
40096  -50.274  4.004  -20.163 2.749857
40101  -47.219  16.501  -21.495 3.617872
40102  -45.735  17.319  -24.376 3.550743
40103  -46.853  16.775  -22.773 3.506482
40104  -47.860  16.156  -21.149 3.452996
40105  -48.507  15.590  -20.851 3.428928
40106  -49.011  14.736  -20.893 3.494311
40107  -49.128  13.367  -21.280 3.579482
40108  -42.288  14.189  -31.764 3.113202
40109  -43.317  14.120  -30.295 3.243826
40110  -44.309  14.034  -28.535 3.330178
40112  -44.928  12.371  -28.929 3.183921
40113  -45.485  13.729  -26.532 3.395487
40114  -46.627  13.166  -24.671 3.460886
40115  -47.835  12.463  -23.133 3.534069
40116  -48.936  11.657  -21.829 3.605729
40117  -48.578  10.129  -22.491 3.517056
40118  -48.070  8.708  -23.018 3.321221
40119  -47.789  7.181  -23.720 3.089628
40120  -48.514  6.740  -27.178 3.009279
40121  -48.050  6.244  -25.837 2.987236
40122  -48.196  5.832  -24.300 2.903883
40123  -49.064  4.486  -24.703 2.805842
40124  -50.189  3.079  -24.993 2.784490
40125  -51.553  1.525  -24.869 2.785782
40126  -53.938  0.903  -24.520 2.857400
40127  -55.746  0.469  -24.118 2.894979
40128  -57.008  0.039  -24.080 2.902889
40129  -56.188  1.915  -25.686 3.084633
40130  -57.042  0.496  -24.964 3.027278
40131  -57.778  -0.668  -24.220 2.905302
40132  -58.255  -1.779  -24.454 2.915383
40133  -58.362  -3.316  -24.698 2.919621
40134  -58.018  -5.003  -24.986 2.879623
42273  -56.241  6.790  -7.911 3.576803
42274  -56.488  6.399  -7.955 3.600561
42275  -56.297  6.687  -8.548 3.607441
42276  -56.251  6.591  -9.157 3.601476
42277  -56.112  6.980  -9.129 3.621257
43908  -59.359  -5.785  -23.746 2.919184
43909  -59.606  -6.239  -23.292 2.915623
43910  -59.306  -6.470  -23.742 2.923840
43911  -59.122  -7.069  -23.602 2.898341
43912  -58.751  -6.647  -24.150 2.884138
43916  -50.563  13.163  -18.847 3.650732
43917  -51.043  12.959  -17.982 3.692061
43918  -50.673  12.525  -19.039 3.692035
43919  -50.695  11.708  -19.290 3.702316
43920  -50.184  11.975  -20.079 3.673700
43921  -40.687  16.875  -31.725 3.026464
43922  -41.319  16.809  -31.036 3.151390
43923  -40.930  16.062  -31.906 3.054526
44676  -54.486  4.057  -6.358 3.070580
46312  -57.972  -1.536  -23.407 2.749396
46318  -48.462  15.594  -19.246 3.528198
46319  -48.859  15.432  -19.002 3.456052
46320  -48.444  15.732  -19.734 3.466903
48095  -58.666  -1.303  -4.967 2.734930
48096  -58.148  -1.621  -5.702 2.771091
48097  -58.377  -0.943  -5.517 2.863562
48098  -57.278  2.421  -4.572 3.421555
48099  -57.750  2.043  -4.560 3.343732
48100  -57.719  2.512  -5.015 3.445339
48101  -56.694  2.721  -8.851 3.477044
48102  -57.117  2.338  -8.218 3.476804
48103  -56.340  1.902  -9.205 3.417778
48104  -55.882  1.091  -9.603 3.343101
48105  -55.377  1.392  -10.278 3.343349
48106  -54.425  0.746  -11.417 3.258610
48107  -54.932  1.594  -10.968 3.320617
48108  -53.469  3.426  -15.377 3.025472
48109  -52.981  2.561  -15.858 2.976662
48110  -52.598  2.870  -16.644 2.923281
48111  -51.621  2.572  -18.055 2.838901
48112  -52.159  3.251  -17.456 2.878122
53025  -53.198  8.782  -9.246 3.029423
53028  -51.355  12.764  -13.507 3.508398
53029  -53.659  11.104  -13.073 3.831201
53030  -53.707  11.267  -12.315 3.807720
53031  -54.019  10.834  -12.283 3.823839
53032  -54.365  10.515  -11.499 3.805791
53033  -54.300  10.306  -12.223 3.802932
53034  -54.489  9.731  -12.384 3.744322
53035  -54.096  9.985  -13.101 3.753826
53036  -49.368  7.177  -20.975 3.083879
53037  -50.007  6.880  -20.104 3.047724
53038  -49.262  6.472  -21.248 2.958500
53039  -49.078  5.683  -21.699 2.855126
53040  -48.720  6.016  -22.403 2.894195
53043  -44.454  17.960  -25.599 3.709052
53044  -45.462  15.869  -26.406 3.472744
53045  -46.042  16.203  -25.341 3.480797
53046  -46.130  15.623  -25.408 3.477676
53047  -46.799  15.368  -24.359 3.480620
53048  -46.181  14.995  -25.445 3.469931
53052  -47.644  9.056  -28.955 2.951123
53053  -46.800  9.720  -28.835 3.014839
53054  -46.895  9.392  -28.199 3.088188
53055  -46.301  9.877  -27.146 3.217663
53056  -46.901  9.111  -27.466 3.151042
53057  -46.915  8.828  -26.741 3.199104
53058  -47.571  8.354  -27.734 3.086864
53059  -53.122  4.625  -26.483 2.982634
53060  -52.131  4.739  -26.510 2.963479
53061  -53.004  4.258  -26.110 2.988482
53062  -52.733  3.815  -25.826 2.969565
53063  -53.822  3.646  -25.745 3.013694
53064  -54.449  2.995  -25.412 3.030571
53065  -54.609  3.350  -25.814 3.049298
53066  -55.835  -0.490  -27.315 2.797220
53067  -56.363  -0.184  -26.782 2.922790
53068  -56.245  -1.096  -26.911 2.837925
53069  -56.701  -1.801  -26.476 2.866223
53070  -55.935  -2.143  -27.081 2.735774
55912  -55.576  -0.675  -23.609 2.740610
57698  -57.007  4.482  -6.291 3.568997
57699  -57.356  4.075  -6.273 3.591474
57700  -56.997  4.816  -6.607 3.600979
57701  -56.849  5.397  -8.132 3.601503
57702  -57.082  4.923  -7.587 3.614247
57703  -56.944  4.773  -8.360 3.584729
57704  -56.968  4.123  -8.568 3.558701
57705  -56.683  4.455  -9.170 3.529899
57706  -56.190  4.015  -10.009 3.453509
57707  -56.380  4.772  -9.754 3.493078
57708  -55.799  5.835  -10.853 3.481123
57709  -55.712  5.114  -11.159 3.414715
57710  -55.430  5.305  -11.849 3.378864
57711  -54.918  4.723  -13.027 3.261783
57712  -55.164  5.513  -12.593 3.346948
62606  -60.079  -7.204  -22.339 2.872585
62626  -51.219  13.722  -15.488 3.556781
62627  -51.604  13.455  -14.753 3.589212
62628  -51.576  13.446  -15.395 3.621198
62629  -52.020  12.472  -16.136 3.766027
62630  -52.202  12.697  -15.282 3.755189
62631  -52.433  12.139  -15.385 3.794673
62632  -52.840  11.829  -14.628 3.815784
62633  -52.611  11.502  -15.521 3.798201
62634  -52.734  10.724  -15.733 3.758720
62635  -52.249  11.042  -16.602 3.752635
62636  -50.422  10.174  -19.874 3.603135
62637  -51.042  9.958  -18.943 3.595490
62638  -50.159  9.468  -20.095 3.496957
62639  -49.877  8.691  -20.342 3.365737
62640  -49.203  8.915  -21.195 3.394724
62641  -42.639  18.307  -28.467 3.347651
62642  -43.396  18.138  -27.791 3.427248
62643  -42.860  18.017  -28.642 3.362920
62644  -42.811  16.624  -29.627 3.337479
62645  -43.371  17.064  -28.712 3.395195
62646  -43.463  16.512  -28.993 3.397393
62647  -44.246  16.293  -28.117 3.437375
62648  -43.718  15.817  -28.946 3.382344
62657  -50.164  7.331  -28.935 2.756690
62662  -53.168  5.035  -27.537 2.880180
64895  -55.766  0.730  -3.876 3.465291
64896  -56.345  1.509  -4.030 3.427598
64897  -55.791  1.434  -4.254 3.508297
64901  -54.949  2.716  -5.451 3.382875
64903  -55.398  2.798  -5.179 3.462819
64904  -55.879  2.850  -4.974 3.504456
64905  -55.887  3.480  -5.366 3.471912
64906  -56.377  3.903  -5.605 3.496302
64907  -55.864  4.191  -5.789 3.430496
64908  -55.292  5.572  -6.605 3.237283
64909  -55.735  5.495  -6.432 3.355129
64910  -55.638  6.112  -6.787 3.334860
64911  -55.901  6.465  -7.093 3.430895
64912  -55.520  6.651  -7.164 3.331889
69813  -58.869  -3.207  -23.422 2.753619
69814  -59.137  -3.864  -23.184 2.714959
69815  -59.100  -3.832  -23.590 2.801319
69816  -59.256  -4.469  -23.682 2.849536
69817  -58.946  -3.871  -23.993 2.869431
69833  -50.039  14.202  -16.194 3.520193
69834  -50.429  14.081  -15.923 3.497305
69835  -50.062  14.387  -16.695 3.478574
69836  -49.523  14.946  -18.614 3.433270
69837  -49.973  14.602  -17.848 3.455892
69838  -49.856  14.619  -18.496 3.469616
69839  -50.197  14.141  -18.491 3.525945
69840  -49.719  14.560  -19.283 3.493021
75168  -56.309  -2.475  -7.413 2.756404
75170  -55.292  -2.955  -8.365 2.708179
75172  -54.806  -2.803  -9.056 2.765233
75175  -57.874  0.490  -3.169 2.876381
75176  -58.238  1.465  -4.388 3.151823
75177  -58.329  0.975  -3.908 2.983017
75178  -58.474  1.031  -4.347 3.048406
75179  -58.674  0.501  -4.328 2.945579
75180  -58.588  0.929  -4.815 3.110497
75181  -57.776  3.313  -6.194 3.570019
75182  -57.900  2.856  -5.761 3.508067
75183  -57.877  2.907  -6.239 3.529107
75184  -57.734  1.626  -7.024 3.391109
75185  -57.980  1.883  -6.281 3.394640
75186  -57.825  1.392  -6.370 3.304896
75187  -58.087  0.890  -5.831 3.193661
75188  -57.762  0.674  -6.540 3.203589
75189  -57.580  -0.083  -6.714 3.094077
75190  -57.167  0.240  -7.429 3.189276
75191  -54.774  -0.507  -10.133 3.141879
75192  -55.306  -0.851  -9.358 3.092865
75193  -54.386  -1.294  -10.266 3.016135
75194  -53.976  -2.028  -10.420 2.877014
75195  -53.508  -1.638  -11.189 2.923587
75196  -52.660  -2.053  -12.324 2.816192
75197  -53.123  -1.414  -12.122 2.958622
75198  -52.700  -0.184  -13.741 3.073520
75199  -52.296  -0.858  -14.005 2.985178
75200  -51.971  -0.694  -14.929 2.976383
75201  -51.244  -1.046  -16.161 2.875472
75202  -51.561  -0.428  -15.903 2.955024
75203  -54.641  2.799  -12.172 3.263175
75204  -54.183  1.950  -12.517 3.225586
75205  -53.852  2.000  -13.415 3.164090
75206  -51.774  1.164  -16.908 2.926915
75207  -52.057  0.854  -16.138 2.985586
75208  -51.233  0.620  -17.426 2.910588
75209  -50.856  0.089  -17.744 2.885921
75210  -50.582  0.474  -18.536 2.844456
75211  -50.066  0.276  -19.603 2.784781
75212  -50.279  0.878  -19.237 2.802551
75233  -41.686  18.948  -28.418 3.382363
75234  -41.979  18.819  -28.510 3.352974
75235  -41.233  19.009  -29.147 3.219398
75236  -39.548  18.819  -31.220 2.795221
75237  -40.321  18.765  -30.535 2.960337
75238  -39.970  18.481  -31.114 2.853635
75239  -40.136  18.103  -31.439 2.917235
75240  -39.599  18.099  -31.788 2.755164
89951  -54.269  8.089  -8.327 3.163763
89952  -54.429  7.491  -7.905 3.115123
89953  -54.738  7.983  -8.150 3.277306
89954  -55.155  7.805  -8.035 3.380984
89955  -54.994  8.346  -8.466 3.429127
89964  -52.233  12.699  -13.470 3.627422
89965  -52.099  12.508  -13.023 3.563977
89966  -52.530  12.293  -12.752 3.626008
89967  -53.527  11.192  -11.132 3.646491
89968  -53.084  11.412  -11.322 3.571968
89969  -53.342  10.991  -10.665 3.519858
89970  -53.139  10.689  -10.359 3.373496
89971  -53.590  10.521  -10.119 3.454294
89972  -53.759  9.907  -9.680 3.379848
89973  -54.031  10.312  -9.989 3.537896
89974  -54.900  9.673  -10.352 3.739739
89975  -54.783  9.658  -9.837 3.667513
89976  -55.146  9.215  -9.861 3.695543
89977  -55.331  8.651  -9.315 3.648435
89978  -55.414  8.656  -9.920 3.693840
89979  -55.627  8.124  -10.061 3.664559
89980  -55.398  8.540  -10.641 3.688892
89981  -54.673  8.083  -13.015 3.540615
89982  -55.046  7.768  -12.377 3.541005
89983  -54.672  7.165  -13.469 3.417749
89984  -54.573  6.195  -13.965 3.296686
89985  -54.255  6.555  -14.625 3.279466
89986  -52.838  9.118  -16.233 3.559093
89987  -53.318  8.868  -15.308 3.550139
89988  -52.760  8.258  -16.555 3.419076
89989  -51.360  6.138  -18.631 3.004795
89990  -52.401  6.555  -17.411 3.128040
89991  -52.024  5.801  -17.917 3.001044
89992  -52.635  5.421  -17.212 3.009246
89993  -51.553  5.024  -18.467 2.896938
89994  -51.143  4.258  -19.071 2.819115
89995  -50.612  4.669  -19.705 2.808052
89996  -49.011  4.312  -22.692 2.726810
89997  -49.232  4.026  -22.040 2.709723
90000  -49.206  3.200  -23.943 2.712569
90008  -46.743  16.783  -22.287 3.655439
90009  -44.742  17.610  -26.230 3.508192
90010  -45.122  17.591  -25.342 3.555153
90011  -45.390  17.350  -25.270 3.515305
90012  -46.891  16.504  -23.377 3.466768
90013  -46.580  16.833  -23.480 3.487735
90014  -47.186  16.524  -22.636 3.464673
90015  -47.404  16.470  -21.973 3.478309
90016  -47.698  16.216  -21.812 3.442692
90017  -48.191  15.897  -20.962 3.426134
90018  -48.014  15.921  -21.645 3.435376
90019  -48.099  14.833  -22.531 3.496236
90020  -48.465  15.077  -21.673 3.478764
90021  -48.583  14.487  -21.807 3.513922
90022  -49.080  14.127  -21.044 3.539360
90023  -48.594  13.749  -21.958 3.546658
90025  -41.849  14.178  -32.369 3.026619
90030  -43.762  14.008  -29.413 3.291192
90035  -45.634  11.324  -28.388 3.162085
90036  -45.495  11.549  -29.245 3.099525
90037  -45.216  12.211  -27.981 3.236383
90038  -44.974  13.089  -27.745 3.305005
90039  -45.433  12.916  -26.753 3.346873
90040  -46.070  13.508  -25.554 3.427280
90041  -45.993  12.600  -25.757 3.389213
90042  -46.892  11.057  -24.510 3.434888
90043  -47.013  11.945  -24.180 3.474505
90044  -47.555  11.520  -23.503 3.514463
90045  -48.364  12.071  -22.506 3.571184
90046  -48.193  11.162  -22.742 3.549512
90047  -48.802  10.844  -22.070 3.577091
90048  -48.047  10.399  -23.054 3.500903
90049  -47.219  8.397  -25.116 3.238971
90050  -47.640  8.929  -23.915 3.333725
90051  -47.499  8.187  -24.205 3.229717
90052  -47.852  7.903  -23.388 3.204276
90053  -47.466  7.402  -24.585 3.125133
90054  -49.965  6.774  -27.948 2.913359
90055  -48.866  7.054  -27.714 2.985009
90056  -49.672  6.396  -27.558 2.955291
90057  -49.592  5.198  -26.376 2.932643
90058  -48.894  5.828  -26.503 2.961585
90059  -48.653  5.576  -25.833 2.932806
90060  -48.002  5.998  -25.053 2.949931
90061  -48.629  5.354  -25.171 2.890984
90062  -48.649  5.114  -24.530 2.843399
90063  -49.193  4.784  -25.188 2.853626
90064  -51.716  2.955  -25.534 2.885227
90065  -50.554  3.375  -25.314 2.831777
90066  -51.302  2.619  -25.275 2.834575
90067  -50.843  2.281  -25.010 2.786764
90068  -52.104  1.859  -25.059 2.835120
90069  -52.767  1.159  -24.720 2.824603
90070  -53.371  1.530  -24.801 2.881671
90071  -55.567  1.653  -24.786 3.010299
90072  -55.369  1.165  -24.460 2.949128
90073  -56.025  0.923  -24.441 2.966140
90074  -56.402  0.245  -24.059 2.901197
90075  -56.588  0.610  -24.388 2.973550
90076  -55.499  2.654  -26.634 3.037942
90077  -55.706  2.542  -26.075 3.077859
90078  -56.019  2.014  -26.219 3.066544
90079  -57.138  0.091  -25.668 3.028401
90080  -56.912  0.622  -25.517 3.053081
90081  -57.346  0.045  -25.107 3.015960
90082  -57.446  -0.086  -24.580 2.971118
90083  -57.767  -0.526  -24.701 2.965935
90084  -58.055  -1.108  -24.322 2.909548
90085  -57.961  -1.135  -24.856 2.958900
90086  -57.432  -2.898  -25.640 2.895737
90087  -58.014  -2.692  -25.118 2.931184
90088  -57.812  -3.501  -25.214 2.902818
90089  -58.251  -4.149  -24.850 2.908119
90090  -57.596  -4.352  -25.324 2.858494
93451  -53.910  -0.229  -24.052 2.746101
94523  -56.528  5.884  -7.040 3.565602
94524  -56.825  5.412  -7.024 3.601531
94525  -56.631  5.977  -7.453 3.599665
94526  -56.694  5.936  -7.990 3.607656
94527  -56.602  5.835  -8.633 3.585328
94528  -56.401  5.497  -9.478 3.532578
94529  -56.340  6.136  -9.229 3.570057
94530  -56.075  6.292  -9.907 3.558011
94531  -55.837  6.577  -10.556 3.549851
97466  -59.730  -5.540  -22.840 2.814520
97467  -59.944  -6.017  -22.352 2.792282
97468  -59.822  -6.106  -22.839 2.868163
97469  -59.903  -6.685  -22.810 2.901831
97470  -59.847  -7.339  -22.751 2.906555
97471  -59.726  -8.028  -22.698 2.876040
97472  -59.459  -7.511  -23.137 2.897411
97480  -51.044  13.697  -16.896 3.608498
97481  -51.481  13.388  -16.077 3.651955
97482  -51.326  13.251  -16.901 3.677193
97483  -51.549  12.718  -17.035 3.731230
97484  -51.700  12.039  -17.255 3.756311
97485  -51.749  11.338  -17.525 3.741702
97486  -51.228  11.503  -18.416 3.725087
97487  -50.607  10.952  -19.642 3.673306
97488  -49.882  10.398  -20.731 3.603813
97489  -41.486  17.985  -30.228 3.194392
97490  -42.265  17.784  -29.508 3.300360
97491  -41.754  17.420  -30.247 3.231965
97492  -42.039  16.764  -30.295 3.255573
97493  -42.276  15.960  -30.511 3.258115
98846  -54.478  2.512  -5.663 3.268241
98847  -54.953  3.427  -5.805 3.293723
98848  -55.384  4.184  -5.938 3.334743
98849  -54.953  4.154  -6.148 3.212562
98850  -54.880  4.906  -6.492 3.147048
98851  -54.831  5.552  -6.805 3.102611
101793  -58.578  -2.627  -23.291 2.711422
101794  -58.610  -2.527  -23.649 2.799809
101804  -49.251  14.957  -17.781 3.510244
101805  -49.638  14.774  -17.538 3.463455
101806  -49.244  15.105  -18.296 3.455214
101807  -49.203  15.212  -18.832 3.426287
101808  -49.110  15.302  -19.402 3.420369
105006  -57.293  -1.972  -6.558 2.778039
105007  -56.795  -1.739  -7.208 2.866317
105008  -57.386  1.290  -3.717 3.191852
105009  -57.827  1.043  -3.586 3.057384
105010  -57.708  1.631  -4.045 3.213944
105011  -58.004  1.783  -4.432 3.251885
105012  -58.180  1.892  -4.869 3.297569
105013  -57.563  3.269  -7.390 3.566457
105014  -57.742  2.925  -6.776 3.533201
105015  -57.472  2.736  -7.419 3.516051
105016  -57.455  1.970  -7.643 3.448770
105017  -57.233  1.203  -7.932 3.364771
105018  -56.795  0.496  -8.182 3.265011
105019  -56.389  0.733  -8.926 3.317058
105020  -55.273  0.307  -9.942 3.251290
105021  -54.268  -0.191  -10.934 3.171286
105022  -53.526  -0.685  -11.935 3.080156
105023  -53.905  0.039  -11.722 3.179655
105024  -53.489  0.255  -12.619 3.167801
105025  -53.123  0.431  -13.496 3.138406
105026  -54.060  2.970  -13.893 3.138547
105027  -53.589  2.125  -14.326 3.099726
105028  -53.316  2.284  -15.128 3.036264
105029  -52.434  1.780  -16.414 2.945915
105030  -51.469  1.554  -17.691 2.870311
105031  -50.633  1.411  -18.834 2.809904
105032  -51.069  2.028  -18.465 2.818653
105034  -50.286  2.920  -19.908 2.739846
105045  -40.568  19.099  -29.698 3.064731
113876  -53.824  8.152  -8.564 3.049824
113877  -54.121  8.815  -8.808 3.228114
113882  -51.837  11.717  -12.247 3.420977
113883  -52.972  12.036  -13.129 3.763014
113884  -52.919  11.981  -12.529 3.696278
113885  -53.333  11.639  -12.418 3.761385
113886  -53.650  11.310  -11.614 3.744748
113887  -53.929  10.942  -10.957 3.713197
113888  -54.194  10.505  -10.381 3.668147
113889  -54.304  10.575  -10.871 3.759929
113890  -54.648  10.128  -10.859 3.777316
113891  -54.929  9.621  -11.042 3.760787
113892  -55.147  8.963  -11.226 3.711389
113893  -54.838  9.393  -11.787 3.730165
113894  -54.585  8.955  -12.706 3.653528
113895  -54.252  8.385  -13.676 3.541486
113896  -51.287  8.051  -18.608 3.307045
113897  -52.003  7.715  -17.810 3.284986
113898  -50.957  7.268  -18.958 3.158462
113899  -50.657  6.536  -19.277 3.020650
113900  -50.300  5.761  -19.888 2.902839
113901  -50.028  5.035  -20.380 2.810472
113902  -49.485  5.356  -21.084 2.826474
113903  -48.949  4.966  -22.259 2.777714
113904  -48.839  4.583  -23.286 2.756605
113909  -45.574  17.422  -24.067 3.713398
113910  -45.299  16.926  -26.064 3.484369
113911  -45.671  17.081  -25.130 3.493653
113912  -45.908  16.690  -25.152 3.484192
113913  -46.513  16.406  -24.300 3.475474
113914  -47.141  16.115  -23.308 3.463707
113915  -47.727  15.838  -22.450 3.453857
113916  -47.309  15.673  -23.349 3.472197
113917  -47.454  15.101  -23.423 3.485751
113918  -47.456  14.440  -23.536 3.498089
113926  -46.773  10.033  -29.486 2.935355
113927  -46.160  10.452  -28.616 3.086672
113928  -45.699  11.054  -27.463 3.223569
113929  -45.949  11.728  -26.189 3.340214
113930  -45.944  10.761  -26.609 3.282039
113931  -46.358  10.486  -25.811 3.334726
113932  -46.776  10.214  -24.999 3.378390
113933  -47.304  9.929  -24.193 3.409927
113934  -46.840  9.381  -25.485 3.308002
113935  -47.002  8.603  -25.922 3.228969
113936  -47.305  7.883  -26.345 3.148095
113937  -51.552  5.595  -27.411 2.920929
113938  -50.507  5.827  -27.372 2.942574
113939  -51.309  5.259  -26.972 2.946327
113940  -50.970  4.923  -26.567 2.944789
113941  -50.489  4.597  -26.128 2.921179
113942  -50.191  4.330  -25.703 2.882299
113943  -51.465  3.969  -25.889 2.923332
113944  -52.196  3.344  -25.694 2.932645
113945  -53.121  2.716  -25.380 2.940848
113946  -53.851  2.003  -24.974 2.939315
113947  -54.195  2.503  -25.152 2.991391
113948  -55.050  2.279  -25.055 3.031243
113949  -55.708  2.013  -25.161 3.057282
113950  -55.788  1.256  -27.095 2.959317
113951  -56.188  1.319  -26.465 3.037132
113952  -56.382  0.584  -26.630 2.989274
113953  -56.824  -0.019  -26.228 2.999448
113954  -57.278  -0.683  -25.832 2.992910
113955  -57.689  -1.290  -25.474 2.974208
113956  -57.254  -1.551  -26.003 2.945542
113957  -57.072  -2.373  -26.026 2.884512
113958  -56.687  -3.190  -26.109 2.807963
118213  -57.056  -0.925  -23.360 2.732910
120712  -58.880  -0.559  -4.337 2.754321
120713  -57.364  3.285  -5.510 3.538115
120714  -57.626  3.031  -5.410 3.518784
120715  -57.564  3.493  -5.870 3.566073
120716  -57.584  3.733  -6.221 3.591299
120717  -57.672  3.706  -6.681 3.605030
120718  -57.105  4.892  -7.065 3.618389
120719  -57.388  4.306  -7.132 3.617671
120720  -57.525  3.762  -7.266 3.600275
120721  -57.305  3.630  -8.023 3.573110
120722  -56.909  3.493  -8.669 3.523278
120723  -56.268  3.039  -9.541 3.453935
120724  -55.416  2.467  -10.551 3.370584
120725  -55.853  3.259  -10.266 3.413505
120726  -55.489  3.357  -11.061 3.362056
120727  -55.143  3.488  -11.821 3.305230
120728  -56.027  4.998  -10.459 3.453481
120729  -55.528  4.355  -11.536 3.355430
120730  -54.792  3.681  -12.629 3.247452
120731  -54.522  3.847  -13.471 3.191905
120732  -54.243  4.037  -14.235 3.140765
120733  -53.911  4.241  -14.973 3.095607
127612  -51.100  13.485  -14.552 3.528669
127613  -51.449  13.109  -13.912 3.532130
127614  -51.542  13.363  -14.319 3.559034
127615  -51.926  13.117  -14.154 3.614071
127616  -52.307  12.786  -13.968 3.682513
127617  -51.906  13.128  -15.283 3.692330
127618  -52.291  12.840  -14.559 3.726241
127619  -52.642  12.417  -13.840 3.750662
127620  -52.968  11.969  -13.789 3.803779
127621  -53.258  11.425  -13.860 3.828272
127622  -53.530  10.866  -13.834 3.814513
127623  -53.750  10.216  -13.896 3.759161
127624  -53.247  10.467  -14.786 3.760759
127625  -52.830  10.009  -15.868 3.676501
127626  -52.286  9.404  -17.154 3.570792
127627  -51.800  10.526  -17.742 3.683079
127628  -51.687  9.685  -18.024 3.583729
127629  -51.513  8.873  -18.297 3.453710
127630  -50.590  8.387  -19.446 3.335073
127631  -49.561  7.926  -20.633 3.223428
127632  -48.775  7.434  -21.747 3.125478
127633  -43.479  18.357  -27.100 3.541164
127634  -44.191  18.088  -26.300 3.592996
127635  -43.816  18.125  -27.025 3.501364
127636  -44.121  17.890  -27.022 3.480103
127637  -44.363  17.554  -27.071 3.471943
127638  -43.155  17.617  -28.661 3.381316
127639  -44.005  17.395  -27.782 3.437300
127640  -44.644  17.178  -27.029 3.470395
127641  -44.813  16.628  -27.044 3.468760
127642  -44.872  16.096  -27.283 3.460967
127643  -44.943  15.437  -27.345 3.442348
127653  -48.393  8.749  -29.454 2.811053
127654  -48.506  8.361  -28.840 2.899632
127655  -48.479  8.027  -28.286 2.974312
127656  -49.364  7.692  -28.636 2.863750
127657  -50.143  7.070  -28.366 2.845898
127658  -50.936  6.452  -28.131 2.847062
127660  -51.752  6.135  -28.345 2.784279
127661  -51.700  5.927  -27.881 2.866552
127662  -52.440  5.334  -27.431 2.901598
127663  -53.199  4.992  -26.972 2.947221
127664  -54.000  4.259  -26.634 2.996378
127665  -54.628  3.561  -26.438 3.040692
127666  -54.516  3.741  -26.993 2.999667
130585  -56.977  0.859  -3.475 3.191905
130586  -56.901  1.448  -3.859 3.318515
130587  -56.901  2.052  -4.289 3.413784
130588  -56.905  2.630  -4.687 3.478731
130594  -55.305  1.304  -4.472 3.550322
130595  -55.874  2.205  -4.594 3.519258
130596  -56.417  2.786  -4.820 3.508407
130597  -56.987  3.094  -5.123 3.516365
130598  -56.955  3.571  -5.569 3.531624
130599  -56.769  4.255  -5.955 3.531149
130600  -56.586  5.016  -6.337 3.522461
130601  -55.801  4.849  -6.085 3.388976
130602  -56.147  5.326  -6.334 3.451029
130603  -56.379  5.705  -6.678 3.512990
130604  -56.227  6.231  -7.072 3.509022
130605  -56.091  6.717  -7.483 3.515013
130606  -55.951  7.181  -7.917 3.533107
136816  -59.567  -5.016  -22.881 2.750104
136817  -59.516  -5.014  -23.280 2.832192
136818  -59.321  -5.088  -23.724 2.891552
136819  -59.061  -5.285  -24.121 2.917181
136839  -50.716  13.545  -14.744 3.531515
136840  -50.755  13.825  -15.193 3.515526
136841  -50.800  13.946  -15.731 3.512036
136842  -50.814  13.990  -16.289 3.521035
136843  -50.011  14.552  -17.289 3.457621
136844  -50.389  14.285  -17.085 3.486162
136845  -50.767  13.983  -16.929 3.540246
136846  -50.628  13.876  -17.704 3.565397
136847  -50.419  13.736  -18.521 3.590742
136848  -50.098  13.376  -19.600 3.609793
136850  -40.779  15.148  -32.790 2.940275
143402  -58.172  0.740  -3.481 2.922961
143403  -58.464  0.353  -3.434 2.794429
143405  -58.774  -0.028  -3.842 2.764509
143406  -58.802  -0.060  -4.339 2.846622
143407  -58.570  -0.162  -4.807 2.914461
143408  -57.842  2.739  -5.350 3.477187
143409  -58.023  2.386  -5.325 3.417084
143410  -58.210  1.947  -5.302 3.342071
143411  -57.952  2.438  -6.274 3.470083
143412  -58.157  1.958  -5.749 3.376805
143413  -58.367  1.480  -5.256 3.255636
143414  -58.395  0.969  -5.294 3.161169
143415  -58.355  0.344  -5.321 3.062022
143416  -58.394  -0.288  -5.391 2.961674
143417  -58.000  -0.509  -6.090 2.984137
143418  -57.276  -0.943  -7.030 2.980253
143419  -56.309  -1.447  -7.917 2.950629
143420  -56.323  -0.295  -8.407 3.151549
143421  -55.831  -1.156  -8.643 3.027625
143422  -55.293  -1.919  -8.853 2.897337
143423  -54.385  -2.425  -9.727 2.822780
143424  -53.603  -2.727  -10.586 2.728780
143428  -51.445  -2.102  -14.546 2.725371
143429  -52.712  -1.163  -13.101 2.979486
143430  -51.843  -1.506  -14.296 2.869310
143431  -51.102  -1.802  -15.454 2.748874
143432  -50.811  -1.524  -16.345 2.763503
143433  -50.512  -1.213  -17.372 2.769314
143434  -50.218  -0.853  -18.242 2.767133
143435  -54.524  1.842  -11.704 3.279550
143436  -53.627  1.111  -13.089 3.186486
143437  -52.782  0.454  -14.418 3.095356
143438  -53.000  1.356  -14.769 3.070436
143439  -52.426  0.600  -15.301 3.043010
143440  -51.960  0.059  -15.604 3.007908
143441  -51.189  -0.164  -16.845 2.923842
143442  -50.518  -0.356  -17.988 2.841401
143472  -43.132  18.481  -27.073 3.603285
143473  -42.743  18.577  -27.785 3.461057
143474  -42.363  18.556  -28.410 3.342511
143475  -41.923  18.496  -29.119 3.241452
143476  -40.743  18.939  -29.880 3.080456
143477  -41.085  18.650  -29.891 3.110957
143478  -41.331  18.346  -30.043 3.151274
143479  -40.775  18.062  -30.878 3.065397
143480  -40.307  17.584  -31.611 2.977861
143481  -40.068  16.927  -32.380 2.884034
161189  -54.301  5.398  -7.040 2.958762
161190  -54.688  6.172  -7.166 3.082303
161191  -54.103  6.895  -7.764 2.955290
161192  -54.577  6.854  -7.518 3.086904
161193  -55.026  6.753  -7.313 3.215230
161194  -55.313  7.219  -7.599 3.347581
161195  -55.557  7.570  -7.947 3.467598
161196  -55.741  7.655  -8.358 3.563110
161206  -51.758  12.675  -13.280 3.521777
161207  -51.999  12.190  -12.607 3.494544
161208  -52.245  11.726  -11.959 3.448945
161209  -52.784  11.855  -11.996 3.607734
161210  -52.643  11.607  -11.627 3.502316
161211  -52.471  11.245  -11.299 3.385434
161212  -52.704  10.718  -10.648 3.306576
161213  -52.858  10.067  -10.165 3.216840
161214  -53.014  9.386  -9.682 3.122184
161215  -53.474  9.405  -9.436 3.206268
161216  -53.936  9.311  -9.239 3.302305
161217  -54.382  9.167  -9.075 3.399594
161218  -54.412  10.037  -9.902 3.612495
161219  -54.612  9.488  -9.433 3.550511
161220  -54.797  8.899  -8.957 3.487472
161221  -55.179  8.569  -8.845 3.557037
161222  -55.533  8.159  -8.805 3.602780
161223  -55.878  7.561  -8.933 3.623385
161224  -55.880  7.477  -9.605 3.641060
161225  -55.766  7.375  -10.328 3.613817
161226  -55.582  7.057  -11.119 3.544981
161227  -55.280  8.241  -11.435 3.635391
161228  -55.316  7.463  -11.707 3.542348
161229  -55.285  6.482  -12.129 3.442957
161230  -54.903  5.779  -13.298 3.319412
161231  -54.353  5.202  -14.485 3.187108
161232  -53.590  4.623  -15.665 3.057771
161233  -53.740  9.553  -14.092 3.665911
161234  -53.782  8.645  -14.476 3.544398
161235  -53.815  7.660  -14.850 3.407529
161236  -52.589  7.364  -16.974 3.270907
161237  -53.226  7.014  -16.130 3.265569
161238  -53.791  6.760  -15.296 3.268719
161239  -53.587  5.902  -15.933 3.139542
161240  -53.181  5.023  -16.482 3.028545
161241  -52.637  4.159  -16.926 2.940838
161242  -51.693  3.777  -18.251 2.842880
161243  -50.734  3.645  -19.472 2.767708
161244  -49.925  3.372  -20.613 2.716688
161245  -49.811  4.340  -20.877 2.745429
161246  -49.570  3.710  -21.312 2.706367
161259  -47.630  16.229  -20.743 3.581685
161260  -44.780  17.822  -25.506 3.618412
161261  -45.371  17.524  -24.643 3.621177
161262  -45.988  17.246  -23.698 3.606388
161263  -45.963  17.098  -24.406 3.506552
161264  -46.287  17.053  -23.598 3.532542
161265  -46.548  16.955  -22.909 3.579920
161266  -47.065  16.647  -22.166 3.547748
161267  -47.537  16.376  -21.355 3.515359
161268  -47.986  16.058  -20.532 3.487309
161269  -48.333  15.832  -20.316 3.434426
161270  -48.670  15.592  -20.173 3.418113
161271  -48.970  15.296  -20.086 3.432112
161272  -48.275  15.532  -21.585 3.449862
161273  -48.758  15.240  -20.817 3.454387
161274  -49.249  14.899  -20.060 3.468775
161275  -49.476  14.391  -20.110 3.518905
161276  -49.611  13.720  -20.288 3.571876
161277  -49.644  12.980  -20.596 3.616184
161278  -41.292  15.140  -32.212 3.055622
161279  -41.753  15.163  -31.611 3.154192
161280  -42.433  15.154  -30.790 3.235040
161282  -42.847  14.166  -31.053 3.185215
161283  -43.086  15.069  -30.038 3.298680
161284  -43.674  15.041  -29.210 3.346992
161285  -44.326  14.872  -28.331 3.382937
161286  -44.911  14.725  -27.476 3.410193
161293  -44.528  13.189  -28.779 3.262512
161294  -44.911  13.920  -27.591 3.363939
161295  -45.574  14.524  -26.525 3.432643
161296  -46.163  14.304  -25.529 3.453898
161297  -46.755  14.014  -24.570 3.476865
161298  -47.347  13.682  -23.651 3.503388
161299  -46.470  12.318  -25.001 3.432091
161300  -47.168  12.820  -23.920 3.496732
161301  -47.931  13.319  -22.915 3.534079
161302  -48.520  12.961  -22.282 3.568340
161303  -49.074  12.571  -21.587 3.604542
161304  -49.620  12.198  -20.902 3.640460
161305  -49.538  11.347  -21.107 3.635328
161306  -49.375  10.583  -21.478 3.595402
161307  -49.073  9.903  -21.797 3.520759
161308  -47.831  9.667  -23.562 3.427052
161309  -48.307  9.431  -22.836 3.429101
161310  -48.763  9.212  -21.994 3.417289
161311  -48.491  8.420  -22.235 3.295385
161312  -48.220  7.674  -22.599 3.167560
161313  -48.243  6.941  -22.854 3.045865
161314  -48.205  7.682  -27.846 3.030013
161315  -47.905  7.434  -27.175 3.063165
161316  -47.694  7.155  -26.449 3.072597
161317  -49.230  6.081  -27.092 2.970682
161318  -48.217  6.488  -26.511 3.008908
161319  -47.565  6.921  -25.672 3.059930
161320  -47.593  6.663  -24.863 3.029420
161321  -47.930  6.465  -24.007 2.987165
161322  -48.315  6.266  -23.178 2.939948
161323  -48.478  5.550  -23.559 2.856047
161324  -48.711  4.849  -23.907 2.796769
161325  -49.048  4.259  -24.228 2.761296
161326  -49.846  4.056  -25.289 2.835619
161327  -49.589  3.805  -24.866 2.788166
161328  -49.345  3.514  -24.424 2.745748
161329  -49.773  2.724  -24.667 2.743586
161330  -50.361  1.976  -24.745 2.746270
161331  -50.985  1.152  -24.640 2.744228
161332  -52.179  0.791  -24.615 2.772617
161333  -53.398  0.495  -24.402 2.796110
161334  -54.513  0.214  -24.167 2.811909
161335  -54.437  1.334  -24.647 2.920790
161336  -54.962  0.672  -24.308 2.881007
161337  -55.330  0.028  -23.934 2.819753
161338  -56.077  -0.180  -23.804 2.821663
161339  -56.735  -0.367  -23.734 2.821065
161340  -57.269  -0.586  -23.700 2.821597
161341  -55.250  2.970  -25.927 3.071637
161342  -55.767  2.330  -25.570 3.082270
161343  -56.224  1.641  -25.261 3.068841
161344  -56.461  1.308  -25.905 3.071293
161345  -56.647  1.173  -25.403 3.066926
161346  -56.673  0.910  -24.830 3.031524
161347  -57.083  0.317  -24.452 2.974262
161348  -57.412  -0.308  -24.103 2.903411
161349  -57.720  -0.905  -23.781 2.826235
161350  -58.074  -1.274  -23.886 2.836601
161351  -58.329  -1.775  -23.972 2.852681
161352  -58.581  -2.487  -24.048 2.872711
161353  -58.067  -1.902  -25.001 2.948406
161354  -58.435  -2.535  -24.546 2.920179
161355  -58.686  -3.177  -24.254 2.893147
161356  -58.665  -3.970  -24.433 2.908746
161357  -58.646  -4.753  -24.515 2.912928
161358  -58.517  -5.528  -24.615 2.898629
161384  -57.719  -5.761  -25.039 2.828985
161385  -58.260  -6.225  -24.659 2.859747
