#!ascii label , from subject fsaverage
1418
33  51.778  -54.700  34.825 4.743646
301  48.094  -59.686  27.266 3.925720
310  53.323  -51.172  40.376 7.285868
413  51.984  -56.684  42.234 5.188728
415  46.535  -62.716  44.877 3.654546
779  51.873  -53.795  30.951 4.264799
781  47.359  -56.882  32.004 5.304259
790  54.872  -54.045  39.095 6.098063
791  56.561  -51.729  37.379 4.645501
792  55.400  -54.273  32.252 4.222706
929  49.563  -56.431  44.356 5.457219
930  49.982  -59.688  43.486 5.252684
931  47.474  -58.544  45.704 4.070635
1710  50.723  -47.770  37.233 5.943530
1711  51.714  -43.884  40.271 4.437784
1712  53.289  -48.036  37.311 5.091946
1925  52.183  -56.253  38.276 5.042500
1926  49.048  -58.684  35.438 4.739499
1927  50.625  -59.564  38.929 4.743691
1944  50.426  -50.838  40.449 4.066894
1945  53.385  -54.105  42.314 5.376834
2356  48.859  -61.180  30.780 4.520880
2699  51.875  -54.085  32.809 4.645734
2700  49.356  -54.790  31.900 4.746264
2701  49.295  -55.309  33.525 4.853664
2710  53.953  -55.047  36.504 5.260727
2711  55.689  -54.161  36.042 5.183803
2712  54.058  -54.311  33.682 4.746917
2713  54.016  -53.967  31.311 4.289598
2849  47.520  -55.771  44.352 4.521898
2850  48.529  -57.320  45.004 5.250800
2851  46.867  -56.538  44.559 3.809170
2863  48.284  -54.817  44.039 4.056633
3810  51.808  -49.667  38.919 6.983182
3811  51.977  -48.011  37.140 6.389316
3812  53.236  -49.815  38.612 6.965845
4229  52.259  -56.426  40.218 5.081250
4230  50.604  -57.729  38.303 4.870264
4231  51.037  -57.948  40.378 5.120023
4232  48.627  -61.090  44.121 4.370340
4233  49.691  -61.241  41.761 4.242448
4270  51.787  -55.362  43.726 4.577809
4271  52.064  -53.737  43.288 4.189044
4272  52.770  -55.382  42.613 4.936845
4273  53.400  -55.427  40.905 5.446733
5242  50.117  -60.504  35.149 4.417292
5243  48.895  -59.975  33.194 4.863441
5244  49.724  -61.516  33.009 3.929189
6013  49.040  -54.262  30.470 3.685325
6014  47.259  -56.339  30.724 4.370926
6015  47.055  -58.706  29.549 4.969699
6030  54.816  -52.779  40.382 6.842359
6031  55.040  -51.338  39.597 6.574805
6032  55.945  -52.929  38.231 5.837023
6033  56.431  -53.303  35.273 4.331750
6037  53.525  -53.434  29.458 3.704986
6281  51.129  -56.751  43.769 5.503459
6282  50.895  -58.207  42.562 5.544971
6283  50.069  -58.093  44.346 5.840194
6284  48.985  -59.341  45.239 5.073461
6285  47.414  -60.720  45.791 3.986697
6307  50.221  -55.127  44.204 4.421607
7830  49.776  -45.012  37.242 4.736652
7831  50.082  -43.479  39.553 4.262830
7832  51.134  -44.967  37.441 5.419622
7833  52.291  -45.340  37.683 4.817055
7835  55.050  -49.674  38.359 5.038583
8381  51.844  -55.656  36.494 4.886411
8382  49.377  -56.306  35.499 4.670253
8383  49.991  -57.029  36.867 4.693599
8384  49.841  -59.192  37.230 4.669042
8385  50.654  -61.108  37.143 4.157509
8386  50.543  -59.608  41.113 4.961990
8387  50.561  -61.113  39.432 4.090054
8430  49.555  -47.383  37.314 4.491373
8431  50.515  -49.524  38.745 5.367582
8432  51.883  -50.968  40.585 6.089158
8434  51.945  -52.255  42.125 4.795364
8435  53.656  -52.664  41.634 6.391045
8436  54.315  -54.122  40.862 6.236114
8437  53.636  -55.178  38.878 5.602163
9622  47.992  -57.666  33.820 5.075236
9623  47.510  -59.328  31.301 5.357512
9624  48.314  -60.580  28.956 4.726595
9626  50.003  -62.229  28.695 3.871627
9627  49.762  -61.630  26.749 3.729982
10379  51.827  -54.330  33.797 4.701323
10380  50.513  -54.477  33.250 4.746262
10381  50.409  -54.782  34.144 4.716934
10390  52.998  -54.871  35.583 4.934993
10391  53.907  -54.591  35.175 5.002854
10392  53.049  -54.506  34.385 4.788688
10393  53.108  -54.160  33.170 4.652801
10529  46.493  -55.391  44.080 3.833534
10530  47.129  -56.108  44.475 4.281152
10543  46.737  -54.972  43.950 3.917107
11462  47.304  -58.895  27.783 3.722316
11490  52.474  -50.406  39.611 7.259136
11491  52.457  -49.776  38.811 7.250915
11492  53.246  -50.488  39.476 7.344047
11909  52.192  -56.575  41.230 5.105245
11910  51.525  -57.214  40.155 5.081208
11911  51.593  -57.332  41.253 5.214453
11912  47.665  -61.831  44.407 3.945552
11913  48.278  -61.928  43.332 3.897692
11950  51.961  -56.058  43.275 4.986400
11951  52.349  -55.387  43.190 4.717949
11952  52.407  -55.962  42.370 4.997513
11953  52.675  -55.942  41.543 5.080167
12922  50.521  -61.315  35.171 3.967508
12923  50.063  -61.013  34.057 4.195338
12924  50.051  -61.980  34.264 3.647346
13859  51.662  -53.689  30.128 3.829891
13861  50.573  -53.967  30.684 4.069637
13862  48.119  -55.724  32.117 5.034423
13863  48.127  -55.452  31.448 4.669544
13864  47.276  -56.614  31.384 5.018877
13865  46.944  -57.621  30.212 4.734609
13866  47.036  -57.871  30.866 5.286714
13890  54.999  -53.489  39.845 6.497376
13891  55.436  -52.829  39.441 6.480334
13892  55.521  -53.520  38.771 6.086672
13893  55.596  -54.128  34.221 4.674534
13894  56.117  -53.716  35.782 4.846998
13895  55.986  -53.936  33.768 4.249717
13896  56.466  -53.654  33.450 3.694088
13897  55.883  -54.138  31.922 3.748310
13899  55.425  -54.044  30.935 3.844598
13900  53.044  -53.810  31.133 4.316236
13901  53.863  -53.740  30.333 4.037176
13902  52.832  -53.639  30.211 4.016584
14309  50.467  -56.673  44.257 5.577600
14310  50.593  -57.380  43.921 5.811107
14311  49.824  -57.199  44.400 5.804322
14312  48.080  -57.851  45.403 4.706844
14313  48.820  -58.275  45.344 5.257338
14314  48.289  -59.018  45.701 4.658945
14315  48.363  -60.156  45.557 4.498648
14316  47.523  -59.724  45.868 4.055728
14350  48.931  -55.614  44.431 4.830297
14351  49.242  -54.960  44.231 4.288297
14352  49.970  -55.840  44.312 5.039431
14353  50.788  -56.017  44.109 5.085210
17190  50.302  -46.406  36.788 5.355908
17191  50.443  -44.932  37.509 5.201635
17192  50.848  -46.483  36.656 5.790441
17193  52.537  -48.183  37.139 5.949314
17194  51.966  -46.680  36.785 5.637525
17195  52.512  -46.745  36.939 4.965245
17196  52.857  -45.566  37.806 4.045113
17197  53.213  -46.832  37.149 4.034740
17198  55.841  -51.454  38.591 5.654604
17199  55.066  -50.524  39.023 5.955071
17200  56.038  -50.794  38.130 4.852280
18449  52.054  -55.983  37.331 4.974716
18450  50.716  -56.176  36.763 4.746276
18451  50.966  -56.508  37.445 4.827307
18452  50.480  -58.619  38.648 4.845105
18453  50.122  -58.377  37.716 4.759958
18454  50.270  -59.428  37.979 4.692793
18455  50.298  -60.231  37.141 4.508170
18456  50.652  -60.314  38.081 4.481432
18457  50.446  -58.917  43.137 5.501581
18458  50.618  -58.893  41.968 5.299494
18459  50.288  -59.695  42.319 5.121609
18460  49.468  -62.081  40.946 3.664238
18461  50.244  -61.191  40.605 4.144242
18563  49.055  -46.196  36.537 4.018251
18564  48.804  -47.157  36.986 3.715051
18565  49.733  -50.193  39.372 3.757869
18566  49.838  -49.625  38.472 4.389301
18567  50.468  -50.277  39.542 4.735916
18568  51.224  -50.267  39.695 5.768051
18569  51.158  -50.949  40.535 5.084921
18573  52.722  -54.005  42.823 4.770151
18574  51.977  -53.027  42.713 4.370013
18575  52.815  -53.259  42.366 5.130668
18576  52.842  -52.493  41.893 5.668438
18577  53.566  -53.454  41.955 5.844014
18578  54.128  -53.476  41.341 6.374515
18579  53.905  -54.152  41.621 5.902805
18580  52.865  -55.825  39.553 5.275730
18581  53.536  -55.303  39.934 5.593652
18582  52.883  -55.708  38.437 5.284163
18583  52.995  -55.529  37.499 5.212419
21487  48.993  -57.565  35.604 4.705833
21488  48.535  -57.001  34.672 4.816997
21489  48.454  -58.218  34.608 4.874684
21490  48.790  -60.510  31.972 4.756671
21491  48.111  -59.555  32.327 5.141442
21492  48.194  -60.340  30.991 5.021745
21493  47.837  -60.074  30.097 5.140527
21494  48.605  -60.908  29.795 4.721826
21501  49.856  -61.982  27.643 3.891997
21713  50.909  -43.626  39.944 4.492109
21714  50.397  -43.132  40.854 3.923256
21715  51.306  -43.414  41.297 4.090164
23291  51.917  -53.928  31.802 4.521892
23292  50.711  -54.056  31.406 4.492979
23293  50.566  -54.231  32.258 4.699791
23294  49.308  -55.054  32.691 4.890268
23295  48.092  -56.085  32.856 5.097060
23310  54.547  -54.691  37.986 5.669001
23311  55.371  -54.084  37.725 5.690507
23312  54.861  -54.600  36.354 5.316510
23313  54.896  -54.300  34.725 4.928593
23314  54.859  -54.200  32.963 4.563210
23315  54.929  -54.175  31.605 4.243977
23316  54.104  -54.130  32.408 4.512828
23317  53.084  -53.993  32.151 4.509689
23561  48.584  -56.167  44.453 5.094902
23562  48.974  -56.891  44.625 5.534370
23563  48.101  -56.561  44.693 4.999813
23564  47.754  -56.879  44.899 4.588251
23565  47.270  -57.540  45.095 3.999119
23586  47.268  -54.612  43.768 3.720392
23587  47.887  -55.334  44.232 4.442132
25290  51.146  -48.872  38.026 6.507714
25291  51.305  -47.974  37.109 6.360083
25292  51.852  -49.019  38.022 6.884881
25293  52.486  -49.107  37.912 6.784054
25294  53.279  -49.001  37.829 6.155172
25295  57.111  -51.950  35.891 3.727279
25296  56.782  -51.094  36.826 3.804183
26045  52.209  -56.363  39.175 5.073857
26046  51.186  -56.881  38.207 4.912350
26047  51.320  -57.039  39.087 4.991536
26048  50.928  -57.924  39.261 4.979870
26049  50.766  -58.684  39.722 4.955225
26050  49.390  -60.363  43.826 4.843071
26051  49.849  -60.429  42.587 4.781204
26052  49.166  -61.224  42.942 4.341079
26053  48.910  -62.053  42.140 3.781291
26118  51.206  -54.452  43.906 3.995558
26119  51.316  -53.530  43.676 3.704015
26120  52.001  -54.616  43.496 4.267457
26121  52.616  -54.781  42.976 4.631327
26122  53.100  -54.778  42.471 5.061673
26123  53.572  -54.768  41.818 5.488749
26124  53.107  -55.405  41.822 5.203081
26125  52.881  -55.912  40.601 5.193237
27868  49.598  -59.637  35.257 4.672548
27869  48.963  -59.340  34.300 4.835705
27870  49.633  -60.252  34.154 4.614469
27871  49.538  -60.761  32.980 4.463170
27872  49.339  -61.314  31.816 4.232181
28004  52.457  -44.192  40.555 4.068961
28005  52.170  -43.806  41.586 3.972968
29392  49.322  -54.490  31.193 4.341555
29393  47.951  -55.139  30.802 3.997841
29395  46.768  -57.211  29.576 3.882561
29396  46.910  -58.306  28.927 4.248431
29397  47.434  -59.191  28.413 4.465327
29430  54.220  -52.012  40.822 7.119304
29431  54.153  -51.272  40.246 7.175368
29432  54.998  -52.082  40.052 6.856039
29433  55.711  -52.086  38.952 6.205993
29434  56.250  -52.276  37.861 5.347098
29435  55.965  -53.551  37.317 5.492367
29436  56.314  -53.027  36.904 5.073731
29437  56.706  -52.475  36.461 4.465986
29438  56.951  -52.814  34.876 3.688103
29445  54.784  -53.897  30.536 3.957478
29446  54.385  -53.568  29.606 3.663364
30017  51.673  -56.769  43.115 5.339191
30018  51.509  -57.458  42.274 5.410438
30019  51.247  -57.504  43.099 5.639608
30020  50.519  -58.207  43.565 5.758203
30021  50.101  -58.883  44.099 5.626614
30022  49.301  -57.793  44.837 5.684276
30023  49.569  -58.690  44.900 5.567953
30024  49.538  -59.484  44.493 5.264105
30025  48.884  -60.325  44.783 4.765778
30026  48.066  -60.977  45.105 4.261137
30027  46.974  -61.730  45.317 3.862932
30076  49.481  -54.220  43.863 3.646678
30077  50.388  -54.335  43.885 3.801057
30078  51.096  -55.303  44.055 4.497467
30079  51.495  -56.128  43.806 5.037237
33870  49.265  -43.898  37.538 4.053683
33871  49.450  -43.194  38.749 3.837551
33872  49.893  -44.015  38.294 4.558460
33873  50.728  -44.023  38.586 4.885047
33874  51.374  -44.126  38.856 4.938273
33875  51.475  -46.517  36.741 5.913227
33876  51.713  -45.070  37.535 5.301559
33877  52.059  -44.341  39.030 4.658011
33878  52.748  -44.557  39.209 4.069119
33881  54.128  -50.426  39.369 6.869800
33882  54.127  -49.630  38.532 6.155777
33883  54.167  -48.822  37.884 5.131041
33884  56.146  -49.987  37.666 3.901298
33885  55.128  -48.998  37.726 3.985240
33886  54.152  -48.010  37.457 4.026696
35429  51.799  -55.198  35.740 4.803771
35430  50.479  -55.331  35.172 4.685524
35431  50.587  -55.795  36.052 4.693147
35432  49.695  -56.724  36.217 4.651676
35433  49.423  -57.810  36.278 4.669928
35434  50.316  -57.423  37.499 4.773674
35435  49.791  -58.090  37.079 4.696306
35436  49.441  -58.958  36.297 4.677767
35437  49.972  -59.970  36.112 4.569193
35438  50.504  -60.840  36.093 4.266498
35439  50.701  -61.671  36.302 3.784368
35440  51.058  -58.132  41.397 5.311226
35441  50.733  -58.753  40.740 5.105520
35442  50.731  -59.545  40.081 4.830747
35443  50.243  -60.422  41.433 4.662792
35444  50.576  -60.336  40.292 4.556111
35445  50.747  -60.275  39.181 4.494380
35446  50.703  -61.123  38.370 4.095473
35447  50.617  -61.814  37.519 3.654349
35465  46.180  -61.392  45.992 3.631865
35466  45.838  -62.479  45.790 3.635413
35568  49.168  -44.908  36.784 4.130525
35569  49.745  -46.266  36.753 4.726264
35570  50.193  -47.535  37.380 5.274657
35571  49.389  -48.424  37.858 4.055015
35572  50.022  -48.509  38.065 4.935199
35573  50.592  -48.763  37.978 5.802161
35574  51.147  -49.650  38.831 6.292645
35575  51.877  -50.297  39.763 6.676252
35576  52.627  -51.178  40.419 6.884963
35580  51.216  -52.719  43.000 3.678833
35581  51.112  -52.124  42.198 3.928497
35582  50.999  -51.566  41.336 4.423963
35583  51.823  -51.630  41.398 5.406326
35584  52.731  -51.818  41.213 6.297318
35585  53.496  -51.922  41.110 6.916182
35586  54.266  -52.766  41.108 6.813940
35587  54.598  -53.467  40.699 6.608149
35588  54.587  -54.090  40.129 6.302382
35589  53.884  -54.748  41.066 5.817855
35590  54.150  -54.704  40.262 5.968248
35591  54.268  -54.597  39.190 5.909128
35592  53.909  -55.177  37.711 5.477746
35593  52.933  -55.298  36.571 5.084757
39100  49.240  -55.752  34.520 4.750754
39101  48.283  -56.530  33.759 4.977170
39102  47.609  -57.227  32.886 5.268748
39103  48.262  -58.841  33.501 5.063628
39104  47.617  -58.498  32.575 5.310744
39105  47.222  -58.184  31.744 5.446362
39106  47.339  -59.086  30.426 5.347049
39107  47.672  -59.739  29.170 4.971418
39108  48.175  -60.194  28.123 4.454096
39110  49.441  -62.148  31.910 3.664696
39111  49.474  -61.913  30.768 3.966029
39113  49.895  -62.500  29.846 3.701790
39114  49.359  -61.625  29.717 4.208873
39115  49.145  -61.325  28.731 4.321548
39116  49.067  -61.048  27.776 4.231194
39117  48.873  -60.674  26.992 3.913795
39372  51.874  -43.290  42.413 3.715598
41099  51.779  -54.513  34.326 4.721573
41100  51.086  -54.500  34.000 4.709496
41101  51.065  -54.682  34.456 4.708865
41110  52.436  -54.779  35.206 4.820036
41111  53.012  -54.643  34.993 4.860454
41112  52.464  -54.554  34.675 4.772439
41113  52.456  -54.390  34.062 4.728162
41250  46.319  -55.516  44.139 3.696028
42182  47.699  -59.261  27.486 3.849921
42186  48.474  -59.938  26.688 3.667387
42210  52.872  -50.774  40.020 7.302082
42211  52.851  -50.460  39.546 7.371413
42212  53.310  -50.827  39.933 7.363481
42629  52.110  -56.622  41.764 5.137832
42630  51.876  -56.949  41.221 5.154927
42631  51.853  -57.005  41.778 5.220320
42632  47.105  -62.285  44.549 3.779565
42633  47.389  -62.345  44.055 3.755026
42634  46.853  -62.787  44.296 3.612144
42670  52.025  -56.344  42.781 5.112576
42671  52.205  -55.994  42.834 4.982212
42672  52.203  -56.272  42.322 5.082198
42673  52.327  -56.265  41.828 5.071013
43642  50.569  -61.825  35.346 3.693502
43643  50.344  -61.646  34.724 3.806922
44579  51.798  -53.746  30.542 4.070478
44580  51.185  -53.813  30.416 3.948644
44581  51.254  -53.868  30.809 4.189018
44582  47.622  -56.291  32.121 5.177602
44583  47.647  -56.132  31.775 5.056688
44584  47.312  -56.751  31.682 5.208507
44585  47.091  -57.249  31.156 5.171292
44586  47.127  -57.377  31.479 5.333007
44610  54.983  -53.779  39.533 6.303585
44611  55.259  -53.502  39.335 6.323351
44612  55.227  -53.774  38.978 6.120784
44613  55.512  -54.177  33.216 4.439436
44614  55.797  -54.027  33.994 4.481491
44615  55.684  -54.145  33.014 4.229422
44616  55.938  -54.063  32.802 3.985956
44617  55.631  -54.232  32.037 3.999715
44618  55.654  -54.117  31.366 3.792231
44619  55.445  -54.178  31.538 4.024987
44620  52.478  -53.769  31.026 4.304409
44621  52.959  -53.720  30.670 4.182901
44622  52.429  -53.694  30.614 4.146372
44623  52.265  -53.628  30.174 3.947374
45029  50.015  -56.566  44.280 5.546490
45030  50.126  -56.931  44.277 5.732005
45031  49.696  -56.796  44.379 5.670441
45032  47.794  -58.196  45.589 4.389210
45033  48.190  -58.362  45.630 4.700379
45034  47.907  -58.737  45.770 4.381294
45035  47.943  -59.396  45.797 4.348320
45036  47.526  -59.096  45.826 4.071454
45070  49.259  -56.012  44.400 5.172265
45071  49.447  -55.721  44.379 4.957695
45072  49.732  -56.151  44.317 5.284496
45073  50.210  -56.277  44.239 5.343486
47910  50.512  -47.066  37.028 5.651805
47911  50.511  -46.533  36.596 5.605076
47912  50.760  -47.217  36.717 5.900352
47913  52.900  -48.115  37.257 5.562726
47914  52.479  -47.502  36.946 5.460907
47915  52.794  -47.443  37.023 5.034740
47916  52.792  -46.789  37.080 4.518797
47917  53.235  -47.456  37.163 4.548040
47918  56.203  -51.602  37.992 5.147810
47919  55.942  -51.138  38.357 5.280385
47920  56.360  -51.291  37.808 4.747574
49169  52.151  -56.097  37.786 5.012671
49170  51.508  -56.197  37.433 4.888071
49171  51.623  -56.359  37.843 4.928026
49172  50.502  -59.083  38.831 4.809501
49173  50.294  -59.022  38.347 4.771473
49174  50.503  -59.536  38.399 4.714495
49175  50.488  -59.920  38.013 4.609053
49176  50.658  -59.925  38.498 4.619807
49177  50.221  -59.303  43.355 5.401622
49178  50.336  -59.335  42.818 5.323320
49179  50.166  -59.703  42.947 5.195948
49181  49.698  -62.085  40.331 3.620962
49285  50.032  -50.484  40.000 3.905332
49286  50.099  -50.315  39.442 4.230959
49287  50.451  -50.567  39.964 4.395371
49288  50.841  -50.558  40.012 4.911740
49289  50.799  -50.909  40.446 4.566546
49293  53.079  -54.056  42.595 5.076348
49294  52.802  -53.624  42.583 4.924563
49295  53.166  -53.707  42.383 5.268050
49296  53.222  -53.357  42.161 5.501709
49297  53.480  -53.767  42.115 5.595226
49298  53.721  -53.813  41.846 5.890036
49299  53.636  -54.136  41.992 5.657250
49300  52.567  -56.046  38.857 5.161793
49301  52.883  -55.769  39.009 5.290500
49302  52.602  -55.991  38.326 5.150180
49303  52.584  -55.858  37.855 5.123897
52207  48.965  -58.152  35.538 4.728439
52208  48.656  -57.901  35.125 4.780387
52209  48.768  -58.502  35.011 4.797327
52210  48.790  -60.881  31.433 4.652069
52211  48.456  -60.464  31.471 4.898631
52212  48.546  -60.790  30.851 4.784720
52213  48.383  -60.671  30.356 4.889806
52214  48.710  -61.037  30.263 4.638694
52433  51.323  -43.746  40.083 4.504354
52434  51.086  -43.504  40.640 4.289252
52435  51.520  -43.660  40.812 4.283015
54179  51.898  -53.990  32.278 4.596446
54180  51.245  -54.041  32.032 4.611266
54181  51.209  -54.106  32.504 4.668196
54182  49.898  -54.845  33.411 4.797465
54183  49.929  -54.703  32.961 4.810215
54184  49.307  -55.185  33.130 4.887376
54185  48.676  -55.582  32.844 4.993474
54186  48.681  -55.719  33.209 4.968785
54210  54.319  -54.946  37.191 5.458397
54211  54.714  -54.680  37.231 5.501820
54212  54.416  -54.835  36.401 5.309081
54213  53.937  -54.459  34.438 4.872738
54214  54.402  -54.457  34.964 4.987033
54215  54.424  -54.294  34.187 4.827440
54216  54.872  -54.241  33.857 4.740708
54217  54.464  -54.250  33.376 4.674758
54218  54.505  -54.192  32.665 4.530886
54219  54.081  -54.200  33.051 4.627060
54220  52.516  -54.084  33.009 4.639230
54221  53.088  -54.060  32.698 4.584298
54222  52.513  -54.012  32.502 4.585381
54223  52.543  -53.945  31.978 4.516746
54629  48.068  -56.010  44.385 4.829962
54630  48.328  -56.389  44.543 5.092443
54631  47.833  -56.188  44.544 4.784477
54632  46.996  -56.275  44.531 4.065520
54633  47.456  -56.448  44.687 4.456984
54634  47.322  -56.720  44.740 4.204744
54635  47.539  -57.182  44.964 4.305143
54636  47.119  -57.004  44.731 3.919689
54670  47.088  -55.351  44.153 4.227211
54671  47.321  -55.165  44.104 4.192107
54672  47.671  -55.549  44.286 4.523941
54673  48.232  -55.748  44.396 4.786858
57510  51.484  -49.317  38.438 6.763489
57511  51.458  -48.995  37.986 6.747818
57512  51.821  -49.365  38.476 6.987826
57513  52.820  -49.858  38.650 7.180524
57514  52.447  -49.461  38.340 7.073312
57515  52.841  -49.514  38.266 6.909036
57516  52.877  -49.110  37.878 6.532004
57517  53.256  -49.459  38.206 6.607041
58769  52.239  -56.390  39.701 5.078480
58770  51.764  -56.690  39.122 5.019735
58771  51.816  -56.719  39.639 5.043918
58772  51.243  -57.608  40.233 5.101453
58773  51.195  -57.575  39.691 5.036963
58774  50.976  -57.950  39.809 5.044573
58775  50.829  -58.314  39.465 4.974977
58776  50.875  -58.277  40.048 5.044201
58777  49.012  -60.757  43.967 4.607441
58778  49.284  -60.776  43.419 4.600910
58779  48.902  -61.166  43.526 4.369214
58780  48.075  -62.340  42.946 3.638461
58781  48.586  -61.985  42.735 3.843501
58890  51.558  -54.951  43.864 4.303361
58891  51.608  -54.539  43.720 4.120149
58892  51.905  -54.994  43.635 4.397327
58893  52.575  -55.377  42.877 4.818338
58894  52.509  -55.075  43.092 4.647944
58895  52.729  -55.110  42.819 4.803900
58896  52.862  -54.807  42.752 4.841601
58897  52.947  -55.142  42.541 4.974653
58898  53.144  -55.114  42.195 5.152281
58899  52.947  -55.407  42.222 5.067841
58900  52.557  -56.188  40.920 5.095757
58901  52.815  -55.948  41.089 5.136707
58902  52.592  -56.158  40.404 5.120193
58903  52.619  -56.125  39.890 5.143306
61807  49.878  -60.072  35.175 4.571310
61808  49.589  -59.939  34.722 4.653813
61809  49.952  -60.379  34.643 4.509516
61810  49.920  -61.255  33.514 4.064929
61811  49.802  -60.889  33.512 4.324628
61812  49.685  -61.111  32.929 4.206938
61813  49.407  -61.003  32.397 4.355048
61814  49.530  -61.404  32.391 4.079608
62033  52.866  -44.343  40.571 3.785232
62034  52.742  -44.186  41.194 3.807978
64627  50.066  -54.340  31.682 4.614624
64628  50.046  -54.281  31.298 4.438055
64629  49.371  -54.657  31.525 4.578368
64630  47.636  -55.890  31.145 4.549960
64631  48.066  -55.283  31.140 4.366840
64632  47.551  -55.713  30.824 4.179649
64633  47.471  -55.554  30.448 3.755502
64634  47.176  -56.162  30.379 3.945308
64635  46.867  -56.577  29.851 3.680535
64636  46.978  -56.824  30.153 4.142231
64637  46.947  -58.188  29.890 4.876153
64638  46.836  -58.017  29.619 4.506526
64639  46.968  -58.514  29.256 4.643244
64640  47.122  -58.746  28.664 4.382236
64641  47.194  -58.987  28.974 4.730111
64710  54.570  -52.445  40.637 6.990849
64711  54.608  -52.081  40.446 7.044093
64712  54.929  -52.451  40.210 6.881675
64713  55.714  -52.895  38.840 6.184066
64714  55.620  -52.478  39.188 6.377254
64715  55.862  -52.512  38.637 6.019303
64716  55.974  -52.152  38.448 5.790090
64717  56.114  -52.579  38.077 5.621109
64718  55.570  -54.106  36.882 5.442882
64719  55.719  -53.796  37.537 5.619896
64720  55.883  -53.852  36.737 5.332656
64721  56.289  -53.493  35.574 4.609022
64722  56.246  -53.365  36.396 4.954075
64723  56.404  -53.136  36.127 4.693408
64724  56.487  -52.788  36.648 4.790551
64725  56.600  -52.904  35.902 4.392684
64726  56.842  -52.640  35.708 4.059336
64727  56.672  -53.121  35.103 4.022079
64740  54.504  -54.064  31.425 4.266013
64741  54.914  -54.056  31.003 4.098737
64742  54.466  -53.959  30.889 4.137955
64743  53.732  -53.600  29.887 3.883751
64744  54.175  -53.668  29.966 3.861989
64745  53.957  -53.500  29.501 3.701607
65969  51.415  -56.795  43.455 5.425337
65970  51.467  -57.163  43.094 5.504908
65971  51.239  -57.135  43.428 5.605032
65972  50.252  -57.684  44.104 5.864472
65973  50.537  -57.807  43.718 5.815924
65974  50.266  -58.130  43.980 5.823202
65975  50.318  -58.540  43.843 5.724581
65976  50.135  -58.521  44.233 5.758834
65977  48.763  -57.135  44.802 5.433813
65978  49.153  -57.313  44.718 5.646162
65979  48.933  -57.545  44.952 5.501124
65980  48.932  -58.799  45.339 5.184618
65981  49.202  -58.491  45.143 5.445390
65982  49.331  -58.963  45.079 5.340407
65983  49.575  -59.077  44.720 5.434332
65984  49.271  -59.422  44.884 5.197250
65985  49.208  -59.929  44.649 5.024007
65986  48.945  -59.860  45.028 4.931937
65987  47.922  -60.434  45.739 4.227417
65988  48.230  -60.565  45.362 4.388883
65989  47.743  -60.880  45.497 4.143833
65990  47.555  -61.333  45.254 4.043435
65991  47.181  -61.224  45.589 3.933203
66090  48.066  -54.397  43.745 3.667485
66092  48.472  -54.470  43.886 3.785242
66093  49.763  -55.036  44.236 4.365407
66094  49.396  -54.569  44.100 3.967328
66095  49.850  -54.646  44.078 4.037392
66096  49.925  -54.266  43.871 3.721532
66097  50.321  -54.710  44.081 4.099771
66098  50.758  -54.820  44.036 4.160534
66099  50.665  -55.219  44.128 4.463079
66100  50.962  -56.385  43.968 5.329884
66101  51.190  -56.106  43.962 5.067196
66102  51.303  -56.444  43.805 5.280051
66103  51.600  -56.434  43.531 5.219352
74610  49.502  -44.411  37.328 4.404201
74611  49.590  -43.956  37.885 4.322051
74612  49.876  -44.450  37.679 4.667118
74613  50.782  -44.974  37.436 5.347817
74614  50.570  -44.424  37.943 5.058100
74615  50.942  -44.452  37.981 5.160753
74616  51.060  -44.094  38.659 4.950948
74617  51.275  -44.439  38.040 5.186279
74618  51.653  -48.004  37.119 6.430387
74619  51.359  -47.301  36.739 6.166452
74620  51.659  -47.332  36.796 6.154995
74621  52.110  -45.976  37.104 5.225256
74622  51.870  -45.851  37.012 5.470826
74623  52.008  -45.215  37.561 5.103147
74624  51.837  -44.584  38.256 4.977082
74625  52.160  -44.733  38.276 4.741001
74626  52.365  -44.437  39.066 4.396109
74627  52.474  -44.819  38.436 4.428272
74628  53.226  -45.685  37.916 3.606396
74629  53.181  -45.140  38.513 3.649335
74633  54.624  -51.317  39.925 6.928561
74634  54.156  -50.862  39.823 7.073302
74635  54.598  -50.875  39.618 6.738751
74636  55.051  -50.117  38.677 5.526527
74637  54.589  -50.053  38.888 6.075252
74638  54.573  -49.648  38.525 5.617055
74639  54.130  -49.251  38.206 5.669738
74640  54.583  -49.247  38.161 5.100730
74642  56.518  -50.566  37.311 3.851980
74647  54.624  -48.500  37.601 4.011824
78389  51.808  -55.442  36.108 4.842929
78390  51.195  -55.482  35.892 4.741648
78391  51.190  -55.690  36.254 4.770040
78392  50.271  -56.549  36.804 4.709577
78393  50.159  -56.390  36.488 4.680331
78394  49.818  -56.834  36.547 4.666243
78395  49.517  -57.274  36.260 4.656406
78396  49.668  -57.412  36.618 4.667888
78397  50.809  -57.279  38.205 4.883846
78398  50.688  -57.136  37.783 4.836916
78399  50.461  -57.613  37.853 4.820680
78400  49.959  -58.752  37.516 4.713099
78401  49.986  -58.226  37.420 4.724868
78402  49.776  -58.667  37.177 4.693143
78403  49.592  -58.521  36.779 4.681621
78404  49.661  -59.093  36.817 4.668315
78405  49.667  -59.475  36.205 4.644514
78406  49.820  -59.609  36.783 4.623030
78407  50.561  -60.689  37.079 4.356459
78408  50.419  -60.576  36.606 4.395408
78409  50.598  -61.003  36.598 4.206675
78410  50.681  -61.279  36.091 4.043037
78411  50.683  -61.391  36.698 3.974919
78412  51.205  -57.842  42.347 5.495437
78413  51.312  -57.786  41.813 5.377737
78414  51.010  -58.197  42.005 5.425298
78415  50.527  -59.241  41.572 5.140047
78416  50.678  -58.848  41.353 5.198094
78417  50.619  -59.210  41.024 5.052985
78418  50.691  -59.133  40.441 4.975747
78419  50.641  -59.578  40.604 4.891011
78420  49.784  -60.886  42.159 4.518870
78421  50.068  -60.469  41.991 4.724049
78422  50.062  -60.872  41.525 4.463464
78423  50.441  -61.139  40.024 4.110086
78424  50.444  -60.754  40.441 4.363990
78425  50.584  -60.699  39.836 4.329753
78426  50.689  -60.282  39.721 4.518873
78427  50.680  -60.676  39.287 4.309022
78428  50.719  -60.724  38.845 4.302228
78429  50.646  -61.124  38.872 4.085189
78431  50.567  -61.906  38.111 3.612698
78478  45.995  -61.941  45.900 3.642958
78728  49.031  -44.256  36.892 3.807307
78729  48.847  -44.786  36.701 3.806846
78730  49.325  -46.773  36.855 4.260563
78731  49.389  -46.205  36.701 4.375175
78732  49.662  -46.818  37.002 4.636967
78733  49.997  -46.938  37.053 5.004246
78734  49.879  -47.421  37.483 4.889190
78736  48.965  -48.351  37.707 3.647114
78737  49.237  -48.881  38.138 3.785718
78738  50.186  -49.537  38.672 4.874975
78739  49.956  -49.014  38.341 4.681799
78740  50.262  -49.052  38.374 5.153124
78741  50.318  -48.598  38.048 5.378935
78742  50.548  -49.157  38.363 5.617624
78743  50.814  -49.311  38.368 6.055473
78744  50.801  -49.608  38.781 5.847490
78745  51.572  -50.601  40.156 5.941420
78746  51.542  -50.302  39.721 6.250169
78747  51.869  -50.600  40.169 6.406552
78748  52.228  -50.697  40.106 6.804431
78749  52.258  -51.128  40.455 6.525600
78758  51.702  -53.645  43.487 3.931875
78759  51.267  -53.095  43.368 3.656731
78760  51.623  -53.123  43.293 3.936899
78761  51.959  -52.654  42.421 4.554665
78762  51.551  -52.492  42.593 4.149744
78763  51.535  -52.181  42.226 4.352259
78764  51.045  -51.839  41.770 4.149077
78765  51.522  -51.820  41.842 4.610834
78766  51.449  -51.549  41.432 4.915216
78767  51.908  -51.902  41.788 5.083360
78768  53.239  -52.587  41.770 6.058572
78769  52.738  -52.131  41.598 5.978651
78770  53.192  -52.205  41.515 6.357928
78771  53.152  -51.871  41.194 6.651234
78772  53.581  -52.299  41.436 6.663919
78773  53.918  -52.360  41.228 6.879035
78774  53.947  -52.727  41.363 6.647748
78775  54.254  -53.789  41.120 6.321600
78776  54.370  -53.458  41.104 6.533455
78777  54.479  -53.783  40.765 6.433868
78778  54.651  -53.784  40.397 6.467687
78779  54.460  -54.102  40.505 6.304719
78780  53.543  -55.143  41.403 5.486594
78781  53.728  -54.784  41.441 5.671419
78782  53.663  -55.127  40.986 5.621117
78783  53.600  -55.222  39.456 5.615930
78784  53.868  -55.022  40.099 5.779435
78785  53.933  -54.950  39.640 5.793581
78786  54.210  -54.638  39.744 5.964368
78787  53.993  -54.884  39.101 5.763806
78788  54.085  -54.880  38.511 5.693706
78789  53.735  -55.135  38.327 5.554603
78790  52.478  -55.648  36.900 5.036460
78791  52.959  -55.449  36.993 5.153433
78792  52.412  -55.465  36.519 4.982410
78793  52.374  -55.238  36.157 4.926440
87502  49.898  -55.754  35.377 4.670661
87503  49.837  -55.469  34.858 4.695307
87504  49.339  -56.036  34.980 4.704080
87505  48.203  -57.346  34.260 4.938797
87506  48.393  -56.752  34.256 4.894899
87507  48.076  -57.093  33.813 5.034003
87508  47.920  -56.860  33.357 5.124510
87509  47.777  -57.404  33.365 5.180716
87510  48.936  -59.669  33.792 4.863724
87511  48.574  -59.094  33.911 4.942719
87512  48.514  -59.448  33.307 4.989925
87513  47.766  -59.427  31.817 5.266316
87514  47.783  -59.031  32.467 5.255041
87515  47.532  -58.876  31.941 5.365987
87516  47.381  -58.317  32.110 5.403937
87517  47.309  -58.766  31.540 5.434492
87518  47.224  -58.637  31.103 5.435990
87519  47.393  -59.198  30.887 5.391865
87520  48.006  -60.349  29.483 4.950636
87521  47.731  -59.923  29.618 5.098632
87522  47.973  -60.171  29.050 4.876151
87523  47.934  -59.993  28.622 4.721331
87524  48.232  -60.389  28.530 4.626492
87531  49.445  -62.031  31.233 3.819065
87532  49.614  -62.335  30.799 3.694544
87536  50.253  -62.762  28.778 3.656545
87538  50.040  -62.322  29.299 3.802248
87539  49.701  -62.025  29.756 3.950349
87540  49.626  -61.904  29.204 4.041077
87541  49.214  -61.508  29.188 4.286529
87542  49.583  -61.761  28.672 4.096015
87543  49.790  -61.844  27.182 3.834287
87544  49.437  -61.483  27.708 4.069075
87545  49.350  -61.361  27.266 3.978699
87546  48.919  -60.874  27.395 4.099324
87547  49.257  -61.142  26.877 3.837689
87548  49.259  -60.916  26.478 3.651529
88178  49.783  -43.341  39.100 4.068478
88179  49.535  -42.955  39.411 3.699329
88180  49.843  -43.122  39.795 3.915787
88181  50.682  -42.986  41.404 3.754229
88186  52.421  -43.784  42.220 3.761661
88187  51.936  -43.565  42.017 3.866897
88188  52.289  -43.590  42.604 3.675724
92411  51.849  -54.206  33.310 4.678158
92412  51.180  -54.213  33.012 4.697306
92413  51.143  -54.363  33.525 4.708126
92414  50.436  -54.592  33.732 4.735842
92415  49.790  -54.978  33.854 4.766691
92430  53.435  -54.965  35.996 5.083886
92431  53.890  -54.757  35.831 5.133827
92432  53.447  -54.713  35.375 4.982419
92433  53.480  -54.551  34.728 4.881242
92434  53.589  -54.404  34.016 4.782917
92435  53.653  -54.232  33.393 4.688515
92436  53.074  -54.317  33.743 4.719923
92437  52.485  -54.227  33.488 4.685033
92681  47.002  -55.558  44.241 4.184473
92682  47.309  -55.923  44.439 4.438051
92683  46.817  -55.737  44.286 4.069359
92684  46.672  -55.914  44.317 3.892928
92685  46.560  -56.103  44.335 3.670448
92705  46.391  -54.630  43.732 3.607379
92706  46.181  -54.773  43.792 3.629180
92707  46.577  -55.169  44.008 3.909913
94410  52.127  -50.033  39.271 7.151899
94411  52.136  -49.728  38.898 7.180519
94412  52.462  -50.097  39.205 7.310987
94413  52.785  -50.162  39.111 7.334516
94414  53.216  -50.153  39.032 7.213419
95165  52.244  -56.521  40.730 5.088100
95166  51.884  -56.787  40.163 5.070995
95167  51.909  -56.893  40.689 5.106305
95168  51.578  -57.275  40.697 5.140417
95169  51.296  -57.659  40.768 5.178689
95170  48.191  -61.424  44.273 4.145668
95171  48.505  -61.490  43.729 4.142962
95172  47.960  -61.898  43.896 3.934692
95173  47.746  -62.323  43.516 3.704963
95238  51.915  -55.726  43.524 4.807618
95239  52.099  -55.375  43.490 4.638080
95240  52.164  -55.720  43.253 4.834288
95241  52.401  -55.688  42.859 4.880404
95242  52.599  -55.665  42.506 4.946221
95243  52.752  -55.673  42.176 5.028500
95244  52.530  -55.938  41.904 5.031549
95245  52.435  -56.229  41.349 5.077142
96988  50.331  -60.922  35.181 4.213062
96989  50.145  -60.763  34.615 4.314373
96990  50.298  -61.174  34.629 4.076148
96991  50.189  -61.421  34.079 3.931130
96992  49.914  -61.719  33.600 3.784303
98677  50.985  -53.682  30.011 3.660734
98678  50.429  -53.856  30.333 3.777012
98679  49.817  -54.078  30.603 3.901809
98680  48.700  -55.241  32.042 4.887671
98681  48.657  -55.091  31.692 4.731283
98682  48.105  -55.551  31.765 4.893415
98683  47.657  -56.032  31.466 4.846572
98684  47.308  -56.498  31.031 4.735670
98685  47.048  -56.992  30.496 4.560739
98686  47.088  -57.126  30.822 4.910540
98687  46.972  -57.780  30.537 5.058255
98688  47.032  -58.346  30.180 5.161970
98730  54.944  -53.105  40.114 6.677350
98731  55.151  -52.783  39.914 6.705428
98732  55.216  -53.166  39.653 6.518744
98733  55.507  -53.201  39.148 6.284747
98734  55.754  -53.245  38.491 5.992436
98735  55.653  -54.157  35.155 4.924691
98736  55.922  -53.948  35.924 5.040017
98737  55.896  -53.954  35.043 4.753473
98738  56.063  -53.804  34.732 4.538162
98739  56.250  -53.662  34.530 4.283916
98740  56.482  -53.508  34.351 3.997097
98741  56.225  -53.818  33.571 3.984981
98742  56.184  -53.920  32.679 3.715218
98746  55.595  -53.980  30.738 3.604757
98747  55.259  -53.849  30.429 3.678034
98748  53.537  -53.884  31.188 4.308684
98749  53.949  -53.859  30.799 4.170295
98750  53.467  -53.785  30.730 4.188050
98751  53.370  -53.678  30.269 4.043836
98752  53.215  -53.549  29.847 3.870431
98753  53.016  -53.442  29.462 3.664741
98754  52.658  -53.525  29.799 3.813636
98755  52.080  -53.515  29.767 3.706886
99485  50.815  -56.719  44.016 5.559072
99486  50.913  -57.090  43.790 5.686471
99487  50.534  -57.024  44.091 5.733632
99488  50.206  -57.305  44.187 5.836936
99489  49.910  -57.609  44.363 5.858805
99490  48.337  -57.564  45.192 5.001575
99491  48.702  -57.799  45.183 5.282296
99492  48.454  -58.075  45.411 5.008167
99493  48.574  -58.619  45.557 4.968989
99494  48.646  -59.194  45.511 4.892486
99495  48.703  -59.787  45.374 4.786436
99496  48.363  -59.642  45.624 4.589769
99497  47.948  -59.944  45.772 4.295861
99498  47.483  -60.259  45.846 4.027057
99558  48.590  -55.226  44.263 4.451133
99559  48.768  -54.909  44.154 4.186030
99560  49.087  -55.321  44.340 4.584249
99561  49.671  -55.421  44.305 4.680824
99562  50.139  -55.500  44.270 4.743401
99563  50.542  -55.580  44.192 4.777505
99564  50.400  -55.955  44.266 5.079418
99565  50.612  -56.339  44.157 5.355269
104670  50.075  -45.638  36.905 5.052490
104671  50.126  -44.898  37.450 4.993484
104672  50.354  -45.643  37.023 5.304404
104673  50.651  -45.659  37.013 5.500029
104674  50.984  -45.684  36.956 5.625634
104675  52.300  -48.098  37.112 6.228753
104676  51.950  -47.367  36.829 6.033500
104677  52.170  -47.470  36.798 5.799736
104678  52.236  -46.734  36.866 5.345565
104679  52.385  -46.047  37.229 4.891438
104680  52.571  -45.441  37.798 4.457257
104681  52.626  -46.067  37.246 4.487317
104682  52.953  -46.185  37.412 4.037832
104684  55.451  -51.385  39.197 6.140144
104685  55.053  -50.924  39.341 6.307362
104686  55.485  -51.030  38.935 5.810297
104687  55.525  -50.630  38.614 5.410102
104688  55.567  -50.203  38.361 4.952423
106937  51.926  -55.871  36.899 4.931479
106938  51.249  -55.898  36.632 4.805820
106939  51.363  -56.082  37.014 4.846260
106940  50.831  -56.333  37.091 4.784895
106941  50.364  -56.734  37.098 4.747539
106942  50.543  -58.196  38.427 4.861309
106943  50.340  -58.063  37.960 4.812293
106944  50.293  -58.511  38.106 4.800082
106945  50.129  -58.896  37.881 4.739478
106946  50.019  -59.284  37.619 4.677618
106947  50.028  -59.720  37.210 4.610769
106948  50.250  -59.835  37.629 4.606248
106949  50.463  -60.307  37.592 4.490432
106950  50.616  -60.764  37.636 4.327230
106951  50.674  -58.567  42.829 5.548985
106952  50.764  -58.575  42.282 5.436571
106953  50.559  -58.934  42.579 5.403790
106954  50.443  -59.289  42.156 5.232636
106955  50.404  -59.648  41.685 5.040762
106956  49.581  -61.659  41.367 3.955741
106957  49.960  -61.234  41.159 4.189833
106958  49.834  -61.647  40.780 3.907110
106959  50.119  -61.615  40.168 3.869960
106960  50.357  -61.574  39.602 3.847369
106961  50.494  -61.593  39.067 3.840947
107141  48.768  -45.400  36.510 3.760413
107142  48.711  -46.029  36.428 3.667696
107143  48.935  -46.660  36.720 3.888369
107144  49.212  -47.298  37.170 4.095749
107145  49.434  -49.822  38.884 3.624067
107146  49.500  -49.465  38.479 3.927187
107147  49.784  -49.953  38.858 4.074959
107148  50.115  -49.998  39.014 4.561035
107149  50.474  -49.937  39.149 5.067202
107150  50.815  -49.907  39.221 5.574574
107151  50.846  -50.222  39.645 5.255338
107152  51.224  -50.599  40.118 5.434774
107153  51.546  -50.952  40.596 5.600513
107159  52.376  -53.852  43.111 4.470958
107160  52.033  -53.280  43.098 4.247121
107161  52.399  -53.506  42.809 4.579851
107162  52.393  -53.154  42.529 4.748131
107163  52.381  -52.761  42.280 4.970906
107164  52.367  -52.340  42.035 5.240585
107165  52.854  -52.881  42.141 5.381751
107166  53.264  -53.015  41.988 5.768807
107167  53.617  -53.103  41.812 6.113209
107168  53.930  -53.107  41.489 6.396948
107169  53.874  -53.506  41.653 6.140295
107170  54.021  -53.814  41.472 6.136781
107171  54.139  -54.143  41.241 6.099579
107172  53.204  -55.622  40.299 5.373917
107173  53.485  -55.404  40.417 5.535978
107174  53.199  -55.561  39.748 5.422681
107175  53.215  -55.482  39.215 5.444550
107176  53.236  -55.440  38.637 5.438107
107177  53.335  -55.379  38.132 5.404640
107178  52.929  -55.601  37.982 5.257278
107179  52.542  -55.745  37.412 5.084904
112405  49.128  -56.930  35.608 4.683554
112406  48.958  -56.648  35.068 4.724382
112407  48.715  -57.268  35.142 4.752389
112408  48.419  -57.610  34.680 4.851677
112409  48.177  -57.941  34.233 4.969408
112410  48.858  -60.235  32.580 4.828241
112411  48.481  -59.739  32.741 5.002480
112412  48.457  -60.051  32.130 4.972588
112413  48.075  -59.954  31.714 5.107605
112414  47.831  -59.848  31.149 5.217075
112415  47.637  -59.720  30.679 5.280490
112416  47.988  -60.227  30.522 5.108880
112417  48.207  -60.524  29.939 4.950739
112418  48.423  -60.743  29.421 4.755549
112428  50.348  -62.620  28.170 3.703440
112429  49.950  -62.098  28.149 3.903363
112430  50.268  -62.492  27.651 3.712084
112431  50.217  -62.306  27.169 3.679271
112432  50.217  -62.060  26.703 3.603901
112811  50.527  -43.520  39.820 4.408101
112812  50.199  -43.294  40.255 4.094640
112813  50.607  -43.380  40.449 4.223168
112814  50.872  -43.248  41.114 4.038329
112815  51.116  -43.148  41.663 3.858112
115787  51.922  -53.848  31.336 4.413721
115788  51.304  -53.889  31.172 4.378171
115789  51.299  -53.945  31.584 4.517219
115790  50.646  -54.158  31.832 4.621126
115791  49.991  -54.482  32.068 4.730373
115792  50.554  -54.346  32.742 4.737933
115793  49.947  -54.572  32.473 4.792058
115794  49.336  -54.908  32.283 4.847465
115795  48.693  -55.398  32.440 4.971570
115796  48.119  -55.903  32.473 5.097853
115797  47.669  -56.433  32.456 5.217371
115830  54.702  -54.347  38.557 5.884619
115831  55.094  -54.041  38.470 5.913508
115832  54.936  -54.398  37.930 5.705399
115833  55.165  -54.387  37.067 5.498556
115834  55.342  -54.350  36.178 5.275907
115835  54.419  -54.607  35.725 5.149541
115836  54.913  -54.455  35.532 5.122665
115837  55.328  -54.314  35.323 5.048224
115838  55.302  -54.257  34.435 4.824408
115839  55.239  -54.220  33.514 4.610986
115840  55.162  -54.265  32.576 4.411854
115841  55.211  -54.232  31.883 4.228331
115842  54.890  -54.211  32.267 4.397847
115843  54.537  -54.154  32.014 4.395494
115844  54.075  -54.064  31.844 4.401799
115845  53.651  -54.128  32.813 4.597344
115846  53.619  -54.064  32.263 4.506860
115847  53.608  -53.986  31.711 4.412643
115848  53.086  -53.912  31.587 4.422740
115849  52.528  -53.855  31.474 4.425660
116417  49.104  -56.298  44.417 5.306144
116418  49.238  -56.646  44.473 5.542765
116419  48.774  -56.539  44.552 5.348452
116420  48.585  -56.779  44.681 5.296756
116421  48.343  -56.938  44.848 5.156968
116422  47.615  -56.284  44.626 4.656027
116423  47.868  -56.640  44.794 4.826483
116424  48.151  -57.087  44.997 4.942207
116425  47.978  -57.331  45.140 4.671149
116426  47.700  -57.709  45.309 4.365677
116427  47.363  -58.105  45.505 4.048227
116474  47.772  -54.717  43.926 3.900485
116475  46.971  -54.810  43.892 3.852620
116476  47.535  -54.962  44.032 4.080405
116477  48.061  -55.126  44.149 4.282017
116478  48.413  -55.495  44.350 4.657209
116479  48.757  -55.896  44.440 5.005349
120450  50.908  -48.364  37.577 6.230709
120451  50.991  -47.871  37.118 6.192225
120452  51.197  -48.471  37.520 6.477746
120453  51.532  -48.565  37.539 6.633528
120454  51.919  -48.587  37.542 6.680336
120455  52.157  -49.404  38.445 7.096700
120456  52.186  -49.043  37.973 6.900943
120457  52.242  -48.618  37.521 6.604687
120458  52.602  -48.723  37.455 6.400598
120459  52.921  -48.642  37.507 6.072884
120460  53.311  -48.547  37.540 5.638808
120461  56.884  -51.872  36.616 4.167515
120462  56.704  -51.434  37.133 4.235769
120463  57.010  -51.549  36.350 3.761742
122213  52.201  -56.328  38.739 5.062753
122214  51.674  -56.544  38.249 4.963645
122215  51.716  -56.633  38.676 4.993926
122216  51.249  -56.971  38.633 4.952285
122217  50.960  -57.402  38.683 4.931550
122218  51.465  -57.142  39.636 5.033103
122219  51.122  -57.549  39.170 4.981578
122220  50.797  -57.851  38.783 4.922724
122221  50.693  -58.277  38.927 4.914890
122222  50.622  -58.664  39.188 4.896152
122223  50.639  -59.098  39.373 4.855026
122224  49.683  -60.030  43.634 5.062704
122225  49.904  -60.018  43.032 5.026724
122226  49.615  -60.375  43.218 4.824501
122227  49.542  -60.861  42.798 4.567930
122228  49.434  -61.285  42.346 4.295640
122229  48.751  -61.567  43.132 4.113472
122230  49.042  -61.631  42.536 4.066399
122231  49.331  -61.685  41.959 4.011058
122232  49.197  -62.101  41.556 3.719319
122381  49.968  -50.716  40.504 3.603357
122382  50.872  -53.948  43.819 3.669331
122384  51.224  -54.057  43.785 3.818592
122385  51.661  -54.125  43.598 3.994098
122386  52.056  -54.298  43.327 4.196423
122387  52.263  -55.065  43.388 4.511806
122388  52.352  -54.722  43.241 4.438399
122389  52.391  -54.344  43.123 4.423836
122390  52.667  -54.390  42.933 4.671788
122391  52.976  -54.389  42.718 4.932891
122392  53.246  -54.424  42.407 5.196962
122393  53.518  -54.459  42.094 5.451670
122394  53.344  -54.755  42.150 5.281356
122395  53.369  -55.071  41.846 5.326664
122396  53.271  -55.405  41.390 5.332753
122397  52.908  -55.685  41.771 5.120970
122398  53.036  -55.672  41.278 5.215342
122399  53.125  -55.637  40.820 5.302526
122400  52.916  -55.868  40.102 5.241807
122401  52.584  -56.070  39.344 5.158730
126466  49.259  -59.223  35.299 4.725275
126467  48.994  -59.027  34.855 4.790096
126468  49.277  -59.496  34.752 4.745672
126469  49.270  -59.819  34.235 4.751090
126470  49.284  -60.157  33.678 4.732777
126471  49.922  -60.641  34.084 4.426881
126472  49.650  -60.526  33.547 4.550846
126473  49.260  -60.401  33.084 4.685564
126474  49.165  -60.629  32.466 4.608735
126475  49.083  -60.919  31.891 4.505544
126476  49.050  -61.285  31.329 4.381810
126782  52.067  -44.016  40.478 4.290807
126783  51.918  -43.822  40.965 4.198907
126784  52.320  -44.015  41.103 4.037776
126785  52.617  -43.989  41.728 3.803309
130246  50.658  -54.003  31.040 4.309577
130247  49.945  -54.188  30.945 4.199056
130248  49.185  -54.380  30.845 4.040301
130249  48.671  -54.940  31.358 4.499026
130250  48.598  -54.781  31.027 4.195430
130251  48.466  -54.635  30.670 3.832221
130257  46.697  -57.563  28.943 3.613617
130258  46.865  -57.470  29.873 4.334246
130259  46.788  -57.789  29.245 4.076820
130260  46.816  -58.121  28.591 3.810443
130261  47.074  -58.593  28.351 3.981797
130262  47.394  -59.016  28.091 4.113263
130263  47.756  -59.425  27.830 4.193399
130350  53.777  -51.581  40.650 7.220988
130351  53.769  -51.229  40.286 7.297070
130352  54.234  -51.649  40.558 7.186063
130353  54.629  -51.711  40.205 7.027240
130354  55.058  -51.754  39.794 6.756270
130355  55.289  -52.415  39.774 6.671760
130356  55.384  -52.097  39.551 6.569616
130357  55.433  -51.761  39.354 6.393460
130358  55.752  -51.747  38.801 5.964787
130359  56.076  -51.854  38.238 5.498081
130360  56.392  -52.001  37.598 5.019471
130361  55.458  -53.775  38.348 5.887751
130362  55.758  -53.547  38.072 5.803839
130363  55.989  -53.242  37.777 5.660963
130364  56.077  -53.644  36.563 5.168707
130365  56.150  -53.298  37.104 5.309235
130366  56.179  -52.991  37.596 5.460371
130367  56.349  -52.720  37.403 5.205077
130368  56.519  -52.415  37.169 4.899641
130369  56.703  -52.099  36.891 4.550736
130370  56.925  -52.209  36.185 4.108156
130371  57.101  -52.349  35.405 3.702379
130373  56.759  -53.269  34.188 3.685139
130389  55.216  -54.123  31.228 4.059293
130390  55.134  -53.953  30.677 3.901531
130391  54.967  -53.785  30.218 3.750269
130392  54.386  -53.833  30.414 4.005426
130393  54.650  -53.746  30.113 3.814406
131945  51.852  -56.748  42.694 5.257393
131946  51.761  -57.076  42.251 5.303198
131947  51.655  -57.130  42.702 5.400493
131948  51.390  -57.503  42.718 5.525243
131949  51.061  -57.857  42.863 5.616071
131950  50.910  -57.477  43.516 5.740111
131951  50.798  -57.878  43.270 5.727839
131952  50.761  -58.207  43.079 5.660360
131953  50.526  -58.554  43.346 5.649658
131954  50.304  -58.873  43.702 5.580531
131955  50.054  -59.292  43.849 5.454837
131956  49.376  -57.008  44.519 5.704499
131957  49.543  -57.499  44.592 5.787937
131958  49.707  -57.996  44.609 5.796566
131959  49.087  -58.027  45.120 5.502302
131960  49.460  -58.245  44.904 5.654923
131961  49.880  -58.457  44.628 5.738905
131962  49.849  -58.815  44.519 5.626157
131963  49.830  -59.215  44.324 5.469699
131964  49.759  -59.652  44.024 5.279409
131965  49.457  -59.984  44.192 5.065228
131966  49.130  -60.338  44.347 4.826315
131967  48.750  -60.733  44.488 4.578165
131968  48.652  -60.272  45.157 4.656643
131969  48.508  -60.662  44.939 4.506281
131970  48.365  -61.005  44.646 4.336122
131971  47.883  -61.371  44.775 4.114009
131972  47.353  -61.784  44.888 3.923013
131973  46.774  -62.216  45.086 3.771277
132102  48.903  -54.535  44.004 3.884503
132108  50.822  -54.406  43.892 3.890661
132109  51.174  -54.877  43.996 4.226251
132110  51.485  -55.331  43.940 4.533079
132111  50.963  -55.676  44.074 4.791173
132112  51.366  -55.729  43.965 4.794144
132113  51.651  -55.728  43.767 4.796570
132114  51.750  -56.088  43.545 5.007015
132115  51.839  -56.372  43.218 5.160289
142710  49.029  -43.404  37.799 3.687675
142712  49.344  -43.472  38.104 3.958723
142713  49.694  -43.607  38.475 4.206971
142714  50.042  -43.726  38.804 4.420433
142715  50.205  -44.407  37.901 4.889410
142716  50.331  -44.025  38.470 4.750308
142717  50.446  -43.733  39.134 4.586608
142718  50.815  -43.780  39.296 4.693233
142719  51.158  -43.877  39.391 4.729198
142720  51.543  -43.987  39.551 4.686098
142721  51.057  -47.285  36.731 6.077086
142722  51.139  -46.516  36.586 5.897481
142723  51.335  -45.665  37.020 5.668600
142724  51.687  -46.604  36.711 5.827977
142725  51.617  -45.726  37.070 5.618892
142726  51.445  -45.006  37.512 5.406525
142727  51.551  -44.526  38.187 5.126337
142728  51.707  -44.228  38.954 4.840857
142729  51.913  -44.098  39.688 4.560004
142730  52.245  -44.224  39.836 4.353371
142731  52.584  -44.329  39.884 4.076116
142732  53.042  -44.488  39.902 3.745224
142733  52.815  -44.968  38.501 4.056647
142734  53.156  -44.692  39.244 3.697369
142739  53.724  -50.857  39.872 7.286341
142740  53.676  -50.474  39.418 7.173820
142741  53.653  -50.086  39.000 6.950450
142742  54.608  -50.438  39.263 6.453307
142743  54.097  -50.003  38.927 6.561728
142744  53.674  -49.728  38.553 6.616540
142745  53.690  -49.330  38.167 6.184195
142746  53.705  -48.900  37.837 5.676986
142747  53.747  -48.477  37.560 5.126891
142748  56.440  -50.955  37.542 4.310063
142749  56.109  -50.416  37.934 4.385842
142750  55.625  -49.802  38.090 4.456768
142752  55.662  -49.461  37.807 3.947309
142753  55.117  -49.323  37.995 4.515437
142754  54.625  -48.870  37.819 4.555222
142755  54.170  -48.403  37.657 4.572547
142756  53.751  -48.020  37.403 4.568400
142757  53.692  -47.477  37.220 4.032695
147293  51.781  -54.937  35.289 4.770593
147294  51.110  -54.980  34.979 4.711881
147295  51.154  -55.240  35.449 4.722233
147296  50.543  -55.574  35.653 4.683314
147297  49.976  -56.007  35.765 4.659408
147298  50.629  -56.006  36.390 4.714736
147299  50.025  -56.200  36.115 4.662872
147300  49.553  -56.534  35.859 4.652571
147301  49.314  -57.127  35.946 4.660954
147302  49.214  -57.711  35.926 4.678696
147303  49.188  -58.225  35.894 4.696100
147304  51.054  -56.654  37.811 4.870501
147305  50.558  -56.930  37.449 4.790910
147306  50.147  -57.207  37.181 4.730484
147307  50.185  -57.917  37.615 4.767089
147308  50.051  -57.708  37.310 4.726422
147309  49.850  -57.563  36.965 4.692358
147310  49.596  -57.938  36.699 4.676900
147311  49.381  -58.334  36.297 4.681497
147312  49.271  -58.793  35.834 4.700451
147313  49.478  -59.330  35.754 4.677631
147314  49.781  -59.802  35.663 4.614542
147315  50.096  -60.264  35.572 4.501893
147316  50.108  -60.121  36.678 4.534242
147317  50.272  -60.427  36.072 4.443706
147318  50.322  -60.673  35.620 4.336593
147319  50.526  -61.094  35.628 4.122605
147320  50.638  -61.532  35.721 3.869947
147322  51.609  -57.397  41.794 5.304980
147323  51.321  -57.730  41.290 5.270879
147324  51.065  -58.049  40.849 5.208696
147325  50.809  -58.532  41.681 5.323816
147326  50.860  -58.451  41.085 5.218554
147327  50.880  -58.307  40.564 5.125006
147328  50.762  -58.672  40.236 5.024516
147329  50.703  -59.037  39.958 4.909914
147330  50.707  -59.537  39.478 4.781920
147331  50.107  -60.076  42.454 4.968979
147332  50.270  -60.070  41.853 4.900639
147333  50.404  -59.998  41.281 4.831075
147334  50.276  -60.824  40.978 4.409850
147335  50.401  -60.360  40.887 4.605066
147336  50.568  -59.964  40.691 4.767125
147337  50.682  -59.937  40.170 4.712987
147338  50.738  -59.926  39.581 4.670512
147339  50.755  -59.945  38.995 4.639794
147340  50.732  -60.312  38.674 4.482281
147341  50.709  -60.760  38.279 4.308702
147342  50.707  -61.166  37.768 4.119997
147343  50.603  -61.539  38.505 3.851196
147344  50.733  -61.464  37.945 3.877670
147345  50.720  -61.447  37.321 3.919353
147346  50.695  -61.758  36.913 3.712034
147382  46.874  -57.364  44.846 3.622815
147383  46.940  -57.872  45.235 3.691461
147384  47.039  -58.363  45.568 3.739389
147393  47.104  -58.871  45.737 3.770113
147394  47.113  -59.441  45.861 3.787730
147395  47.053  -60.056  45.917 3.795620
147396  46.952  -60.544  45.929 3.795424
147398  46.370  -60.808  46.018 3.608504
147399  46.766  -61.060  45.896 3.786289
147400  46.573  -61.587  45.712 3.764866
147401  46.378  -62.123  45.587 3.725921
147402  46.161  -62.626  45.418 3.663861
147428  45.663  -62.969  45.641 3.603095
147702  49.043  -43.841  37.332 3.765461
147703  49.234  -44.355  37.107 4.113497
147704  49.462  -44.953  36.983 4.444615
147705  49.071  -45.550  36.584 4.099480
147706  49.426  -45.591  36.749 4.436313
147707  49.739  -45.619  36.940 4.758465
147708  50.070  -46.365  36.807 5.057989
147709  50.300  -47.008  37.065 5.347713
147710  50.475  -47.623  37.356 5.631778
147712  49.113  -47.852  37.445 3.887782
147713  49.460  -47.930  37.603 4.294402
147714  49.620  -48.974  38.230 4.221128
147715  49.718  -48.482  37.988 4.488691
147716  49.769  -48.009  37.746 4.715090
147717  50.099  -48.037  37.724 5.135826
147718  50.391  -48.182  37.638 5.540589
147719  50.650  -48.328  37.579 5.911819
147720  50.856  -48.829  38.014 6.185352
147721  51.144  -49.294  38.428 6.445041
147722  51.515  -49.605  38.905 6.679340
147723  51.147  -49.968  39.248 6.061233
147724  51.505  -49.979  39.300 6.503104
147725  51.840  -49.974  39.341 6.875007
147726  52.186  -50.333  39.711 7.020642
147727  52.554  -50.695  40.088 7.110239
147728  52.965  -51.165  40.424 7.144545
147737  50.370  -51.107  40.959 3.769325
147741  51.578  -52.807  42.941 4.009997
147742  51.184  -52.394  42.612 3.770160
147744  50.716  -51.706  41.795 3.715256
147745  50.673  -51.471  41.365 3.952677
147746  50.727  -51.213  40.907 4.240943
147747  51.018  -51.300  40.942 4.741287
147748  51.461  -51.266  41.015 5.251196
147749  51.878  -51.317  40.998 5.748192
147750  52.279  -52.058  41.664 5.546526
147751  52.255  -51.775  41.252 5.874812
147752  52.291  -51.452  40.846 6.208041
147753  52.695  -51.527  40.811 6.606385
147754  53.079  -51.568  40.792 6.920289
147755  53.406  -51.548  40.733 7.130009
147756  53.835  -51.947  40.954 7.075716
147757  54.258  -52.397  40.985 6.990289
147758  54.559  -52.757  40.757 6.879887
147759  54.207  -53.111  41.228 6.604323
147760  54.480  -53.109  40.960 6.723471
147761  54.714  -53.095  40.522 6.747818
147762  54.806  -53.455  40.257 6.595211
147763  54.833  -53.780  40.026 6.422557
147764  54.719  -54.036  39.641 6.231223
147765  53.734  -54.488  41.754 5.683513
147766  53.937  -54.471  41.366 5.879108
147767  54.097  -54.468  40.973 6.026737
147768  53.779  -55.088  40.536 5.720913
147769  54.031  -54.754  40.645 5.918758
147770  54.255  -54.431  40.641 6.117598
147771  54.363  -54.388  40.228 6.146951
147772  54.426  -54.282  39.758 6.114532
147773  54.555  -54.302  39.182 6.024481
147774  54.366  -54.656  38.611 5.807977
147775  54.226  -54.956  37.859 5.589367
147776  53.920  -55.135  37.160 5.377584
147777  53.448  -55.342  37.579 5.347509
147778  53.455  -55.292  37.096 5.271459
147779  53.458  -55.185  36.591 5.181820
147780  52.921  -55.103  36.082 5.010689
147781  52.396  -54.996  35.684 4.871637
158254  50.414  -55.018  34.649 4.698054
158255  49.782  -55.215  34.345 4.729520
158256  49.198  -55.523  34.028 4.803875
158257  48.817  -56.389  34.616 4.781013
158258  48.726  -56.133  34.172 4.847671
158259  48.670  -55.902  33.678 4.914734
158260  48.202  -56.292  33.304 5.050350
158261  47.782  -56.644  32.912 5.192645
158262  47.404  -57.035  32.459 5.317677
158263  48.627  -58.807  34.452 4.873550
158264  48.296  -58.506  34.062 4.974730
158265  48.041  -58.263  33.734 5.089015
158266  48.160  -59.198  32.920 5.124008
158267  47.916  -58.650  33.089 5.190794
158268  47.775  -58.072  33.237 5.206728
158269  47.556  -57.856  32.761 5.312259
158270  47.320  -57.738  32.311 5.384436
158271  47.232  -57.541  31.897 5.398958
158272  47.120  -58.020  31.304 5.413561
158273  47.121  -58.480  30.625 5.349122
158274  47.214  -58.900  29.947 5.207541
158275  47.539  -59.574  30.252 5.276229
158276  47.461  -59.425  29.768 5.186633
158277  47.313  -59.236  29.346 5.003304
158278  47.533  -59.507  28.778 4.757230
158279  47.798  -59.721  28.262 4.489702
158280  48.121  -59.941  27.706 4.216202
158283  49.590  -62.021  33.152 3.641744
158286  49.521  -61.843  32.463 3.794126
158287  49.424  -61.731  31.807 3.948614
158288  49.264  -61.664  31.231 4.100701
158289  49.237  -61.523  30.794 4.244194
158296  49.698  -62.180  30.282 3.832206
158297  49.455  -61.768  30.276 4.098776
158298  49.091  -61.395  30.247 4.370759
158299  48.959  -61.228  29.715 4.469770
158300  48.821  -61.126  29.281 4.529032
158301  48.752  -60.986  28.846 4.536563
158302  49.513  -61.607  28.200 4.107330
158303  49.103  -61.204  28.271 4.304989
158304  48.684  -60.824  28.375 4.483012
158305  48.595  -60.620  27.955 4.364209
158306  48.519  -60.408  27.538 4.182430
158307  48.496  -60.178  27.123 3.946041
158308  48.857  -60.443  26.580 3.683272
159066  49.997  -42.919  40.478 3.756993
159072  51.690  -43.602  41.453 4.069665
159073  51.527  -43.344  41.869 3.898372
159074  51.470  -43.065  42.207 3.685105
