#!ascii label , from subject fsaverage
552
94  11.406  36.819  53.408 5.954758
457  19.658  27.524  56.247 4.243086
999  10.928  42.027  48.769 4.729778
1536  11.181  30.469  57.171 4.989057
2024  15.241  26.298  56.698 4.180152
2025  15.297  31.679  53.976 5.635229
2027  19.387  32.339  52.025 4.233572
2028  15.455  37.455  50.133 4.035144
2915  9.689  35.816  55.067 5.012801
2917  9.765  38.765  52.987 5.496684
2918  9.634  41.505  50.589 5.374747
2919  11.503  39.302  51.411 5.760519
4438  19.548  24.598  57.747 3.479406
4439  17.474  23.832  57.053 3.140865
4440  17.718  26.817  56.606 4.554417
4441  15.389  29.157  55.878 5.520671
4442  17.957  29.900  55.329 5.109311
4447  20.117  31.877  50.032 3.731907
4449  17.298  35.187  51.284 4.007023
6404  9.735  44.482  48.128 4.399940
6410  21.155  24.859  56.578 3.296970
7421  9.574  32.370  56.959 4.289891
7422  10.953  33.711  55.187 5.685653
8647  13.227  28.496  57.009 5.006567
8648  12.808  31.068  55.099 5.890244
8649  12.949  34.208  53.407 5.895318
8652  20.545  27.568  54.096 3.946603
8654  21.098  29.961  51.728 4.213146
8655  19.897  30.471  53.926 4.560876
8656  17.711  32.388  53.262 4.853476
8657  15.372  34.678  52.225 5.055684
8658  13.433  37.119  51.701 5.416532
8659  12.863  39.461  49.234 4.423099
10595  10.541  36.380  54.260 5.638401
10596  9.791  37.346  54.074 5.286434
10597  10.623  37.820  53.267 5.818196
10598  10.662  39.083  52.204 5.873168
10599  11.485  38.148  52.473 5.951327
12118  19.680  25.955  57.209 3.893187
12119  18.658  25.673  57.159 3.984803
12120  18.788  27.124  56.778 4.431763
12121  17.824  28.381  56.229 4.951299
12122  18.850  28.747  55.951 4.709087
14510  10.326  41.806  49.748 5.262189
14511  9.595  42.956  49.387 4.951331
14512  10.289  43.228  48.517 4.648072
14513  10.481  44.766  47.286 4.001286
14514  10.898  43.440  47.485 4.059195
16310  10.606  29.859  58.279 4.115349
16311  9.750  30.694  58.188 3.758040
16312  10.355  31.403  57.084 4.696075
16313  10.222  33.089  56.060 5.107918
16314  10.957  32.044  56.012 5.421543
19071  16.369  25.123  56.751 3.625497
19073  14.835  24.737  56.824 3.124473
19075  13.939  25.879  57.139 3.636151
19076  13.033  27.007  57.521 4.076825
19077  14.248  27.372  56.876 4.678626
19078  15.341  30.480  54.902 5.694923
19079  14.047  30.092  55.413 5.786730
19080  13.966  31.357  54.320 5.880270
19081  12.738  32.576  54.154 5.961154
19082  13.964  32.856  53.454 5.786944
19089  20.625  25.924  54.064 3.494644
19090  20.763  27.528  52.873 3.779763
19094  19.970  32.212  50.948 4.009154
19095  20.832  30.849  50.946 4.075435
19096  20.402  31.151  51.916 4.291760
19097  20.690  30.335  52.862 4.383633
19098  19.786  31.425  52.852 4.483496
19099  18.974  31.447  53.619 4.736909
19100  18.609  32.513  52.767 4.502989
19101  16.559  36.480  50.802 3.970586
19102  16.428  34.990  51.906 4.506088
19103  15.594  36.170  51.467 4.584886
19104  14.368  35.913  51.912 5.212131
19105  14.551  37.201  50.965 4.747000
19106  13.396  38.297  50.625 4.974507
19107  14.145  38.338  49.569 4.198841
23677  8.804  34.993  55.761 4.228425
23679  8.958  36.649  54.749 4.543831
23680  8.983  38.095  53.678 4.807878
23681  8.966  39.533  52.419 4.989894
23682  8.866  41.062  51.230 5.016692
23683  9.726  40.067  51.866 5.557067
23684  10.512  40.303  51.092 5.699563
23685  11.196  40.553  50.140 5.336038
24765  11.383  29.081  58.157 4.328974
26420  18.609  24.180  57.503 3.416331
26421  17.639  25.327  56.937 3.920818
26422  16.560  26.530  56.583 4.494038
26423  15.523  27.645  56.488 5.024598
26424  16.694  28.071  56.276 5.094594
26425  16.685  29.571  55.633 5.384981
26426  16.674  30.829  54.634 5.417264
26433  20.150  31.771  49.100 3.296039
26436  18.832  33.556  50.767 3.815490
26437  18.226  33.677  51.699 4.113904
26438  17.891  35.117  50.271 3.599909
26439  17.147  36.579  49.735 3.445534
26440  16.223  37.656  49.177 3.397760
26441  14.865  38.459  48.487 3.465650
30313  20.535  24.826  57.596 3.408636
30314  20.510  26.211  56.482 3.755335
32756  8.810  31.530  57.801 3.347809
32757  8.730  33.332  56.648 3.840816
32758  9.593  34.140  56.019 4.693556
32759  10.373  34.803  55.190 5.403429
32760  11.194  35.231  54.341 5.853372
36194  12.252  28.042  57.869 4.324931
36195  12.232  29.493  57.114 5.107679
36196  14.273  28.789  56.381 5.412008
36197  13.068  29.801  56.176 5.603536
36198  11.901  30.792  56.005 5.597839
36199  11.763  32.386  55.027 5.850629
36200  11.934  33.901  54.295 5.953460
36201  12.198  35.516  53.451 5.961459
36208  21.106  24.639  55.320 3.174207
36209  20.719  26.099  55.139 3.630558
36210  20.332  27.613  55.310 4.077337
36214  21.106  30.609  50.043 3.707519
36215  21.798  29.601  50.782 3.925413
36216  21.169  28.690  51.619 3.940889
36217  20.942  29.034  52.859 4.159161
36218  20.460  29.187  54.141 4.302570
36219  19.792  29.124  55.222 4.475759
36220  19.041  30.330  54.835 4.807931
36221  17.883  31.172  54.283 5.065455
36222  16.554  32.060  53.564 5.257260
36223  17.364  33.714  52.388 4.492853
36224  16.492  33.430  52.738 4.946017
36225  15.317  33.186  52.933 5.411516
36226  14.196  34.433  52.614 5.560413
36227  13.264  35.745  52.560 5.719156
36228  12.430  37.038  52.530 5.869375
36229  12.464  38.227  51.584 5.628436
36230  12.202  39.447  50.358 5.205115
36231  11.820  40.694  48.948 4.632019
36232  13.556  39.341  48.086 3.626158
36233  12.458  40.652  47.809 3.826551
36234  11.676  42.052  47.587 3.993365
41315  10.967  36.588  53.836 5.843387
41316  10.579  37.135  53.791 5.737876
41317  11.022  37.327  53.352 5.906746
41318  11.063  37.979  52.867 5.942619
41319  11.439  37.507  52.955 5.971007
42838  19.668  26.740  56.745 4.079945
42839  19.223  26.530  56.960 4.160173
42840  19.170  27.328  56.593 4.338686
42841  18.778  27.924  56.394 4.592879
42842  19.233  28.138  56.139 4.481783
45230  10.634  41.926  49.277 5.036309
45231  10.295  42.517  49.125 4.968282
45232  10.591  42.627  48.646 4.712874
45233  10.595  43.324  48.025 4.376945
45234  10.887  42.697  48.128 4.394888
47030  10.913  30.183  57.727 4.579235
47031  10.484  30.617  57.719 4.428374
47032  10.733  30.892  57.143 4.860767
47033  10.621  31.736  56.524 5.092158
47034  11.010  31.235  56.580 5.231101
49791  15.782  25.728  56.703 3.901558
49792  15.622  24.990  56.748 3.395124
49793  15.075  25.578  56.778 3.662764
49794  14.362  25.311  56.955 3.380260
49795  14.578  26.131  56.872 3.931928
49796  14.117  26.647  57.021 4.185041
49797  14.733  26.852  56.766 4.444518
49798  15.352  31.076  54.449 5.689037
49799  14.641  30.917  54.545 5.802104
49800  14.557  31.499  54.071 5.781268
49801  13.879  32.056  53.890 5.852408
49802  14.617  32.231  53.673 5.717628
49814  19.671  32.291  51.505 4.120648
49815  20.193  31.675  51.495 4.174688
49816  19.889  31.747  51.977 4.275226
49817  20.109  31.288  52.382 4.383651
49818  19.567  31.877  52.422 4.380446
49819  19.228  31.973  52.844 4.500267
49820  18.969  32.480  52.408 4.358817
49821  16.042  36.997  50.467 3.989551
49822  16.027  36.326  51.167 4.269798
49823  15.548  36.837  50.851 4.316460
49824  15.131  36.686  51.198 4.655687
49825  15.056  37.307  50.540 4.387222
49826  14.438  37.762  50.267 4.479852
49827  14.829  37.821  49.845 4.106101
54820  9.217  35.427  55.451 4.630936
54821  8.863  35.844  55.272 4.392940
54822  9.348  36.286  54.954 4.784943
54823  9.825  38.094  53.536 5.403599
54824  9.394  37.754  53.902 5.060225
54825  9.459  38.534  53.316 5.174994
54826  9.028  38.839  53.063 4.913260
54827  9.368  39.153  52.720 5.262899
54828  9.336  39.800  52.150 5.311536
54829  9.784  39.362  52.449 5.552525
54830  11.055  39.230  51.830 5.880868
54831  10.596  39.718  51.671 5.819970
54832  11.004  39.800  51.246 5.760716
54833  10.883  40.415  50.617 5.575088
54834  11.327  39.905  50.793 5.576655
56633  11.056  28.710  58.649 3.862906
56634  11.404  28.283  58.530 3.914366
59390  19.042  24.408  57.697 3.471155
59391  18.217  26.239  56.891 4.267226
59392  18.218  25.473  57.101 3.978903
59393  17.711  26.099  56.781 4.264012
59394  17.058  25.978  56.711 4.205514
59395  17.174  26.705  56.584 4.553448
59396  16.669  27.242  56.447 4.833730
59397  17.305  27.455  56.458 4.834097
59398  17.851  29.149  55.851 5.058136
59399  17.263  29.026  55.929 5.182131
59400  17.319  29.720  55.547 5.257168
59401  16.728  30.213  55.190 5.428892
59402  17.312  30.386  54.973 5.275377
59419  18.325  34.308  50.504 3.704433
59424  16.710  37.157  49.477 3.406960
66565  9.236  41.300  50.958 5.246864
66566  8.826  41.790  50.652 4.953247
66567  9.214  42.028  50.327 5.124314
66568  9.653  43.750  48.739 4.682354
66574  9.911  45.248  47.565 4.121163
66600  20.998  24.916  57.134 3.354158
66601  20.551  25.536  57.078 3.580034
66602  20.877  25.553  56.523 3.519016
71968  9.654  31.482  57.601 4.041297
71969  9.266  31.110  58.019 3.553778
71970  9.194  31.962  57.430 3.825398
71971  8.757  32.445  57.228 3.608497
71972  9.162  32.867  56.849 4.065991
71973  9.165  33.716  56.339 4.277122
71974  9.561  33.255  56.452 4.505620
71975  10.578  33.399  55.646 5.432310
71976  10.260  33.949  55.643 5.266106
71977  10.653  34.270  55.213 5.558906
71978  10.791  35.026  54.808 5.667245
71979  11.049  34.507  54.781 5.778207
80263  13.200  27.742  57.283 4.578807
80264  12.625  27.556  57.705 4.230192
80265  12.726  28.276  57.415 4.696088
80266  12.274  28.793  57.543 4.752709
80267  12.679  29.041  57.054 5.086287
80268  15.473  28.411  56.257 5.317282
80269  14.960  28.245  56.505 5.240855
80270  14.838  28.983  56.123 5.501743
80271  13.410  30.556  55.236 5.857783
80272  13.545  29.972  55.692 5.733311
80273  12.907  30.401  55.616 5.780204
80274  12.485  30.252  56.110 5.624009
80275  12.313  30.929  55.538 5.784104
80276  11.792  31.571  55.480 5.748276
80277  12.245  31.662  55.037 5.886979
80278  12.831  33.345  53.761 5.942344
80279  12.320  33.236  54.210 5.968068
80280  12.421  34.053  53.828 5.963665
80281  12.065  34.759  53.836 5.968177
80282  12.567  34.849  53.433 5.934808
80301  20.615  26.697  54.122 3.730811
80302  20.689  26.005  54.618 3.568425
80303  20.556  26.835  54.619 3.796793
80304  20.524  26.863  55.239 3.858328
80305  20.448  27.663  54.697 4.010333
80314  20.100  31.823  49.539 3.537450
80315  20.615  31.180  49.567 3.523175
80316  20.559  31.294  50.046 3.751534
80317  21.042  30.373  51.347 4.169780
80318  21.386  30.180  50.947 4.030930
80319  21.342  29.812  51.172 4.092185
80320  21.535  29.170  51.135 3.957375
80321  21.179  29.356  51.657 4.103238
80322  20.997  28.882  52.220 4.067479
80323  21.024  29.534  52.240 4.208382
80324  20.311  30.407  53.421 4.465586
80325  20.587  29.828  53.445 4.363188
80326  20.230  29.868  54.055 4.443085
80327  20.168  29.218  54.715 4.381520
80328  19.853  29.836  54.610 4.537879
80329  19.468  29.784  55.085 4.650934
80330  19.492  30.426  54.430 4.674891
80331  18.344  31.921  53.473 4.800713
80332  18.440  31.353  53.982 4.893682
80333  17.805  31.796  53.723 4.979042
80334  17.236  31.602  53.912 5.168165
80335  17.165  32.259  53.434 5.052656
80336  17.719  34.440  51.487 4.054711
80337  17.804  33.733  52.107 4.292345
80338  17.317  34.431  51.878 4.263225
80339  15.936  34.823  52.095 4.779395
80340  16.428  34.202  52.325 4.740648
80341  15.916  34.096  52.455 4.996373
80342  15.920  33.324  52.845 5.182960
80343  15.331  33.910  52.592 5.249141
80344  14.734  33.796  52.737 5.485056
80345  14.825  34.541  52.394 5.321268
80346  13.893  36.517  51.796 5.309770
80347  13.813  35.794  52.218 5.490278
80348  13.356  36.422  52.138 5.585177
80349  12.864  36.459  52.535 5.798081
80350  12.922  37.095  52.089 5.681314
80351  12.489  37.630  52.087 5.770789
80352  12.956  37.704  51.622 5.525958
80353  13.207  38.906  49.920 4.708826
80354  12.771  38.883  50.482 5.095122
80355  12.570  39.491  49.781 4.827343
80356  12.021  40.130  49.656 4.932628
80357  12.299  40.014  49.078 4.535419
80359  14.240  38.860  48.290 3.536969
80364  12.008  41.308  47.732 3.918959
92797  10.139  36.162  54.663 5.355235
92798  9.790  36.617  54.583 5.154665
92799  10.172  36.856  54.201 5.480063
92800  10.206  37.614  53.679 5.591942
92801  10.208  38.310  53.131 5.682549
92802  10.243  38.918  52.666 5.739173
92803  10.658  38.441  52.775 5.868031
92804  11.101  38.606  52.359 5.938303
92805  11.510  38.737  51.966 5.884184
95538  19.640  25.276  57.517 3.690312
95539  19.125  25.112  57.475 3.718788
95540  19.187  25.825  57.230 3.951243
95541  18.721  26.431  56.945 4.227550
95542  18.275  27.002  56.710 4.508828
95543  17.807  27.637  56.480 4.784149
95544  18.324  27.739  56.482 4.698498
95545  18.340  28.506  56.118 4.834964
95546  18.459  29.410  55.636 4.919669
99844  9.987  41.672  50.184 5.380340
99845  9.573  42.237  49.969 5.187981
99846  9.944  42.389  49.571 5.133599
99847  9.981  43.132  48.944 4.847058
99848  10.011  43.844  48.340 4.540211
99849  10.110  44.637  47.744 4.231598
99850  10.331  43.960  47.905 4.320372
99851  10.673  44.105  47.395 4.044565
103084  10.276  29.525  58.749 3.615676
103085  9.830  29.908  58.688 3.442735
103086  10.174  30.230  58.280 3.949107
103087  10.086  31.051  57.715 4.245732
103088  9.973  31.900  57.033 4.502948
103089  9.887  32.756  56.505 4.722735
103090  10.245  32.242  56.495 4.920588
103091  10.604  32.554  55.995 5.279766
103092  10.954  32.879  55.555 5.569709
108053  16.951  24.452  56.872 3.367595
108055  16.225  24.342  56.760 3.145199
108061  13.259  25.665  57.414 3.307073
108062  12.848  26.207  57.662 3.525475
108063  13.480  26.463  57.318 3.874101
108064  13.669  27.214  57.153 4.405298
108065  13.768  27.926  56.957 4.869092
108066  15.351  29.890  55.407 5.642733
108067  14.760  29.636  55.660 5.674701
108068  14.698  30.278  55.110 5.770565
108069  13.959  30.750  54.864 5.862172
108070  13.300  31.265  54.681 5.919942
108071  12.757  31.793  54.590 5.946692
108072  13.255  31.949  54.166 5.932416
108073  13.318  32.704  53.767 5.905434
108074  13.415  33.556  53.380 5.845798
108087  20.612  26.839  53.473 3.648003
108088  20.655  27.599  53.475 3.874505
108094  20.085  31.941  50.402 3.884792
108095  20.567  31.300  50.487 3.928911
108096  20.383  31.511  50.958 4.064767
108097  20.612  31.006  51.439 4.194559
108098  20.830  30.525  51.796 4.273852
108099  20.968  30.154  52.258 4.304480
108100  20.621  30.726  52.317 4.360744
108101  20.321  30.863  52.849 4.446522
108102  19.935  30.947  53.334 4.543233
108103  19.469  30.968  53.784 4.658020
108104  19.398  31.480  53.271 4.599954
108105  18.803  31.973  53.166 4.640056
108106  18.149  32.519  52.992 4.668445
108107  16.968  35.888  51.060 3.977375
108108  16.896  35.128  51.632 4.246291
108109  16.485  35.780  51.492 4.247141
108110  15.966  35.619  51.688 4.535461
108111  15.462  35.420  51.880 4.833112
108112  14.863  35.256  52.026 5.127152
108113  15.018  36.038  51.685 4.904176
108114  14.535  36.589  51.499 4.992938
108115  14.020  37.174  51.336 5.097255
108116  13.493  37.710  51.230 5.212249
108117  13.947  37.743  50.792 4.855377
108118  13.786  38.340  50.081 4.589573
108119  13.463  38.904  49.385 4.307344
116683  8.346  34.511  55.946 3.821822
116685  8.402  35.354  55.501 3.997481
116686  8.471  36.202  54.991 4.155202
116687  8.538  36.951  54.453 4.298112
116688  9.386  37.049  54.404 4.928359
116689  8.974  37.423  54.190 4.682774
116690  8.573  37.747  53.913 4.426942
116691  8.601  38.438  53.294 4.539416
116692  8.611  39.162  52.663 4.630256
116693  8.534  39.944  52.008 4.692173
116694  8.526  40.727  51.400 4.717662
116695  8.911  40.286  51.782 5.027357
116696  9.293  40.578  51.546 5.308873
116697  9.659  40.811  51.228 5.499248
116698  10.199  39.578  52.063 5.747026
116699  10.108  40.262  51.490 5.693103
116700  10.065  40.929  50.848 5.570332
116701  10.427  41.048  50.400 5.510998
116702  10.754  41.161  49.955 5.329381
116703  11.059  41.307  49.447 5.048878
119221  10.695  29.144  58.751 3.759804
119222  11.011  29.501  58.245 4.245436
119223  11.354  29.751  57.719 4.688899
123082  18.058  23.981  57.261 3.306554
123083  18.662  24.865  57.414 3.710926
123084  18.149  24.712  57.226 3.653816
123085  17.565  24.567  57.032 3.539547
123086  17.071  25.152  56.829 3.803090
123087  16.426  25.860  56.695 4.084706
123088  15.927  26.528  56.555 4.369624
123089  15.423  27.014  56.579 4.642018
123090  16.038  27.086  56.500 4.771731
123091  16.153  27.777  56.322 5.091972
123092  16.054  28.617  56.073 5.325883
123093  17.281  28.230  56.245 5.043025
123094  16.648  28.778  56.010 5.276435
123095  15.985  29.354  55.729 5.477640
123096  16.037  29.998  55.349 5.556250
123097  16.046  30.638  54.859 5.572453
123098  15.975  31.284  54.240 5.536276
123113  19.676  32.456  48.964 3.283802
123114  19.698  32.522  49.390 3.490430
123117  19.571  32.599  49.882 3.658514
123118  19.564  32.738  50.396 3.797589
123119  19.428  32.818  50.897 3.921472
123120  19.180  32.945  51.498 4.044027
123121  18.749  33.023  51.953 4.176566
123122  18.571  33.667  51.236 3.956531
123123  18.072  34.408  50.983 3.869197
123124  17.653  35.243  50.750 3.791603
123126  17.522  35.868  50.026 3.511327
123127  17.342  35.924  50.562 3.731516
123128  16.938  36.556  50.337 3.694651
123129  16.462  37.107  50.015 3.684598
123130  15.884  37.572  49.615 3.702899
123131  15.148  37.969  49.342 3.749003
123132  15.549  38.029  48.837 3.417965
132700  8.477  41.503  50.859 4.701245
132712  10.286  45.415  47.138 3.936398
132743  20.096  24.736  57.731 3.454056
132744  20.103  25.391  57.390 3.639890
132745  20.116  26.107  56.922 3.824477
132746  20.125  26.862  56.364 3.998883
139480  9.341  30.258  58.575 3.253843
139483  8.335  31.951  57.525 3.150882
139484  8.347  32.822  56.960 3.400768
139485  8.315  33.725  56.395 3.624082
139486  8.747  34.145  56.161 4.046095
139487  9.193  34.644  55.917 4.463446
139488  9.572  34.979  55.559 4.860494
139489  9.910  33.630  56.065 4.910666
139490  9.946  34.497  55.617 5.074131
139491  10.021  35.338  55.116 5.220521
139492  10.476  35.650  54.737 5.526454
139493  10.878  35.820  54.310 5.761985
139494  11.300  36.030  53.871 5.913127
149554  12.480  26.729  57.934 3.706585
149555  12.207  27.263  58.174 3.836502
149556  11.843  27.783  58.351 3.906606
149557  11.853  28.553  58.014 4.357356
149558  11.824  29.269  57.687 4.748966
149559  11.721  29.977  57.156 5.073559
149560  14.886  27.526  56.647 4.886840
149561  14.337  28.038  56.732 5.091453
149562  13.772  28.616  56.712 5.246869
149563  14.164  29.493  55.913 5.640872
149564  13.684  29.303  56.275 5.533337
149565  13.115  29.167  56.646 5.348256
149566  12.568  29.663  56.621 5.394513
149567  12.072  30.129  56.622 5.387615
149568  11.595  30.611  56.597 5.331450
149569  11.416  31.435  56.008 5.528952
149570  11.360  32.231  55.510 5.675870
149571  11.356  33.004  55.127 5.783123
149572  12.250  32.464  54.591 5.944882
149573  11.827  33.129  54.675 5.916063
149574  11.428  33.832  54.721 5.860718
149575  11.551  34.577  54.318 5.916072
149576  11.696  35.362  53.882 5.952859
149577  11.809  36.154  53.454 5.970352
149598  21.192  24.675  55.917 3.238206
149599  20.876  25.234  54.686 3.332126
149600  20.948  25.353  55.222 3.399769
149601  20.944  25.384  55.863 3.459754
149602  20.720  26.141  55.860 3.690884
149603  20.387  26.843  55.925 3.924383
149604  20.041  27.568  55.886 4.154485
149617  21.044  30.708  50.512 3.917319
149618  21.524  30.128  50.536 3.842371
149623  20.974  28.195  52.185 3.879874
149624  20.821  28.279  52.878 3.989333
149625  20.677  28.420  53.475 4.069989
149626  20.900  29.710  52.872 4.289464
149627  20.699  29.158  53.497 4.232363
149628  20.476  28.425  54.134 4.137476
149629  20.352  28.422  54.725 4.205614
149630  20.081  28.374  55.308 4.283948
149631  19.683  28.309  55.776 4.376508
149632  19.339  28.968  55.707 4.586372
149633  18.905  29.586  55.472 4.780399
149634  18.420  30.083  55.189 4.955586
149635  19.088  30.955  54.221 4.793083
149636  18.486  30.782  54.555 4.945981
149637  17.932  30.539  54.837 5.110134
149638  17.292  30.962  54.486 5.243780
149639  16.597  31.381  54.114 5.358041
149640  15.962  31.883  53.760 5.455872
149641  18.405  33.035  52.318 4.326741
149642  17.934  33.160  52.610 4.498242
149643  17.546  33.036  52.819 4.690716
149644  16.884  34.359  52.136 4.493484
149645  16.960  33.552  52.601 4.712827
149646  17.058  32.894  52.985 4.900129
149647  16.552  32.768  53.144 5.119016
149648  15.922  32.602  53.251 5.336899
149649  15.308  32.405  53.425 5.541102
149650  14.663  32.977  53.156 5.617692
149651  14.048  33.645  52.984 5.688926
149652  13.511  34.319  52.937 5.756800
149653  14.336  35.200  52.284 5.401584
149654  13.693  35.067  52.569 5.638779
149655  13.107  34.988  52.973 5.821456
149656  12.722  35.661  52.980 5.880855
149657  12.336  36.337  52.981 5.930488
149658  11.886  36.969  52.977 5.963532
149659  11.966  37.610  52.510 5.924180
149660  12.012  38.165  52.048 5.842793
149661  12.023  38.764  51.517 5.711473
149662  12.966  38.262  51.121 5.329938
149663  12.388  38.816  51.010 5.439271
149664  11.870  39.368  50.910 5.526557
149665  11.698  39.994  50.256 5.290337
149666  11.552  40.658  49.559 5.010870
149667  11.397  41.328  48.866 4.700443
149668  14.531  38.350  49.109 3.820252
149669  13.841  38.854  48.840 3.911869
149670  13.128  39.433  48.642 4.016861
149672  12.964  39.990  47.905 3.725675
149673  12.594  40.048  48.491 4.126225
149674  12.113  40.662  48.392 4.229392
149675  11.676  41.355  48.264 4.315131
149676  11.277  42.006  48.207 4.372975
149677  11.257  42.742  47.538 4.041794
