#!ascii label , from subject fsaverage
869
426  54.686  -31.898  34.277 3.747416
580  62.425  -27.461  36.160 3.533322
581  60.431  -36.159  37.277 4.354372
584  62.378  -40.805  27.052 4.607610
1287  61.468  -28.907  41.411 3.918895
1288  60.149  -31.120  38.420 3.924533
1289  60.660  -33.670  40.938 4.164396
2378  61.629  -27.043  31.341 3.606397
2379  59.266  -29.704  34.465 4.421812
2380  56.905  -34.464  36.889 4.176682
2381  58.893  -38.334  33.310 4.132656
2388  61.209  -38.400  37.481 3.521943
2389  63.177  -39.383  33.145 4.676153
2390  63.338  -38.651  27.129 3.941788
3207  60.481  -30.369  43.573 3.534131
3208  61.098  -31.106  41.482 4.095009
3209  60.189  -32.389  43.052 3.573784
4296  54.044  -34.746  34.980 3.528279
5302  62.364  -27.220  33.341 3.513715
5303  60.809  -28.458  32.545 4.070557
5304  61.340  -28.590  34.848 3.911961
5305  59.267  -33.813  38.722 4.106903
5306  58.311  -32.452  37.749 4.117729
5307  58.529  -35.610  37.383 4.191391
5308  57.474  -37.161  35.585 4.032693
5309  59.978  -37.419  35.260 4.380223
5328  61.732  -41.312  30.341 4.314734
5329  62.567  -40.798  33.428 4.357410
5330  63.055  -40.504  30.391 4.905623
5331  63.247  -39.300  29.998 4.634511
5332  63.550  -39.822  27.245 4.575791
5333  63.767  -39.202  24.941 3.750688
5334  63.154  -40.534  24.631 4.149116
6321  56.122  -30.309  32.604 3.603326
6924  61.129  -27.319  40.703 3.503494
6925  62.170  -28.028  38.898 3.766329
6926  61.469  -29.150  37.469 3.804874
6927  61.499  -30.041  39.595 3.953406
6928  60.560  -32.353  39.837 4.102260
6929  60.669  -34.852  39.190 4.284560
6943  60.627  -41.588  26.522 3.681287
6944  61.793  -41.875  24.488 3.644592
9693  59.643  -28.091  31.120 3.788623
9694  58.640  -29.444  32.697 4.215729
9695  57.042  -30.676  34.194 4.422350
9696  59.553  -30.103  36.648 4.108266
9697  57.646  -31.503  36.215 4.426465
9698  55.806  -32.991  35.903 4.249255
9699  55.708  -35.931  35.625 3.811855
9700  56.508  -37.912  33.718 3.594927
9701  57.816  -38.754  30.853 3.650453
9721  60.500  -36.337  39.428 3.953369
9722  61.841  -37.003  37.433 4.263740
9724  62.475  -39.234  35.474 4.191378
9725  62.197  -37.689  35.254 4.491383
9726  61.956  -38.470  32.917 4.559571
9727  61.197  -38.811  30.119 4.172376
9728  60.788  -38.393  27.534 3.500674
10888  60.435  -31.293  43.424 3.582651
11976  54.253  -33.224  34.867 3.686771
12983  61.982  -27.910  34.038 3.725184
12984  62.047  -28.014  35.415 3.682391
12985  59.659  -35.229  38.180 4.237098
12986  58.877  -34.697  38.125 4.159077
12987  59.538  -35.988  37.303 4.275938
12988  59.254  -36.762  36.318 4.278736
12989  60.280  -36.785  36.246 4.389351
13008  62.060  -41.125  28.651 4.577180
13009  62.466  -41.041  30.425 4.749984
13010  62.802  -40.741  28.721 4.853556
13011  63.349  -40.192  28.690 4.842188
13012  63.108  -40.364  27.155 4.728636
13013  63.346  -40.125  25.935 4.433551
13014  62.764  -40.625  25.826 4.444155
15378  60.882  -28.615  42.364 3.667140
15380  61.361  -28.031  41.114 3.750279
15381  61.817  -27.557  39.863 3.703860
15382  61.862  -28.409  40.158 3.882425
15383  61.970  -28.978  39.322 3.882720
15384  61.690  -29.465  40.437 3.990107
15385  60.800  -32.344  41.295 4.148193
15386  60.993  -31.740  40.569 4.132084
15387  60.748  -32.949  40.434 4.205518
15388  60.502  -33.638  39.690 4.203017
15389  60.755  -34.267  40.105 4.253451
21667  61.146  -26.795  30.488 3.563724
21668  60.096  -27.305  30.295 3.560980
21669  60.733  -27.652  31.132 3.769050
21670  60.153  -29.084  33.470 4.279950
21671  59.833  -28.933  32.559 4.241287
21672  59.088  -29.599  33.504 4.417868
21673  57.852  -30.074  33.483 4.356516
21674  58.192  -30.228  34.279 4.516526
21675  60.784  -30.049  38.011 3.871151
21676  60.553  -29.581  36.869 3.921357
21677  59.854  -30.588  37.596 3.970122
21678  57.506  -33.516  37.395 4.192659
21679  57.846  -31.937  37.042 4.257953
21680  57.117  -32.893  36.799 4.311069
21681  56.728  -32.276  36.089 4.414553
21682  56.288  -33.816  36.478 4.238503
21683  55.579  -34.502  36.027 4.033693
21684  56.222  -35.321  36.312 4.046543
21685  58.120  -37.883  34.489 4.060974
21686  57.027  -37.557  34.688 3.833843
21687  57.631  -38.241  33.501 3.851038
21688  57.116  -38.472  32.342 3.616544
21689  58.289  -38.643  32.156 3.903754
21740  60.860  -37.259  38.434 3.737201
21741  61.260  -36.719  38.344 4.131122
21742  61.674  -37.669  37.435 3.985741
21746  63.050  -40.127  33.330 4.608772
21747  62.701  -40.127  34.560 4.255294
21748  62.926  -39.353  34.383 4.474700
21749  62.584  -38.359  35.433 4.400620
21750  62.830  -38.559  34.314 4.562327
21751  62.151  -38.099  34.122 4.565362
21752  62.859  -38.738  32.943 4.650504
21753  63.282  -38.962  28.483 4.344383
21754  62.635  -38.962  29.860 4.411616
21755  62.539  -38.568  28.468 4.072720
21756  60.981  -38.618  28.793 3.832841
21757  62.484  -38.341  27.160 3.683277
21759  63.081  -38.549  26.100 3.534745
21760  63.946  -39.638  23.842 3.628947
24205  60.974  -29.466  42.578 3.814963
24206  61.368  -29.898  41.464 4.023365
24207  60.953  -30.564  42.460 3.905293
24208  60.735  -31.716  42.281 3.952905
24209  60.436  -32.937  41.905 3.949798
27976  62.080  -27.152  32.202 3.568563
27977  61.346  -27.795  31.833 3.829744
27978  61.699  -27.883  32.786 3.792883
27979  61.119  -28.545  33.613 4.013245
27980  60.358  -29.155  34.556 4.187676
27981  59.447  -32.341  38.729 3.997981
27982  59.221  -31.689  37.992 4.006894
27983  58.773  -33.092  38.268 4.065115
27984  58.099  -34.028  37.880 4.135552
27985  57.633  -35.114  37.208 4.151037
27986  57.038  -35.952  36.514 4.073370
27987  58.104  -36.436  36.456 4.156091
27988  58.714  -37.351  35.415 4.209881
27989  59.469  -37.923  34.310 4.297310
28022  61.315  -41.314  31.972 3.841671
28023  61.788  -41.147  33.491 3.872907
28024  62.191  -41.179  32.021 4.405143
28025  62.842  -40.693  31.976 4.736384
28026  63.232  -40.025  31.824 4.815096
28027  63.231  -39.379  31.646 4.744527
28028  63.342  -39.897  30.246 4.825848
28029  63.521  -39.523  28.593 4.627891
28030  63.696  -39.152  27.181 4.265508
28031  63.583  -38.919  26.145 3.833714
28032  63.697  -39.487  26.069 4.181257
28033  63.623  -39.895  24.798 4.044509
28034  63.576  -40.436  23.655 3.780783
30111  55.321  -30.941  33.301 3.708788
31518  62.179  -27.222  38.554 3.579733
31519  62.359  -27.695  37.616 3.633485
31520  62.025  -28.329  36.807 3.695615
31521  62.040  -28.681  38.075 3.769331
31522  61.553  -29.636  38.608 3.851469
31523  60.920  -30.613  39.024 3.909892
31524  61.379  -30.521  40.554 4.062119
31525  61.007  -31.149  39.759 4.017683
31526  60.310  -31.767  39.191 3.980420
31527  59.953  -33.031  39.241 4.082726
31528  59.945  -34.421  38.945 4.205842
31529  60.457  -35.647  38.182 4.312577
31559  60.816  -41.493  30.292 3.700782
31560  61.182  -41.314  28.535 4.064186
31561  61.572  -41.150  26.769 4.223861
31562  62.047  -41.105  25.599 4.185951
31563  61.201  -41.713  25.507 3.741673
39317  58.588  -28.519  31.117 3.617026
39318  60.341  -28.305  31.789 4.012545
39319  59.215  -28.813  31.857 4.019398
39320  58.048  -29.217  31.986 3.818045
39321  57.399  -29.913  32.751 3.983662
39322  56.531  -30.515  33.348 4.102350
39323  55.849  -31.164  34.336 4.152192
39324  61.350  -28.775  36.166 3.829334
39325  60.430  -29.234  35.712 4.043425
39326  59.356  -29.796  35.546 4.287487
39327  58.870  -31.164  37.209 4.121003
39328  58.523  -30.775  36.308 4.304101
39329  58.366  -30.429  35.268 4.472190
39330  57.405  -31.054  35.247 4.516886
39331  56.334  -31.581  35.204 4.389510
39332  55.245  -32.393  35.168 4.102269
39333  54.907  -33.844  35.498 3.943089
39334  54.845  -35.327  35.401 3.717333
39335  55.049  -36.614  34.824 3.506706
39336  56.523  -36.553  35.701 3.898968
39337  56.012  -37.077  34.872 3.653919
39398  60.089  -34.392  41.272 3.868263
39400  59.789  -35.694  40.459 3.691196
39401  60.479  -35.119  40.347 4.105723
39402  60.918  -35.690  39.337 4.233374
39403  61.161  -36.165  38.316 4.306243
39404  61.374  -36.448  37.226 4.369266
39408  62.093  -40.742  34.630 3.840613
39409  62.133  -39.924  35.504 3.818747
39410  61.940  -38.921  36.456 3.865434
39411  62.240  -38.030  36.525 4.204003
39412  62.226  -37.257  36.397 4.382394
39413  61.364  -36.902  36.193 4.435020
39414  61.290  -37.415  35.101 4.483743
39415  60.964  -37.926  34.113 4.478732
39416  60.542  -38.392  33.013 4.385380
39417  62.719  -38.947  31.461 4.612086
39418  61.567  -38.733  31.591 4.431275
39419  59.879  -38.749  31.813 4.189672
39420  59.453  -38.880  30.461 3.914548
39421  59.134  -38.833  29.103 3.618946
39432  62.515  -41.198  24.486 3.996140
39433  62.978  -41.203  23.444 3.706825
42692  54.468  -31.565  33.648 3.502919
42694  54.185  -32.103  34.134 3.507810
42696  54.430  -32.491  34.732 3.730706
43702  62.460  -27.342  35.427 3.505007
43703  62.289  -27.631  35.039 3.591392
43704  62.279  -27.732  35.786 3.598097
43705  60.018  -35.726  37.791 4.299501
43706  59.601  -35.644  37.773 4.258136
43707  60.002  -36.073  37.275 4.319516
43708  59.910  -36.423  36.770 4.334556
43709  60.411  -36.464  36.747 4.374968
43728  62.229  -40.983  27.826 4.620012
43729  62.441  -40.954  28.702 4.751348
43730  62.616  -40.778  27.899 4.755124
43731  62.982  -40.563  27.910 4.816772
43732  62.768  -40.581  27.128 4.704998
43733  62.947  -40.457  26.537 4.608511
43734  62.569  -40.724  26.415 4.546396
46098  61.211  -28.749  41.933 3.816534
46099  61.136  -28.314  41.741 3.727218
46100  61.430  -28.467  41.302 3.844308
46101  61.648  -28.183  40.636 3.837701
46102  61.682  -28.649  40.779 3.914697
46103  61.806  -28.910  40.295 3.943301
46104  61.620  -29.206  40.905 3.974261
46105  60.727  -32.994  41.180 4.163193
46106  60.801  -32.710  40.829 4.189454
46107  60.762  -33.324  40.694 4.211426
46108  60.745  -33.618  40.291 4.235456
46109  60.750  -33.978  40.535 4.220547
52385  61.790  -26.629  31.149 3.518698
52386  61.520  -26.482  30.649 3.519086
52387  61.385  -26.924  30.925 3.598968
52388  60.923  -27.223  30.811 3.657966
52389  61.208  -27.376  31.211 3.700128
52390  59.752  -29.386  33.969 4.361132
52391  59.622  -29.355  33.492 4.371093
52392  59.199  -29.668  33.988 4.442130
52393  58.639  -29.910  33.933 4.478369
52394  58.740  -29.991  34.405 4.491325
52395  60.497  -30.532  38.234 3.897218
52396  60.316  -30.314  37.775 3.911240
52397  60.020  -30.846  37.987 3.934179
52398  57.242  -33.994  37.141 4.198326
52399  57.310  -33.185  37.103 4.247623
52400  56.975  -33.672  36.938 4.242823
52401  56.705  -33.381  36.661 4.291668
52402  56.591  -34.146  36.689 4.207337
52403  56.224  -34.564  36.441 4.140460
52404  56.538  -34.924  36.607 4.125952
52405  58.513  -38.138  33.868 4.094407
52406  57.905  -38.059  33.986 3.961622
52407  58.256  -38.292  33.375 3.991530
52408  57.961  -38.448  32.874 3.877568
52409  58.596  -38.482  32.782 4.024172
52460  61.052  -37.818  37.968 3.625214
52461  61.312  -37.462  37.910 3.866334
52462  61.467  -38.037  37.446 3.774784
52466  63.173  -39.770  33.247 4.658917
52467  63.053  -39.769  33.894 4.536766
52468  63.069  -39.380  33.790 4.588673
52469  62.915  -38.960  34.323 4.530612
52470  63.020  -38.986  33.723 4.613606
52471  62.857  -38.652  33.658 4.618845
52472  63.094  -39.005  33.046 4.671409
52473  63.319  -38.811  27.786 4.150606
52474  62.997  -38.786  28.419 4.204790
52475  62.981  -38.605  27.773 4.007042
52476  62.469  -38.431  27.828 3.877505
52477  62.998  -38.502  27.140 3.802506
52478  62.843  -38.464  26.620 3.604877
52479  63.204  -38.607  26.624 3.732272
52480  63.951  -39.882  23.313 3.524225
55701  60.674  -29.404  43.077 3.640543
55702  60.728  -29.912  43.059 3.697336
55703  60.969  -29.994  42.541 3.866043
55704  60.737  -30.453  43.004 3.740262
55705  60.324  -31.844  43.255 3.586195
55706  60.611  -31.451  42.830 3.788796
55707  60.487  -31.974  42.671 3.793344
55708  60.571  -32.288  42.111 3.959221
55709  60.315  -32.607  42.448 3.781700
61987  62.230  -27.188  32.746 3.539579
61988  61.938  -27.528  32.461 3.678187
61989  62.085  -27.555  33.022 3.648286
61990  61.696  -28.248  34.404 3.823931
61991  61.591  -28.218  33.780 3.865747
61992  61.274  -28.526  34.217 3.963729
61993  60.792  -28.832  34.081 4.108346
61994  60.851  -28.868  34.684 4.048588
61995  59.312  -33.071  38.749 4.048194
61996  59.084  -32.719  38.472 4.027549
61997  58.979  -33.502  38.501 4.075581
61998  58.704  -35.119  37.762 4.181113
61999  58.472  -34.330  38.024 4.138011
62000  58.214  -34.809  37.739 4.158699
62001  57.872  -34.589  37.563 4.153320
62002  58.045  -35.354  37.358 4.163366
62003  57.863  -35.820  36.905 4.147169
62004  58.354  -36.044  36.924 4.184290
62005  59.602  -37.126  35.770 4.328846
62006  59.026  -37.089  35.846 4.254506
62007  59.381  -37.420  35.318 4.300006
62008  59.087  -37.679  34.853 4.251029
62009  59.755  -37.683  34.814 4.349070
62063  61.537  -41.326  31.166 4.100182
62064  61.777  -41.244  31.995 4.144655
62065  61.944  -41.241  31.204 4.380203
62066  62.797  -40.794  30.431 4.863543
62067  62.658  -40.901  31.231 4.763691
62068  62.986  -40.612  31.204 4.849897
62069  63.085  -40.381  31.910 4.802159
62070  63.159  -40.296  31.116 4.872566
62071  63.287  -39.957  31.045 4.846867
62072  63.236  -40.216  30.305 4.887516
62073  63.462  -39.999  27.919 4.730523
62074  63.469  -39.843  28.650 4.751578
62075  63.584  -39.662  27.911 4.609718
62076  63.642  -39.329  27.870 4.462084
62077  63.687  -39.471  27.202 4.430420
62078  63.737  -39.298  26.623 4.225764
62079  63.638  -39.655  26.676 4.388722
62080  63.234  -40.301  25.283 4.311455
62081  63.468  -40.011  25.348 4.246074
62082  63.429  -40.250  24.783 4.128342
62083  63.610  -40.146  24.269 3.932420
62084  63.390  -40.508  24.184 3.971105
66171  55.691  -30.611  32.911 3.662241
69183  62.028  -27.804  39.379 3.748738
69184  61.999  -27.399  39.219 3.647653
69185  62.211  -27.606  38.690 3.682031
69186  62.359  -27.408  38.091 3.610988
69187  62.290  -27.840  38.260 3.698467
69188  62.235  -28.155  37.835 3.709165
69189  62.204  -28.262  38.489 3.768918
69190  61.763  -29.520  39.483 3.921317
69191  61.827  -29.315  38.921 3.864792
69192  61.534  -29.858  39.101 3.897717
69193  61.231  -30.107  38.834 3.881269
69194  61.237  -30.360  39.263 3.927191
69195  61.223  -30.495  41.503 4.061680
69196  61.389  -30.186  41.003 4.059512
69197  61.228  -30.787  41.011 4.094281
69198  60.807  -32.013  40.175 4.119931
69199  61.034  -31.404  40.168 4.079739
69200  60.764  -31.733  39.850 4.056837
69201  60.677  -31.473  39.476 3.993919
69202  60.434  -32.072  39.521 4.037190
69203  60.060  -32.388  39.217 4.027491
69204  60.231  -32.702  39.475 4.087903
69205  60.544  -34.258  39.483 4.249101
69206  60.249  -34.001  39.321 4.201192
69207  60.333  -34.709  39.013 4.254079
69208  60.169  -35.092  38.580 4.263948
69209  60.550  -35.262  38.682 4.296896
69273  60.397  -41.527  27.417 3.583822
69274  60.701  -41.416  28.429 3.759178
69275  60.906  -41.359  27.515 3.886774
69276  61.373  -41.230  27.682 4.170460
69277  61.095  -41.369  26.654 3.965290
69278  61.352  -41.379  26.101 3.995350
69279  60.934  -41.679  26.025 3.733353
88045  59.916  -27.685  30.725 3.671279
88046  59.608  -27.516  30.279 3.500685
88047  59.389  -27.929  30.680 3.612166
88048  58.855  -28.129  30.707 3.508339
88049  59.116  -28.333  31.096 3.726467
88050  61.086  -28.120  32.194 3.951317
88051  60.866  -28.044  31.805 3.937762
88052  60.612  -28.366  32.133 4.060026
88053  59.282  -29.169  32.633 4.255865
88054  59.567  -28.861  32.206 4.154573
88055  58.965  -29.129  32.269 4.123433
88056  58.636  -29.030  31.914 3.943086
88057  58.365  -29.363  32.334 4.038579
88058  57.731  -29.565  32.406 3.905917
88059  58.009  -29.686  32.772 4.122797
88060  57.408  -30.378  33.767 4.400278
88061  57.181  -30.318  33.378 4.250629
88062  56.778  -30.597  33.760 4.289401
88063  56.163  -30.809  33.796 4.137842
88064  56.443  -30.913  34.231 4.306860
88065  61.764  -28.755  37.145 3.756846
88066  61.723  -28.552  36.461 3.751542
88067  61.390  -28.951  36.797 3.808389
88068  60.072  -29.826  36.737 4.008877
88069  60.493  -29.372  36.286 3.975805
88070  59.967  -29.615  36.197 4.083908
88071  59.882  -29.519  35.656 4.166835
88072  59.428  -29.939  36.102 4.197515
88073  58.774  -32.004  37.833 4.062585
88074  59.095  -31.421  37.591 4.051888
88075  58.556  -31.726  37.482 4.118762
88076  57.713  -31.680  36.647 4.344529
88077  58.155  -31.304  36.688 4.286460
88078  58.079  -31.101  36.232 4.379201
88079  58.457  -30.557  35.820 4.396760
88080  57.995  -30.926  35.749 4.460469
88081  57.898  -30.753  35.250 4.515361
88082  57.543  -31.279  35.763 4.488945
88083  56.249  -32.597  36.020 4.350842
88084  56.536  -31.908  35.663 4.424994
88085  56.034  -32.246  35.592 4.331921
88086  55.789  -31.967  35.182 4.264132
88087  55.532  -32.663  35.529 4.200792
88088  55.057  -33.113  35.385 4.035026
88089  55.369  -33.397  35.708 4.112185
88090  55.611  -35.254  35.873 3.918702
88091  55.170  -34.931  35.761 3.887290
88092  55.267  -35.634  35.540 3.770764
88093  54.952  -36.008  35.183 3.604868
88094  55.371  -36.291  35.241 3.665280
88095  57.232  -36.591  36.086 4.044152
88096  56.761  -36.281  36.134 3.997196
88097  56.970  -36.858  35.660 3.958831
88098  56.795  -37.768  34.182 3.716704
88099  56.517  -37.323  34.787 3.737586
88100  56.259  -37.537  34.338 3.611858
88101  55.725  -37.356  34.376 3.518059
88105  57.437  -38.625  31.620 3.637393
88106  56.840  -38.589  31.726 3.503181
88107  57.211  -38.721  30.967 3.522302
88109  57.671  -38.812  30.174 3.530201
88251  59.961  -34.099  41.778 3.697171
88252  59.738  -34.796  41.458 3.620142
88256  60.169  -36.591  39.440 3.720807
88257  59.772  -36.301  39.981 3.572190
88258  60.080  -36.050  39.935 3.834858
88259  60.132  -35.401  40.445 3.930774
88260  60.413  -35.791  39.879 4.040604
88261  60.710  -35.484  39.810 4.179992
88262  60.782  -36.051  39.372 4.125431
88263  61.580  -36.897  37.895 4.200644
88264  61.287  -36.450  38.342 4.244582
88265  61.535  -36.616  37.856 4.291094
88266  61.278  -36.332  37.731 4.337343
88267  61.713  -36.713  37.347 4.335130
88276  62.170  -41.028  33.482 4.141646
88277  61.943  -40.971  34.105 3.860305
88278  62.335  -40.770  34.056 4.110202
88279  62.620  -39.760  35.014 4.214454
88280  62.431  -40.067  35.021 4.043123
88281  62.333  -39.619  35.495 4.027574
88282  62.033  -39.428  35.983 3.831769
88283  62.215  -39.083  35.969 4.031848
88284  62.113  -38.483  36.469 4.056460
88285  62.358  -38.658  35.960 4.188591
88286  62.485  -37.963  35.345 4.458673
88287  62.394  -37.809  35.933 4.387124
88288  62.196  -37.492  35.831 4.439065
88289  61.898  -36.989  36.279 4.422533
88290  61.838  -37.268  35.733 4.464073
88291  61.372  -37.138  35.638 4.463637
88292  61.803  -37.520  35.149 4.499866
88293  62.110  -38.262  33.548 4.575496
88294  61.609  -37.971  34.089 4.534400
88295  61.469  -38.198  33.547 4.522194
88296  60.756  -38.179  33.600 4.444684
88297  61.289  -38.412  32.948 4.483779
88298  63.244  -39.353  30.837 4.713447
88299  63.048  -39.109  31.530 4.683734
88300  63.041  -39.112  30.712 4.626849
88301  61.999  -38.846  29.961 4.294356
88302  62.085  -38.888  30.748 4.429450
88303  61.356  -38.825  30.842 4.316426
88304  60.785  -38.765  31.625 4.318000
88305  60.528  -38.830  30.945 4.192521
88306  59.624  -38.845  31.167 4.058992
88307  60.334  -38.867  30.273 4.045425
88308  60.885  -38.500  28.167 3.660268
88309  60.088  -38.738  28.948 3.723221
88310  59.916  -38.671  28.311 3.568777
88320  63.681  -39.023  25.539 3.791657
88321  63.526  -38.758  25.593 3.624025
88322  63.650  -38.882  25.023 3.584346
88335  61.900  -41.480  24.978 3.926404
88336  62.264  -41.146  25.017 4.106608
88337  62.152  -41.518  24.466 3.839189
88339  62.637  -41.577  23.460 3.590072
88341  63.190  -41.184  22.959 3.538133
93326  60.484  -30.841  43.537 3.565037
95286  54.108  -33.977  34.966 3.617327
97097  62.221  -27.575  33.683 3.620064
97098  62.280  -27.587  34.336 3.599633
97099  62.046  -27.932  34.684 3.698092
97100  61.740  -28.302  35.061 3.787774
97101  59.394  -34.588  38.507 4.171304
97102  59.041  -34.295  38.421 4.132067
97103  59.264  -35.043  38.143 4.194243
97104  59.162  -35.410  37.774 4.216266
97105  59.059  -35.836  37.317 4.230922
97106  58.902  -36.248  36.858 4.232140
97107  59.415  -36.359  36.801 4.284583
97108  59.775  -36.809  36.223 4.339241
97109  60.166  -37.108  35.721 4.392558
97142  61.885  -41.226  29.477 4.475384
97143  62.077  -41.190  30.412 4.563785
97144  62.258  -41.104  29.535 4.688254
97145  62.624  -40.917  29.581 4.832521
97146  62.949  -40.664  29.547 4.902292
97147  63.191  -40.364  29.508 4.902357
97148  63.115  -40.491  28.709 4.881289
97149  63.263  -40.307  27.914 4.805212
97150  63.394  -40.139  27.179 4.681435
97151  63.462  -39.971  26.607 4.519498
97152  63.231  -40.231  26.551 4.597714
97153  63.096  -40.347  25.935 4.474333
97154  62.953  -40.552  25.189 4.309110
99606  56.542  -29.957  32.361 3.535021
101410  60.770  -28.205  42.152 3.566504
101411  61.053  -27.896  41.506 3.618395
101412  61.250  -27.641  40.917 3.635983
101413  61.493  -27.423  40.310 3.622950
101414  61.582  -27.764  40.480 3.740499
101415  61.844  -27.977  40.017 3.803307
101416  62.012  -28.242  39.562 3.830237
101417  62.100  -28.456  39.124 3.832453
101418  61.962  -28.677  39.714 3.893167
101419  61.825  -29.205  39.876 3.940970
101420  61.655  -29.757  40.024 3.978582
101421  60.945  -31.668  41.365 4.124293
101422  61.081  -31.410  40.967 4.127742
101423  60.914  -32.076  40.901 4.160162
101424  60.825  -32.353  40.503 4.169472
101425  60.667  -32.612  40.121 4.163420
101426  60.499  -32.997  39.793 4.152251
101427  60.662  -33.297  40.050 4.206887
101428  60.697  -33.930  39.878 4.245109
101429  60.763  -34.538  39.658 4.272094
112731  60.603  -27.069  30.373 3.580373
112732  60.419  -27.456  30.768 3.684987
112733  60.234  -27.850  31.130 3.801497
112734  60.502  -28.774  32.970 4.181719
112735  60.320  -28.702  32.485 4.176211
112736  60.003  -29.039  32.966 4.281295
112737  59.475  -29.273  33.043 4.337849
112738  58.875  -29.511  33.089 4.343017
112739  58.268  -29.762  33.135 4.294146
112740  58.484  -29.829  33.514 4.413437
112741  58.063  -30.137  33.877 4.464517
112742  57.613  -30.476  34.222 4.493418
112743  61.105  -29.562  37.726 3.841818
112744  61.020  -29.340  37.104 3.852275
112745  60.639  -29.807  37.471 3.885392
112746  60.183  -30.066  37.261 3.949501
112747  59.706  -30.315  37.166 4.029864
112748  57.874  -32.979  37.601 4.163720
112749  58.047  -32.205  37.407 4.179272
112750  57.627  -32.705  37.270 4.224695
112751  57.473  -32.391  36.937 4.298482
112752  57.333  -32.171  36.544 4.374611
112753  57.193  -31.918  36.147 4.439425
112754  56.896  -32.641  36.450 4.371506
112755  56.462  -33.015  36.348 4.332541
112756  56.060  -33.374  36.226 4.257314
112757  55.663  -33.727  36.049 4.147105
112758  55.941  -34.155  36.258 4.151881
112759  55.910  -34.920  36.180 4.043319
112760  55.988  -35.610  35.975 3.940597
112761  57.794  -37.532  35.063 4.038963
112762  57.251  -37.343  35.156 3.940843
112763  57.549  -37.754  34.613 3.942795
112764  57.335  -37.936  34.091 3.833977
112765  57.059  -38.076  33.607 3.717584
112766  56.790  -38.220  33.059 3.599001
112767  57.360  -38.352  32.970 3.734235
112768  57.677  -38.529  32.268 3.757662
112769  58.046  -38.693  31.534 3.777082
112859  60.332  -37.091  38.970 3.596026
112860  60.635  -36.814  38.920 3.849567
112861  60.899  -36.549  38.888 4.050465
112862  61.081  -36.991  38.369 3.961281
112863  61.491  -37.159  37.892 4.059682
112864  61.813  -37.326  37.448 4.148706
112870  62.842  -40.468  33.383 4.512047
112871  62.681  -40.476  34.008 4.306656
112872  62.901  -40.134  33.977 4.446641
112873  62.855  -39.757  34.482 4.386336
112874  62.727  -39.340  34.967 4.340464
112875  62.566  -38.795  35.462 4.313550
112876  62.796  -38.894  34.900 4.428854
112877  62.718  -38.475  34.840 4.487700
112878  62.507  -38.133  34.759 4.522534
112879  62.180  -37.903  34.661 4.535280
112880  62.562  -38.300  34.195 4.573903
112881  62.553  -38.422  33.557 4.606666
112882  62.483  -38.569  32.906 4.614083
112883  63.272  -39.130  29.214 4.509326
112884  63.006  -39.107  29.904 4.525014
112885  62.972  -38.956  29.129 4.381536
112886  62.548  -38.784  29.142 4.255083
112887  61.934  -38.698  29.267 4.130573
112888  61.101  -38.748  29.460 4.007508
112889  61.809  -38.538  28.627 3.948959
112890  61.767  -38.366  27.947 3.762402
112891  61.725  -38.290  27.306 3.583533
112893  62.350  -38.288  26.643 3.502343
112896  63.882  -39.406  24.356 3.700575
112897  63.776  -39.043  24.453 3.545671
112906  62.042  -41.921  24.009 3.550488
117917  60.602  -28.955  42.962 3.568096
117918  60.949  -29.046  42.518 3.749498
117919  61.228  -29.170  42.034 3.887605
117920  61.427  -29.407  41.470 3.977158
117921  61.204  -29.661  42.018 3.943451
117922  61.150  -30.196  41.969 3.987669
117923  61.056  -30.844  41.982 4.023190
117924  60.713  -30.935  42.949 3.770663
117925  60.875  -31.177  42.395 3.934282
117926  60.935  -31.427  41.893 4.051454
117927  60.768  -31.970  41.796 4.071785
117928  60.640  -32.625  41.637 4.081507
117929  60.528  -33.294  41.426 4.076347
126718  61.862  -27.131  31.742 3.593518
126719  61.492  -27.449  31.573 3.712435
126720  61.734  -27.496  31.982 3.702324
126721  61.540  -27.852  32.264 3.819350
126722  61.262  -28.190  32.643 3.937931
126723  61.852  -27.896  33.387 3.758900
126724  61.421  -28.235  33.159 3.906442
126725  60.955  -28.536  33.056 4.051915
126726  60.645  -28.834  33.508 4.155972
126727  60.272  -29.122  33.996 4.245460
126728  59.783  -29.436  34.479 4.316571
126729  59.796  -31.719  38.596 3.957155
126730  59.690  -31.397  38.182 3.958751
126731  59.310  -31.998  38.380 3.988945
126732  58.952  -32.308  38.174 4.031786
126733  58.554  -32.731  38.015 4.078918
126734  58.718  -33.927  38.319 4.107848
126735  58.409  -33.516  38.115 4.103708
126736  58.144  -33.238  37.891 4.122331
126737  57.802  -33.803  37.675 4.153975
126738  57.544  -34.317  37.352 4.166909
126739  57.250  -34.781  37.059 4.156049
126740  56.880  -35.240  36.784 4.118628
126741  57.363  -35.542  36.871 4.124890
126742  57.526  -36.245  36.492 4.107537
126743  57.765  -36.816  36.018 4.105309
126744  58.684  -36.614  36.399 4.215218
126745  58.381  -36.963  35.954 4.177441
126746  58.063  -37.260  35.512 4.118209
126747  58.386  -37.631  34.966 4.144787
126748  58.771  -37.929  34.380 4.181942
126749  59.179  -38.138  33.826 4.224687
126824  61.093  -41.278  32.746 3.553325
126825  61.324  -41.207  33.469 3.568999
126826  61.571  -41.249  32.772 3.869084
126827  62.008  -41.159  32.785 4.156373
126828  62.395  -40.988  32.764 4.394418
126829  62.313  -41.111  31.234 4.606039
126830  62.516  -40.958  32.007 4.605170
126831  62.712  -40.747  32.727 4.569647
126832  62.969  -40.463  32.723 4.679940
126833  63.177  -40.104  32.588 4.733908
126834  63.249  -39.742  32.532 4.745932
126835  63.207  -39.398  32.420 4.730314
126836  63.323  -39.660  31.767 4.791239
126837  63.325  -39.636  30.956 4.789403
126838  63.367  -39.560  30.112 4.737285
126839  63.334  -40.035  29.460 4.846289
126840  63.404  -39.707  29.376 4.751683
126841  63.413  -39.403  29.264 4.635197
126842  63.459  -39.217  28.540 4.487967
126843  63.518  -39.024  27.844 4.304812
126844  63.557  -38.886  27.194 4.098478
126845  63.466  -38.791  26.652 3.883144
126846  63.644  -39.039  26.677 4.051507
126847  63.695  -39.182  26.101 4.008787
126848  63.756  -39.351  25.447 3.965158
126849  63.575  -39.830  26.061 4.330112
126850  63.649  -39.683  25.396 4.124162
126851  63.769  -39.553  24.855 3.911607
126852  63.777  -39.768  24.293 3.836798
126853  63.790  -40.035  23.763 3.729618
126854  63.753  -40.306  23.178 3.582501
132201  54.978  -31.373  33.785 3.738760
136016  61.731  -27.207  39.701 3.584915
136017  61.917  -26.993  39.098 3.528807
136019  62.345  -27.026  37.900 3.507912
136020  62.452  -27.258  37.459 3.542684
136021  62.373  -27.588  36.893 3.577029
136022  62.234  -27.882  36.462 3.620694
136023  62.230  -28.034  37.149 3.658485
136024  62.050  -28.557  37.483 3.725626
136025  61.804  -28.968  37.789 3.778656
136026  62.022  -28.809  38.695 3.823345
136027  61.816  -29.142  38.346 3.815644
136028  61.532  -29.392  38.072 3.819563
136029  61.202  -29.834  38.319 3.851789
136030  60.874  -30.320  38.535 3.879729
136031  60.542  -30.838  38.727 3.908040
136032  61.535  -29.698  40.970 4.020895
136033  61.585  -29.960  40.537 4.028049
136034  61.465  -30.270  40.086 4.011339
136035  61.188  -31.126  40.569 4.096168
136036  61.268  -30.812  40.142 4.043966
136037  61.247  -30.586  39.687 3.984091
136038  60.945  -30.920  39.366 3.957986
136039  60.607  -31.160  39.122 3.941804
136040  60.227  -31.427  38.860 3.940921
136041  59.922  -32.054  38.931 3.981499
136042  59.676  -32.695  38.997 4.031149
136043  59.597  -33.392  38.984 4.089276
136044  60.231  -33.341  39.468 4.143963
136045  59.927  -33.715  39.186 4.143624
136046  59.576  -34.103  38.868 4.153150
136047  59.767  -34.829  38.576 4.218352
136048  60.061  -35.434  38.187 4.279671
136049  60.442  -35.901  37.749 4.332325
136127  60.852  -41.363  31.906 3.517821
136128  61.070  -41.417  31.145 3.786165
136129  61.279  -41.422  30.331 4.020388
136130  60.538  -41.486  29.330 3.585735
136131  60.983  -41.440  29.451 3.905860
136132  61.465  -41.329  29.452 4.208407
136133  61.646  -41.217  28.639 4.342602
136134  61.813  -41.118  27.784 4.420256
136135  61.965  -41.013  26.922 4.442981
136136  62.207  -40.929  26.300 4.415598
136137  61.786  -41.134  26.193 4.227242
136138  61.603  -41.385  25.539 3.980552
136139  61.524  -41.822  24.983 3.710279
158910  61.051  -27.756  31.479 3.815493
158911  60.538  -28.006  31.476 3.889627
158912  60.024  -28.222  31.470 3.922728
158913  60.098  -28.623  32.086 4.131491
158914  59.825  -28.558  31.816 4.042183
158915  59.438  -28.467  31.473 3.906456
158916  58.857  -28.757  31.482 3.838128
158917  58.309  -28.879  31.544 3.721195
158918  57.706  -29.052  31.573 3.563776
158919  57.440  -29.409  32.017 3.653224
158920  57.164  -29.760  32.417 3.734720
158921  56.779  -30.105  32.709 3.807388
158922  57.619  -30.006  33.107 4.194154
158923  56.988  -30.238  33.041 4.049873
158924  56.300  -30.426  32.965 3.869797
158925  55.919  -30.719  33.348 3.919334
158926  55.597  -31.038  33.849 3.952229
158927  55.264  -31.521  34.341 3.963916
158928  62.040  -28.146  36.129 3.681109
158929  61.709  -28.380  35.806 3.762485
158930  61.341  -28.653  35.520 3.865237
158931  60.963  -29.164  36.503 3.882061
158932  60.935  -28.984  35.920 3.928182
158933  60.894  -28.927  35.306 3.985856
158934  60.357  -29.189  35.159 4.116999
158935  59.830  -29.460  35.066 4.248044
158936  59.300  -29.747  34.967 4.366389
158937  59.550  -31.134  37.787 3.987691
158938  59.392  -30.863  37.369 4.042621
158939  59.202  -30.624  36.932 4.119216
158940  58.330  -31.503  37.106 4.195960
158941  58.666  -30.974  36.778 4.208161
158942  59.007  -30.471  36.443 4.210252
158943  58.922  -30.259  35.919 4.305653
158944  58.853  -30.109  35.411 4.393149
158945  58.793  -30.022  34.892 4.459352
158946  58.279  -30.328  34.744 4.516225
158947  57.774  -30.607  34.716 4.529895
158948  57.239  -30.836  34.712 4.497425
158949  57.059  -31.603  35.737 4.477624
158950  56.885  -31.262  35.250 4.474667
158951  56.684  -31.060  34.728 4.419519
158952  56.095  -31.344  34.748 4.299341
158953  55.526  -31.732  34.774 4.141280
158954  54.969  -32.137  34.751 3.950109
158955  54.738  -32.826  35.061 3.908216
158956  54.568  -33.550  35.198 3.838823
158957  54.442  -34.286  35.255 3.746542
158958  55.244  -34.149  35.793 4.004626
158959  54.794  -34.606  35.521 3.833804
158960  54.420  -35.026  35.209 3.639832
158961  54.496  -35.705  35.033 3.529620
158964  56.611  -35.653  36.439 4.054136
158965  56.341  -35.967  36.072 3.964084
158966  56.105  -36.245  35.704 3.851707
158967  56.747  -37.099  35.236 3.855067
158968  56.267  -36.824  35.316 3.782822
158969  55.810  -36.559  35.294 3.721584
158970  55.506  -36.872  34.850 3.579227
159149  59.992  -33.082  42.742 3.542925
159150  60.131  -33.342  42.161 3.750580
159151  60.263  -33.702  41.616 3.920605
159152  60.407  -34.070  41.123 4.051637
159158  59.563  -35.413  41.055 3.520623
159159  59.912  -35.063  40.930 3.791333
159160  60.255  -34.744  40.821 4.003601
159161  60.559  -34.410  40.690 4.146554
159162  60.690  -34.717  40.259 4.211384
159163  60.832  -35.000  39.822 4.253962
159164  60.880  -35.270  39.283 4.282529
159165  61.097  -36.253  38.852 4.191270
159166  61.075  -35.932  38.835 4.273242
159167  60.898  -35.533  38.773 4.304440
159168  60.936  -35.853  38.218 4.325221
159169  60.894  -36.107  37.687 4.347998
159170  60.911  -36.322  37.230 4.373315
159180  61.544  -41.078  34.125 3.570613
159181  61.700  -40.886  34.686 3.565551
159182  61.809  -40.709  35.177 3.562097
159183  62.470  -40.424  34.553 4.073611
159184  62.163  -40.403  35.087 3.823784
159185  61.853  -40.286  35.564 3.568221
159186  61.801  -39.757  36.011 3.590377
159187  61.737  -39.190  36.476 3.632397
159188  61.597  -38.635  36.958 3.694830
159189  61.804  -38.276  36.961 3.918410
159190  61.990  -37.859  36.967 4.097712
159191  62.123  -37.444  37.021 4.231770
159192  62.418  -38.207  36.017 4.305232
159193  62.294  -37.621  36.525 4.311063
159194  62.064  -37.108  36.935 4.323808
159195  61.816  -36.830  36.834 4.378901
159196  61.398  -36.648  36.762 4.402423
159197  60.891  -36.565  36.721 4.399436
159198  60.827  -36.829  36.205 4.422840
159199  60.823  -37.078  35.652 4.439005
159200  60.667  -37.384  35.138 4.443140
159201  61.739  -37.786  34.569 4.525126
159202  61.125  -37.680  34.572 4.490399
159203  60.451  -37.684  34.688 4.430809
159204  60.243  -37.963  34.236 4.398523
159205  59.990  -38.168  33.692 4.343956
159206  59.675  -38.381  33.165 4.266499
159207  63.071  -39.080  32.287 4.696994
159208  62.843  -38.819  32.220 4.650269
159209  62.364  -38.728  32.176 4.589710
159210  62.678  -39.011  30.664 4.532381
159211  62.229  -38.859  31.475 4.528746
159212  61.782  -38.632  32.222 4.512472
159213  61.073  -38.605  32.325 4.415930
159214  60.220  -38.621  32.444 4.299879
159215  59.275  -38.609  32.577 4.167334
159216  59.038  -38.715  31.985 4.049763
159217  58.789  -38.803  31.324 3.919043
159218  58.585  -38.803  30.684 3.781996
159219  60.246  -38.840  29.568 3.885545
159220  59.342  -38.846  29.750 3.764861
159221  58.475  -38.837  29.952 3.646149
159222  58.289  -38.894  29.288 3.518900
159234  63.390  -38.676  26.129 3.672299
159252  62.406  -40.888  25.690 4.344841
159253  62.641  -40.882  25.090 4.238238
159254  62.849  -40.860  24.531 4.103160
159255  62.417  -41.597  23.953 3.725176
159256  62.739  -41.221  23.936 3.861021
159257  63.085  -40.842  23.958 3.946236
159258  63.301  -40.827  23.506 3.773028
159259  63.492  -40.751  23.032 3.587915
