#!ascii label , from subject fsaverage
1184
101  29.132  -43.846  52.633 5.042069
189  37.313  -52.007  37.970 4.558581
192  33.065  -44.415  41.731 7.235026
473  35.819  -46.228  51.458 4.508585
475  37.378  -47.930  58.604 4.664120
669  32.160  -49.839  40.114 4.907587
670  34.508  -53.453  38.517 3.928070
672  33.460  -46.945  44.318 6.188089
673  33.367  -47.928  39.175 5.826777
1037  33.616  -44.597  52.831 4.360858
1038  37.255  -46.605  55.101 3.990940
1039  34.013  -46.159  56.388 5.844679
1080  33.538  -44.380  48.671 3.956398
1498  32.876  -41.757  39.587 4.313901
1500  34.501  -45.758  36.855 4.624101
1559  27.482  -39.528  53.356 4.216291
1560  28.160  -45.148  55.227 4.832338
2074  32.549  -47.433  59.785 4.551608
2075  34.632  -49.607  63.172 4.061025
2123  32.238  -43.256  44.778 5.030022
2124  34.198  -45.517  46.905 6.611050
2589  31.632  -49.359  43.159 4.338845
2592  33.029  -48.172  45.517 4.762672
2593  32.195  -48.348  42.875 5.646276
2957  31.355  -44.519  53.029 4.731047
2958  33.675  -45.359  54.672 5.278998
2959  31.440  -45.396  54.503 5.861888
3457  32.630  -43.175  40.375 6.043844
3458  33.606  -43.588  37.948 4.936131
3459  33.187  -44.888  39.034 6.087202
3460  34.904  -50.043  37.970 5.153908
3461  35.745  -48.951  37.504 4.631818
3462  37.788  -51.239  37.956 4.111359
3600  29.284  -37.744  54.756 3.964404
4547  35.960  -47.271  50.184 4.290302
4550  37.521  -47.117  56.780 4.387964
4554  37.665  -49.860  59.867 4.048137
4556  30.538  -46.516  57.862 4.744434
4677  34.746  -45.000  50.027 4.797615
4678  34.022  -44.954  48.027 5.592405
4679  34.974  -46.057  49.120 5.545274
4680  35.032  -46.708  47.771 5.478408
5813  34.211  -50.785  38.165 5.023868
5814  35.819  -52.534  37.928 4.456700
5815  33.062  -51.546  38.704 4.282039
5818  33.282  -45.575  43.061 7.172134
5819  32.858  -45.970  40.563 6.676831
5820  32.702  -47.185  42.091 6.523997
5821  32.597  -48.980  39.905 5.738449
6473  35.296  -45.076  51.965 4.364342
6474  36.684  -46.389  53.315 3.944996
6475  35.645  -45.187  54.121 4.505536
6476  36.018  -45.923  55.963 5.014728
6477  36.043  -46.884  57.711 5.298954
7341  33.911  -46.849  37.961 5.329282
7342  36.204  -47.791  36.466 3.911451
7475  27.486  -41.854  52.448 4.795947
7476  28.808  -44.719  53.915 5.583204
7477  26.828  -42.570  53.400 4.581208
8788  31.118  -46.152  56.253 5.768277
8789  33.668  -46.938  58.168 5.470592
8790  35.392  -47.969  59.569 5.018938
8792  33.855  -48.477  61.577 4.341859
8793  36.274  -48.991  61.024 4.508911
8794  36.575  -50.687  61.909 3.941077
8934  32.142  -42.417  42.248 4.975135
8935  32.522  -43.695  43.150 6.698126
8936  32.848  -43.985  46.928 4.468715
8937  33.114  -44.468  45.712 6.398188
8938  33.426  -44.862  44.371 7.337909
8939  34.178  -46.109  45.475 6.587364
8940  34.561  -47.545  46.705 5.093363
10269  31.817  -49.220  44.654 3.940863
10272  32.655  -48.711  45.857 4.092456
10273  32.150  -48.768  44.588 4.576876
10637  30.213  -44.319  52.830 4.937864
10638  31.349  -45.000  53.678 5.399240
10639  30.202  -44.781  53.482 5.554358
10677  28.542  -42.799  52.009 4.390707
10679  29.596  -43.595  52.127 4.306152
10680  30.677  -43.981  52.331 4.164838
11129  38.704  -52.564  38.367 4.054329
11131  38.119  -52.781  38.180 4.194124
11137  32.790  -43.780  40.955 6.780782
11138  33.025  -43.955  39.731 6.216940
11139  33.050  -44.579  40.428 6.758083
11140  36.088  -50.994  37.835 4.865141
11141  36.421  -50.649  37.750 4.682260
11142  37.482  -51.596  38.045 4.398350
12227  35.879  -46.845  50.939 4.453779
12229  36.384  -47.040  51.912 4.003802
12230  37.534  -47.476  57.669 4.569345
12231  38.010  -47.969  57.264 4.082745
12232  37.905  -48.429  58.234 4.262998
12233  37.941  -49.441  58.779 3.967949
12234  37.683  -48.851  59.274 4.356632
12357  35.327  -45.697  50.690 4.806212
12358  34.878  -45.643  49.652 5.258051
12359  35.437  -46.274  50.288 4.993268
12360  35.461  -46.644  49.711 5.006190
13529  33.040  -50.245  38.919 5.023868
13530  33.563  -51.088  38.388 4.706262
13531  32.442  -50.596  39.410 4.555619
13537  33.358  -46.267  43.693 6.765023
13538  32.915  -46.323  42.597 6.879066
13539  32.988  -46.987  43.300 6.492222
13540  31.959  -49.070  41.527 5.290897
13541  32.260  -48.588  41.469 5.799002
13542  32.350  -49.389  40.121 5.401736
13543  33.280  -49.870  38.899 5.359799
14627  34.672  -44.705  52.404 4.314550
14628  35.596  -45.122  53.002 4.363735
14629  34.677  -44.877  53.449 4.541083
14630  33.898  -45.758  55.548 5.666960
14631  34.872  -45.607  55.401 5.230080
14632  35.058  -45.960  56.252 5.503365
14633  36.163  -46.347  56.804 5.220520
14634  35.242  -46.416  57.083 5.605868
14757  32.981  -44.175  52.098 3.974801
14759  33.985  -44.387  51.610 4.039295
14760  34.733  -44.707  51.201 4.231822
16117  35.099  -52.967  38.133 4.232939
16118  36.582  -53.417  38.099 4.145229
16119  35.928  -53.873  38.368 3.974919
16134  33.443  -41.896  38.470 3.954340
16135  34.004  -44.735  37.392 4.892338
16136  34.257  -44.011  36.969 4.399828
16137  34.745  -45.168  36.428 4.266419
16139  35.481  -46.254  36.035 3.961509
16140  32.894  -46.952  39.895 6.242414
16141  33.161  -46.399  39.152 6.054100
16142  33.629  -47.413  38.567 5.626865
16143  37.103  -49.519  37.299 3.991175
16144  36.058  -48.369  37.068 4.263933
16427  27.342  -40.620  52.757 4.518362
16428  27.182  -42.202  52.889 4.837196
16429  26.917  -40.946  53.123 4.383478
16557  28.267  -38.484  53.988 4.091936
16558  28.876  -38.352  53.612 3.936140
16559  27.888  -39.323  53.050 4.220203
16560  27.766  -40.437  52.402 4.325490
19405  36.975  -46.444  54.247 3.900042
19420  28.459  -44.960  54.569 5.314504
19421  29.910  -45.583  55.040 5.759382
19422  29.568  -45.813  55.798 5.367395
19423  31.616  -46.964  58.886 4.648117
19424  32.138  -46.828  58.156 5.187893
19425  33.242  -47.263  58.984 5.040682
19426  34.672  -47.440  58.933 5.252476
19427  34.028  -47.869  59.827 4.881894
19431  33.151  -48.928  63.421 3.912069
19432  32.981  -48.311  62.595 3.967272
19433  34.233  -48.971  62.419 4.209405
19434  35.188  -48.799  61.322 4.514554
19435  35.528  -49.341  62.114 4.296321
19436  36.539  -49.650  61.676 4.227538
19437  35.804  -50.071  62.542 4.064158
19782  31.959  -42.520  44.372 4.213196
19783  32.054  -42.068  43.135 4.251533
19784  32.095  -42.831  43.531 5.109411
19785  32.262  -43.157  42.693 5.892679
19786  32.305  -43.529  43.976 5.964540
19789  33.210  -44.306  47.861 4.175038
19790  34.119  -45.200  47.434 6.245927
19791  33.588  -44.837  46.915 6.018351
19792  33.629  -44.988  46.233 6.688767
19793  33.188  -44.606  45.015 7.035025
19794  33.780  -45.193  45.641 7.039853
19795  33.884  -45.475  44.919 7.103542
19796  34.216  -45.784  46.142 6.691046
19797  35.419  -47.407  48.311 4.665747
19798  34.882  -47.072  47.181 5.284569
19799  35.121  -47.849  47.852 4.475145
19800  34.518  -48.216  47.378 4.325434
23093  31.730  -49.563  41.660 4.678223
23094  31.762  -50.175  40.755 4.327554
23095  31.445  -49.946  42.309 4.042214
23098  33.284  -47.595  45.001 5.494980
23099  32.812  -47.597  43.906 5.942853
23100  32.529  -48.194  44.270 5.276865
23101  31.924  -48.872  43.019 5.006818
23753  32.509  -44.573  53.064 4.512403
23754  33.556  -44.960  53.788 4.801320
23755  32.467  -45.056  53.878 5.113856
23756  32.607  -45.482  54.676 5.643964
23757  32.738  -45.852  55.492 5.948904
23832  31.819  -44.123  52.293 4.031358
24655  32.683  -42.511  39.987 5.170574
24656  33.157  -42.611  38.719 4.713471
24657  33.087  -43.273  39.122 5.498280
24658  33.389  -44.248  38.444 5.556747
24659  33.685  -45.276  37.867 5.346231
24660  34.010  -48.984  38.538 5.465155
24661  34.456  -48.475  38.128 5.256767
24662  35.284  -49.504  37.904 4.952143
24663  36.762  -50.095  37.535 4.368732
24833  27.781  -38.631  54.437 3.921518
24834  26.906  -39.828  53.676 3.950070
24911  30.040  -37.491  56.255 3.925238
24912  28.867  -37.948  55.251 3.937646
26615  35.983  -47.661  49.496 4.078588
26620  37.464  -46.802  55.961 4.173606
26629  27.673  -45.277  55.777 4.288284
26630  29.309  -45.951  56.496 4.819350
26631  28.817  -45.996  57.094 4.247667
26632  30.049  -46.602  58.440 4.178199
26633  31.018  -47.045  59.468 4.112248
26639  34.788  -50.413  63.378 3.911057
26848  32.030  -43.039  45.472 4.014502
26849  34.161  -44.667  49.439 4.486349
26850  33.904  -44.648  48.487 4.774106
26851  34.406  -45.013  49.105 5.171329
26852  34.498  -45.463  48.564 5.755258
26853  34.572  -45.771  48.017 6.100820
26854  34.576  -46.021  47.260 6.176733
26855  35.031  -46.364  48.468 5.600394
26856  35.489  -47.071  48.948 4.868111
28925  35.757  -51.392  37.859 4.880499
28926  36.561  -52.178  37.859 4.573830
28927  35.041  -51.583  37.924 4.732605
28928  34.369  -52.004  38.127 4.454996
28929  33.743  -52.479  38.508 4.088841
28930  32.050  -51.023  39.891 4.020052
28936  33.151  -45.007  42.403 7.352188
28937  33.008  -45.158  41.216 7.046884
28938  32.979  -45.632  41.901 7.075719
28939  32.734  -46.545  41.346 6.693317
28940  32.726  -47.493  40.690 6.278869
28941  32.517  -47.828  42.595 6.169988
28942  32.514  -48.075  41.161 6.135859
28943  32.978  -48.493  39.661 5.877591
28944  33.576  -49.503  38.789 5.510858
28945  34.646  -50.440  38.086 5.182687
30461  35.672  -45.591  51.713 4.456469
30462  36.300  -46.331  52.365 4.148612
30463  36.105  -45.625  52.680 4.250484
30464  36.354  -45.665  53.717 4.202218
30465  36.523  -45.731  54.678 4.295835
30466  34.671  -45.195  54.518 4.873354
30467  35.853  -45.472  55.086 4.747378
30468  36.713  -46.094  55.510 4.487338
30469  36.834  -46.445  56.379 4.710502
30470  36.809  -46.891  57.213 4.892852
30471  36.752  -47.406  58.091 4.977373
30647  34.465  -44.683  50.317 4.295564
30648  35.078  -45.186  50.897 4.515644
32512  37.389  -53.062  38.060 4.221745
32535  33.863  -42.878  37.638 4.278099
32541  32.997  -45.441  39.803 6.472133
32542  33.439  -45.885  38.436 5.744134
32543  34.190  -46.292  37.351 4.982757
32544  34.772  -47.829  37.592 4.946397
32545  34.984  -47.264  37.008 4.597722
32546  35.214  -46.768  36.496 4.261071
32903  28.079  -43.010  52.443 4.990223
32904  29.007  -44.352  53.217 5.502961
32905  27.824  -43.441  52.978 5.241271
32906  27.670  -43.857  53.550 5.126568
32907  27.302  -44.072  54.133 4.749825
32908  26.450  -41.393  53.580 4.044582
32909  26.396  -42.862  53.936 4.169898
32910  26.910  -44.219  54.732 4.264478
33072  27.954  -41.693  52.077 4.392023
36610  30.130  -45.215  54.288 5.847789
36611  31.328  -45.849  55.383 5.987367
36612  32.693  -46.284  56.429 5.942738
36613  30.857  -46.371  57.117 5.309103
36614  32.463  -46.598  57.319 5.654804
36615  33.984  -46.608  57.302 5.765645
36616  35.071  -46.911  58.062 5.511824
36617  35.767  -47.431  58.583 5.227021
36618  36.384  -47.915  59.145 4.936437
36621  31.926  -47.419  60.598 4.060834
36623  32.619  -47.858  61.651 4.016245
36624  33.355  -47.999  60.764 4.453493
36625  34.695  -48.336  60.544 4.709084
36626  35.963  -48.376  60.127 4.772717
36627  36.870  -48.493  59.755 4.643100
36628  37.150  -49.351  60.478 4.340522
36629  37.205  -50.253  60.994 4.030118
37047  32.205  -41.631  41.885 4.112226
37048  32.478  -42.037  40.952 4.677559
37049  32.393  -42.777  41.296 5.597131
37050  32.486  -43.421  41.836 6.479350
37051  32.773  -43.963  42.524 7.133853
37054  32.478  -43.700  45.914 4.782969
37055  33.460  -44.544  47.506 5.124145
37056  33.049  -44.240  46.410 5.491374
37057  32.606  -43.931  45.259 5.804412
37058  32.704  -44.057  44.515 6.655175
37059  32.951  -44.305  43.809 7.210195
37060  33.158  -44.625  43.108 7.427499
37061  33.466  -45.248  43.752 7.352313
37062  33.726  -45.824  44.350 6.982472
37063  33.962  -46.519  44.907 6.403020
37064  34.579  -46.386  46.594 6.067268
37065  34.447  -46.812  45.986 5.883283
37066  34.007  -47.179  45.550 5.689418
37067  33.883  -47.822  46.258 4.924959
37068  33.580  -48.448  46.740 4.206883
40993  32.206  -48.957  45.336 4.024576
41357  29.681  -44.117  52.732 5.007578
41358  30.212  -44.532  53.121 5.277554
41359  29.676  -44.373  53.033 5.320707
41397  28.796  -43.340  52.289 4.728294
41398  29.005  -43.239  52.029 4.358327
41399  29.345  -43.723  52.360 4.697689
41400  29.897  -43.997  52.487 4.638932
41849  38.003  -52.308  38.112 4.327005
41850  38.421  -52.668  38.253 4.138334
41851  37.755  -52.406  38.017 4.385629
41857  32.907  -44.085  41.340 7.049347
41858  32.944  -44.157  40.698 6.808588
41859  33.048  -44.492  41.101 7.028234
41860  36.649  -51.480  37.887 4.716779
41861  36.820  -51.272  37.903 4.650043
41862  37.374  -51.785  38.006 4.496319
41863  38.077  -52.103  38.174 4.236040
42947  35.843  -46.553  51.236 4.496529
42948  36.133  -46.971  51.401 4.212798
42949  36.094  -46.645  51.683 4.272999
42950  37.518  -47.721  58.113 4.630074
42951  37.784  -47.932  57.941 4.414248
42952  37.690  -48.149  58.418 4.475408
42953  37.811  -48.631  58.741 4.322848
42954  37.557  -48.362  58.926 4.510250
43077  35.576  -45.973  51.082 4.691593
43078  35.403  -45.986  50.541 4.918972
43079  35.622  -46.270  50.901 4.738483
43080  35.644  -46.550  50.647 4.748723
44249  32.536  -50.019  39.509 4.979567
44250  32.721  -50.423  39.136 4.802140
44251  32.298  -50.209  39.737 4.723947
44257  33.440  -46.617  44.002 6.494716
44258  33.144  -46.625  43.517 6.634666
44259  33.206  -46.940  43.769 6.370528
44260  31.982  -49.452  40.813 5.099287
44261  32.100  -49.204  40.817 5.367172
44262  32.240  -49.579  40.152 5.170190
44263  32.596  -49.790  39.503 5.207278
45347  34.193  -44.600  52.638 4.324015
45348  34.702  -44.777  52.915 4.411229
45349  34.171  -44.737  53.119 4.478446
45350  33.965  -45.964  55.965 5.787299
45351  34.496  -45.886  55.924 5.604846
45352  34.568  -46.073  56.350 5.699515
45353  35.130  -46.163  56.677 5.579212
45354  34.650  -46.267  56.763 5.737931
45477  33.289  -44.386  52.471 4.191222
45478  33.501  -44.272  51.873 3.990543
45479  33.836  -44.455  52.244 4.182250
45480  34.324  -44.550  52.006 4.203812
46837  34.802  -53.217  38.297 4.089151
46838  35.494  -53.421  38.161 4.112710
46839  35.183  -53.652  38.374 3.983138
46852  33.048  -41.346  39.414 3.921751
46854  33.152  -41.809  38.997 4.131259
46855  34.177  -45.252  37.163 4.778792
46856  34.313  -44.966  36.952 4.573484
46857  34.616  -45.471  36.643 4.445524
46858  35.079  -45.700  36.197 4.126949
46859  34.985  -45.996  36.420 4.284070
46860  33.108  -47.448  39.577 6.028965
46861  33.196  -47.175  39.211 5.948257
46862  33.530  -47.700  38.950 5.742292
47147  27.397  -40.041  53.001 4.367667
47148  27.143  -40.802  52.917 4.485713
47149  27.170  -40.208  53.188 4.293822
47277  27.837  -38.929  53.674 4.150462
47278  28.077  -38.871  53.459 4.158773
47279  27.695  -39.404  53.216 4.259330
47280  27.578  -39.942  52.831 4.365755
50125  37.107  -46.480  54.722 3.930800
50140  28.259  -45.085  54.855 5.090012
50141  29.005  -45.440  55.151 5.357442
50142  28.845  -45.515  55.509 5.110110
50143  32.055  -47.228  59.291 4.599544
50144  32.453  -47.114  58.958 4.861129
50145  32.868  -47.410  59.352 4.799562
50146  33.583  -47.582  59.418 4.962620
50147  33.286  -47.691  59.824 4.736772
50151  33.923  -49.316  63.350 4.004875
50152  33.741  -48.956  62.954 4.056512
50153  34.457  -49.290  62.802 4.136460
50154  34.931  -49.159  62.308 4.273175
50155  35.097  -49.518  62.616 4.177755
50156  35.685  -49.725  62.396 4.180930
50157  35.248  -49.820  62.885 4.080154
50502  32.101  -42.911  44.535 4.619175
50503  32.067  -42.662  43.983 4.670780
50504  32.169  -43.063  44.137 5.095729
50505  32.202  -43.195  43.696 5.546725
50506  32.278  -43.378  44.386 5.515038
50509  33.390  -44.369  48.250 4.053953
50510  34.141  -45.332  47.187 6.467627
50511  33.866  -45.109  46.816 6.475879
50512  33.924  -45.251  46.577 6.697136
50513  33.688  -45.088  45.947 6.905014
50514  33.971  -45.381  46.279 6.838066
50515  34.009  -45.498  45.918 6.905785
50516  34.208  -45.641  46.511 6.681509
50517  35.575  -47.739  48.611 4.264675
50518  35.321  -47.621  48.082 4.566014
50519  35.423  -47.949  48.349 4.174557
50520  35.168  -48.198  48.126 4.097240
53849  31.645  -49.440  42.432 4.520694
53850  31.580  -49.740  41.981 4.358707
53851  31.472  -49.615  42.690 4.196401
53857  33.175  -47.885  45.280 5.127765
53858  32.922  -47.860  44.720 5.390834
53859  32.779  -48.171  44.954 5.031139
53860  31.850  -49.067  43.903 4.465737
53861  32.012  -48.815  43.800 4.805450
53862  31.791  -49.130  43.149 4.670715
53863  31.804  -49.203  42.416 4.848654
54947  31.925  -44.573  53.062 4.617509
54948  32.502  -44.802  53.444 4.812346
54949  31.931  -44.806  53.430 4.948296
54950  31.360  -45.193  54.114 5.666753
54951  31.964  -45.265  54.202 5.549979
54952  32.064  -45.460  54.583 5.777766
54953  32.705  -45.650  55.098 5.832543
54954  32.049  -45.649  55.030 5.931972
55077  30.995  -44.256  52.685 4.467500
55078  31.205  -44.072  52.328 4.092463
55079  31.534  -44.349  52.701 4.375364
55080  32.143  -44.348  52.671 4.293059
56452  32.664  -42.861  40.162 5.613656
56453  32.877  -42.861  39.498 5.362808
56454  32.847  -43.194  39.760 5.777920
56455  33.091  -44.421  39.337 6.186800
56456  33.179  -44.083  39.069 5.891993
56457  33.272  -44.570  38.693 5.836937
56458  33.482  -44.762  38.148 5.479600
56459  33.389  -45.030  38.345 5.718650
56460  34.422  -49.529  38.213 5.304562
56461  34.618  -49.219  38.210 5.219005
56462  35.084  -49.779  37.954 5.071963
56463  37.106  -50.991  37.786 4.407127
56464  36.580  -50.407  37.655 4.538074
56465  37.247  -50.740  37.713 4.242651
56466  37.464  -50.389  37.638 4.060308
56467  37.946  -50.984  37.882 3.935637
56880  28.251  -38.231  54.837 3.927653
59717  35.987  -47.457  49.830 4.185712
59719  36.240  -47.628  50.337 3.922288
59725  37.501  -46.945  56.356 4.280935
59726  37.746  -47.213  56.156 4.016265
59727  37.799  -47.346  56.551 4.124804
59728  38.127  -48.517  57.501 3.938814
59735  37.841  -49.672  59.294 4.020513
59740  27.444  -45.332  56.065 4.028479
59741  28.215  -45.658  56.424 4.274090
59742  27.981  -45.708  56.693 4.009122
59744  29.200  -46.349  58.104 3.947877
59745  29.759  -46.645  58.693 3.915339
59746  30.587  -46.888  58.966 4.143534
60107  34.427  -44.838  49.747 4.675755
60108  34.286  -44.836  49.297 4.831402
60109  34.556  -45.058  49.579 4.975809
60110  34.936  -45.872  49.427 5.429720
60111  34.682  -45.557  49.130 5.504527
60112  34.713  -45.763  48.847 5.697209
60113  34.526  -45.652  48.276 5.963065
60114  34.747  -45.926  48.560 5.826146
60115  34.784  -46.059  48.260 5.889514
60116  35.000  -46.207  48.800 5.600749
60117  35.698  -46.978  49.935 4.658702
60118  35.470  -46.837  49.317 4.951175
60119  35.719  -47.164  49.544 4.571551
60120  35.741  -47.362  49.182 4.470145
63629  34.996  -51.105  37.950 4.972508
63630  35.385  -51.512  37.875 4.825285
63631  34.640  -51.206  38.013 4.873770
63632  33.322  -51.312  38.535 4.504042
63633  33.976  -51.532  38.252 4.573713
63634  33.704  -51.768  38.370 4.384628
63635  34.041  -52.250  38.280 4.280562
63636  33.392  -52.016  38.564 4.177335
63637  31.614  -50.405  41.040 4.027432
63638  31.871  -50.554  40.306 4.164509
63652  33.219  -45.281  42.737 7.294858
63653  33.085  -45.286  42.164 7.232847
63654  33.123  -45.589  42.487 7.162984
63655  32.778  -46.772  42.325 6.707157
63656  32.805  -46.418  41.978 6.823698
63657  32.728  -46.872  41.698 6.631818
63658  32.709  -47.030  41.038 6.486619
63659  32.678  -47.313  41.387 6.432910
63660  32.475  -47.981  43.484 5.802168
63661  32.640  -47.700  43.269 6.088515
63662  32.355  -48.086  42.775 5.927046
63663  32.403  -48.751  40.706 5.792792
63664  32.401  -48.336  41.334 5.991375
63665  32.538  -48.519  40.579 5.936654
63666  32.631  -48.252  40.431 6.030407
63667  32.793  -48.804  39.782 5.833307
63668  33.250  -49.025  39.168 5.689286
63669  33.051  -49.234  39.309 5.642582
63670  33.750  -50.328  38.500 5.185672
63671  33.945  -50.151  38.408 5.288011
63672  34.490  -50.634  38.107 5.125793
63673  35.187  -50.902  37.924 5.029854
66917  35.532  -45.305  51.833 4.409954
66918  35.900  -45.629  52.232 4.333933
66919  35.715  -45.346  52.349 4.336378
66920  35.593  -45.140  53.560 4.418648
66921  36.006  -45.370  53.343 4.305969
66922  36.107  -45.377  53.847 4.346150
66923  36.432  -45.669  54.191 4.233416
66924  36.146  -45.432  54.384 4.417981
66925  33.616  -45.170  54.229 5.042747
66926  34.124  -45.093  54.142 4.864443
66927  34.186  -45.281  54.642 5.075256
66928  35.460  -45.734  55.707 5.138690
66929  35.340  -45.507  55.266 4.988451
66930  35.911  -45.693  55.539 4.883383
66931  36.312  -45.731  55.345 4.628967
66932  36.407  -45.963  55.755 4.750271
66933  36.835  -46.278  55.964 4.599612
66934  36.493  -46.140  56.170 4.868675
66935  36.100  -46.587  57.270 5.278147
66936  36.472  -46.632  57.041 5.058341
66937  36.452  -46.886  57.471 5.114279
66938  36.809  -47.131  57.632 4.949821
66939  36.390  -47.166  57.887 5.137778
67315  34.201  -44.537  49.935 4.094250
67316  34.313  -44.498  50.386 4.067354
67317  35.027  -44.907  51.585 4.329499
67318  34.956  -44.938  51.042 4.366528
67319  35.222  -45.132  51.413 4.421831
67320  35.373  -45.382  51.278 4.521202
71392  36.166  -52.323  37.893 4.530296
71393  36.950  -52.624  37.906 4.405936
71394  36.601  -52.795  37.938 4.370864
71395  36.922  -53.843  38.244 3.961172
71396  37.373  -53.661  38.234 4.001124
71445  33.349  -43.084  38.301 4.854923
71446  33.495  -42.720  38.140 4.491960
71447  33.714  -43.241  37.774 4.609117
71448  34.659  -44.308  36.546 4.143013
71449  34.407  -43.632  36.843 4.139290
71450  34.857  -43.908  36.397 3.912316
71460  32.939  -45.530  40.930 6.876836
71461  32.966  -45.253  40.544 6.787013
71462  32.926  -45.686  40.242 6.598013
71463  33.440  -46.640  38.523 5.697365
71464  33.292  -46.163  38.779 5.912297
71465  33.613  -46.379  38.188 5.537642
71466  33.779  -46.095  37.873 5.361813
71467  34.024  -46.572  37.614 5.159431
71468  35.087  -48.676  37.763 4.948455
71469  34.602  -48.139  37.843 5.110197
71470  35.299  -48.379  37.488 4.780650
71471  36.162  -48.075  36.780 4.082646
71472  35.530  -47.808  37.022 4.422584
71473  35.596  -47.522  36.715 4.246778
71474  35.079  -47.008  36.740 4.425620
71475  35.675  -47.269  36.428 4.080365
71476  35.751  -47.063  36.164 3.926473
72317  27.733  -42.459  52.417 4.907716
72318  27.912  -43.243  52.688 5.163688
72319  27.575  -42.652  52.632 5.026206
72320  27.001  -42.349  53.132 4.738340
72321  27.309  -43.022  53.173 4.990300
72322  27.206  -43.221  53.441 4.858202
72323  27.467  -43.894  53.793 4.961475
72324  26.997  -43.363  53.687 4.673492
72326  26.611  -40.620  53.530 3.990148
72330  26.218  -42.970  54.176 3.951587
72331  26.617  -43.559  54.237 4.224556
72332  26.409  -43.693  54.549 3.994571
72333  26.606  -44.281  54.972 4.022958
72710  28.636  -38.718  53.147 3.905696
72717  27.578  -41.167  52.370 4.560140
72718  27.784  -41.033  52.183 4.365337
72719  27.709  -41.792  52.250 4.638560
72720  27.945  -42.411  52.222 4.696327
81250  36.493  -46.371  52.874 4.026464
81251  36.542  -46.761  52.668 3.932867
81295  28.947  -44.576  53.576 5.591977
81296  29.577  -44.850  53.735 5.700201
81297  29.471  -45.010  54.100 5.744762
81298  30.545  -45.936  55.637 5.782526
81299  30.625  -45.749  55.236 5.905097
81300  31.259  -46.021  55.805 5.916114
81301  31.997  -46.078  55.912 5.985169
81302  31.895  -46.239  56.378 5.888210
81303  29.943  -46.243  57.197 4.786838
81304  30.098  -46.191  56.840 5.075631
81305  30.729  -46.477  57.543 5.032423
81306  32.901  -46.899  58.214 5.355583
81307  32.331  -46.729  57.730 5.436546
81308  33.105  -46.773  57.706 5.568803
81309  33.232  -46.620  57.325 5.743601
81310  33.887  -46.766  57.745 5.640308
81311  34.545  -46.701  57.682 5.645098
81312  34.417  -46.939  58.126 5.524100
81313  35.055  -47.708  59.258 5.137155
81314  35.251  -47.438  58.788 5.270198
81315  35.606  -47.679  59.066 5.138143
81316  36.074  -47.690  58.841 5.081818
81317  35.905  -47.955  59.384 5.004349
81329  33.481  -48.371  62.103 4.152318
81330  32.849  -48.089  62.153 3.992704
81331  33.260  -48.174  61.637 4.194561
81332  32.976  -47.920  61.226 4.233029
81333  33.613  -48.238  61.144 4.400073
81334  34.005  -48.201  60.668 4.603181
81335  34.277  -48.474  61.023 4.529595
81336  35.758  -48.888  61.177 4.533790
81337  35.589  -48.608  60.741 4.652822
81338  36.097  -48.675  60.581 4.643275
81339  36.408  -48.418  59.963 4.730415
81340  36.556  -48.778  60.405 4.588673
81341  37.040  -48.901  60.136 4.493220
81342  36.761  -49.149  60.747 4.443011
81343  36.573  -50.195  61.829 4.083743
81344  36.939  -49.966  61.344 4.142619
81345  36.897  -50.477  61.460 3.991422
82385  32.098  -42.254  42.713 4.623580
82386  32.092  -41.846  42.505 4.201564
82387  32.166  -42.038  42.059 4.529673
82388  32.327  -41.802  41.394 4.401098
82389  32.254  -42.230  41.596 4.840742
82390  32.363  -42.421  41.098 5.131310
82391  32.232  -42.587  41.773 5.302134
82392  32.315  -43.472  42.906 6.321802
82393  32.353  -43.292  42.273 6.216434
82394  32.463  -43.574  42.542 6.620900
82395  32.637  -43.684  42.144 6.846101
82396  32.687  -43.774  42.840 6.957349
82400  32.697  -43.869  47.114 3.965179
82402  32.507  -43.748  46.689 4.107961
82403  32.376  -43.551  46.180 4.256270
82404  32.662  -43.824  46.451 4.627960
82405  33.992  -44.796  48.290 5.193135
82406  33.664  -44.609  48.068 4.943749
82407  33.769  -44.766  47.790 5.389476
82408  33.336  -44.659  46.312 6.218118
82409  33.304  -44.576  46.677 5.785422
82410  33.094  -44.366  46.079 5.970091
82411  32.868  -44.105  45.868 5.660469
82412  32.849  -44.224  45.495 6.132520
82413  32.647  -43.993  44.892 6.260394
82414  32.875  -44.287  45.104 6.547886
82415  33.294  -44.706  44.708 7.227446
82416  33.052  -44.433  44.435 7.149492
82417  33.185  -44.597  44.115 7.322862
82418  33.069  -44.460  43.461 7.359906
82419  33.277  -44.762  43.777 7.414225
82420  33.320  -44.937  43.435 7.432301
82421  33.472  -45.077  44.066 7.375535
82422  34.040  -45.796  45.199 6.874928
82423  33.833  -45.682  44.615 7.059551
82424  33.968  -45.981  44.900 6.805004
82425  33.862  -46.157  44.639 6.714153
82426  34.094  -46.303  45.183 6.500745
82427  34.805  -46.358  47.522 5.851973
82428  34.594  -46.207  46.918 6.137679
82429  34.783  -46.538  47.187 5.778537
82430  34.780  -47.307  46.920 5.186210
82431  34.662  -46.951  46.603 5.589793
82432  34.514  -47.174  46.354 5.492265
82433  34.262  -46.976  45.752 5.785908
82434  34.295  -47.379  46.142 5.398175
82435  33.968  -47.517  45.934 5.307642
82436  34.261  -47.729  46.493 5.006805
82437  34.325  -48.515  47.594 3.979535
82438  34.046  -48.330  47.054 4.263770
82439  33.852  -48.593  47.314 3.934585
92213  31.666  -49.301  43.902 4.141173
92214  31.509  -49.567  43.470 4.019911
92218  32.851  -48.454  45.723 4.412984
92219  32.591  -48.465  45.138 4.674658
92220  32.396  -48.727  45.251 4.334732
92221  32.000  -49.000  44.677 4.245451
92873  30.792  -44.436  52.962 4.841868
92874  31.357  -44.741  53.346 5.079695
92875  30.777  -44.648  53.232 5.193679
92876  30.767  -44.892  53.603 5.499155
92877  30.754  -45.086  53.996 5.735950
92945  28.414  -42.145  51.834 4.040607
92947  28.788  -42.663  51.813 4.000774
92948  29.260  -43.100  51.825 3.950141
92951  30.144  -43.831  52.229 4.239122
92952  30.446  -44.148  52.605 4.558975
93764  38.819  -53.049  38.425 3.928625
93765  38.466  -53.186  38.332 3.982186
93775  32.707  -43.495  40.618 6.439889
93776  32.850  -43.536  40.034 6.169208
93777  32.891  -43.866  40.311 6.518255
93778  33.036  -44.275  40.059 6.515871
93779  33.083  -44.720  39.712 6.438918
93780  35.473  -50.497  37.856 5.009068
93781  35.652  -50.320  37.782 4.931929
93782  36.311  -50.771  37.813 4.793284
93783  36.991  -51.113  37.869 4.545253
93784  37.618  -51.407  38.030 4.268113
93785  38.329  -51.728  38.194 3.968678
93786  38.205  -51.922  38.210 4.115092
93787  38.785  -52.383  38.424 3.943696
95735  35.933  -47.098  50.584 4.382767
95736  36.216  -47.412  50.710 4.031183
95737  36.183  -47.204  51.084 4.130556
95738  36.431  -47.327  51.551 3.908131
95740  37.525  -47.283  57.235 4.486560
95741  37.828  -47.491  57.012 4.232399
95742  37.817  -47.656  57.503 4.331251
95743  37.987  -48.202  57.741 4.181092
95744  38.064  -48.715  57.986 4.035259
95746  37.961  -48.918  58.499 4.114454
95747  37.850  -49.132  59.032 4.171334
95748  37.718  -49.368  59.590 4.202532
95969  35.039  -45.344  50.324 4.842476
95970  34.810  -45.363  49.840 5.041839
95971  35.098  -45.622  50.157 5.022805
95972  35.129  -45.964  50.005 5.167677
95973  35.168  -46.199  49.741 5.265007
95974  35.216  -46.350  49.396 5.309147
95975  35.450  -46.461  50.028 5.022353
95976  35.679  -46.794  50.318 4.720705
98081  33.611  -50.527  38.500 5.039567
98082  33.911  -50.931  38.225 4.881875
98083  33.295  -50.670  38.642 4.856111
98084  32.986  -50.848  38.847 4.642896
98085  32.741  -51.054  39.059 4.407661
98095  33.320  -45.891  43.379 6.992971
98096  33.118  -45.909  42.834 7.035841
98097  33.110  -46.265  43.183 6.857963
98098  32.942  -46.676  42.957 6.707724
98099  32.801  -47.083  42.733 6.544562
98100  32.015  -48.715  42.198 5.475015
98101  32.171  -48.452  42.182 5.751194
98102  32.092  -48.836  41.503 5.563037
98103  32.246  -48.989  40.807 5.601108
98104  32.474  -49.183  40.044 5.593382
98105  32.862  -49.410  39.383 5.544974
98106  32.669  -49.611  39.439 5.398235
98107  33.135  -50.060  38.954 5.212342
100055  35.029  -44.869  52.176 4.329822
100056  35.471  -45.080  52.467 4.344973
100057  35.152  -44.890  52.711 4.367889
100058  35.184  -44.873  53.265 4.442172
100059  35.123  -45.000  53.785 4.548901
100060  33.776  -45.560  55.117 5.492775
100061  34.280  -45.486  55.061 5.279333
100062  34.403  -45.697  55.498 5.460854
100063  34.994  -45.808  55.839 5.383755
100064  35.574  -45.927  56.133 5.270195
100065  36.101  -46.110  56.374 5.130310
100066  35.629  -46.116  56.544 5.371948
100067  35.716  -46.372  56.942 5.435731
100068  35.708  -46.599  57.455 5.456980
100293  34.001  -44.347  51.020 3.934410
100294  34.329  -44.518  50.825 4.075531
100295  34.395  -44.503  51.372 4.120736
100296  34.734  -44.687  51.785 4.254372
102739  35.459  -52.751  38.008 4.356479
102740  36.253  -52.990  37.997 4.308755
102741  35.869  -53.216  38.052 4.221969
102742  36.242  -53.649  38.196 4.071195
102771  33.820  -44.148  37.643 4.948276
102772  33.928  -43.805  37.409 4.663978
102773  34.139  -44.382  37.133 4.650639
102774  34.503  -44.621  36.696 4.362384
102775  34.940  -44.871  36.264 4.083571
102777  35.197  -45.395  35.999 3.971913
102780  32.835  -46.453  40.220 6.461346
102781  32.967  -46.162  39.859 6.385859
102782  33.021  -46.660  39.513 6.165405
102783  33.286  -46.882  38.833 5.835975
102784  33.763  -47.124  38.253 5.487078
102785  36.388  -49.230  37.356 4.311128
102786  35.912  -48.662  37.297 4.449456
102787  36.525  -48.936  37.126 4.121163
102788  36.689  -48.621  36.870 3.934488
103295  27.341  -41.240  52.586 4.663412
103296  27.327  -42.046  52.657 4.860493
103297  27.169  -41.426  52.749 4.677144
103298  27.022  -41.567  52.978 4.611272
103299  26.799  -41.726  53.203 4.481602
103529  28.766  -38.111  54.336 4.033084
103530  29.102  -38.032  54.145 3.956937
103531  28.544  -38.432  53.737 4.060551
103532  28.337  -38.818  53.301 4.078852
103533  28.169  -39.267  52.896 4.089996
103534  28.053  -39.765  52.522 4.095082
103535  27.802  -39.860  52.694 4.276218
103536  27.532  -40.553  52.568 4.467367
108655  36.842  -46.429  53.781 3.903579
108682  28.640  -44.889  54.263 5.485447
108683  29.323  -45.228  54.486 5.693642
108684  29.187  -45.341  54.803 5.558661
108685  29.787  -45.731  55.414 5.592585
108686  30.357  -46.025  56.055 5.591008
108687  31.098  -46.727  58.383 4.697035
108688  31.345  -46.697  58.055 4.979598
108689  31.878  -46.883  58.559 4.921550
108690  32.710  -47.037  58.628 5.116127
108691  33.476  -47.121  58.585 5.267333
108692  34.179  -47.164  58.517 5.364197
108693  33.975  -47.386  58.970 5.174252
108694  34.360  -47.676  59.374 5.077629
108695  34.780  -47.963  59.760 4.977716
108703  33.099  -48.617  62.988 3.940101
108704  33.603  -48.664  62.524 4.106091
108705  34.040  -48.712  61.995 4.278229
108706  34.579  -48.686  61.449 4.450083
108707  34.710  -48.907  61.886 4.364426
108708  35.363  -49.035  61.761 4.408083
108709  35.953  -49.176  61.577 4.409215
108710  36.457  -49.325  61.349 4.369946
108711  36.064  -49.485  61.908 4.280131
108712  36.193  -49.911  62.126 4.148378
108713  36.228  -50.371  62.265 4.016394
109336  32.023  -42.296  43.747 4.255689
109337  32.077  -42.466  43.351 4.672504
109338  32.099  -42.636  42.909 5.067922
109339  32.175  -42.787  42.458 5.435845
109340  32.140  -42.998  43.081 5.519989
109341  32.247  -43.336  43.290 5.959639
109342  32.393  -43.624  43.546 6.363480
109347  33.042  -44.127  47.408 4.315205
109348  34.095  -45.087  47.696 5.949845
109349  33.844  -44.891  47.470 5.807517
109350  33.878  -45.006  47.134 6.175743
109351  33.599  -44.899  46.538 6.390414
109352  33.356  -44.728  45.947 6.587097
109353  33.113  -44.534  45.324 6.757216
109354  33.377  -44.801  45.610 6.877995
109355  33.509  -44.882  45.309 7.084667
109356  33.608  -45.013  44.982 7.209511
109357  33.669  -45.177  44.659 7.261587
109358  33.864  -45.312  45.265 7.101700
109359  34.071  -45.618  45.538 6.913122
109360  34.219  -45.953  45.809 6.654765
109361  35.240  -47.089  48.059 5.076277
109362  34.969  -46.884  47.461 5.384504
109363  35.129  -47.238  47.754 4.974390
109364  35.020  -47.434  47.468 4.875246
109365  34.897  -47.675  47.203 4.783394
109366  34.584  -47.895  47.028 4.700217
109367  34.853  -48.051  47.615 4.395132
109368  34.783  -48.383  47.872 4.032814
115325  31.895  -49.704  40.832 4.807404
115326  31.941  -50.007  40.419 4.623596
115327  31.699  -49.870  41.216 4.501730
115328  31.583  -50.048  41.540 4.191362
115336  33.386  -47.262  44.693 5.851979
115337  33.143  -47.254  44.150 6.070472
115338  33.036  -47.567  44.461 5.740979
115339  32.691  -47.885  44.119 5.620087
115340  32.335  -48.244  43.621 5.485815
115341  32.340  -48.494  44.407 4.924850
115342  32.164  -48.542  43.672 5.149583
115343  32.036  -48.617  42.941 5.335955
115344  31.923  -48.962  42.310 5.170496
115345  31.879  -49.328  41.613 4.992364
116861  33.061  -44.587  52.975 4.424760
116862  33.593  -44.786  53.321 4.570019
116863  33.056  -44.795  53.409 4.683281
116864  33.035  -44.994  53.867 4.955021
116865  33.107  -45.210  54.266 5.224420
116866  31.889  -45.071  53.819 5.266344
116867  32.548  -45.279  54.251 5.397955
116868  33.147  -45.428  54.678 5.473068
116869  33.271  -45.616  55.127 5.681887
116870  33.368  -45.814  55.518 5.834001
116871  33.371  -46.030  55.938 5.917611
117047  32.441  -44.145  52.222 3.989912
117048  32.732  -44.357  52.595 4.229485
118969  32.747  -42.133  39.794 4.732877
118970  33.002  -42.184  39.144 4.527386
118971  32.865  -42.521  39.335 4.941222
118972  33.094  -42.951  38.897 5.107418
118973  33.321  -43.404  38.524 5.215392
118974  33.038  -43.608  39.440 5.872991
118975  33.256  -43.737  38.801 5.564548
118976  33.488  -43.899  38.210 5.254087
118977  33.669  -44.474  37.893 5.221312
118978  33.825  -45.004  37.631 5.124716
118979  34.071  -45.518  37.355 4.979353
118980  33.667  -48.466  38.843 5.638705
118981  33.880  -48.231  38.577 5.551772
118982  34.236  -48.703  38.403 5.377818
118983  34.855  -48.957  38.037 5.097534
118984  35.536  -49.245  37.766 4.802427
118985  35.855  -50.096  37.759 4.815720
118986  36.052  -49.806  37.653 4.667611
118987  36.228  -49.519  37.543 4.496309
118988  36.917  -49.786  37.481 4.183346
119381  27.614  -39.054  53.855 4.067159
119382  27.228  -39.653  53.542 4.106728
119383  27.313  -39.177  53.983 3.927438
119563  29.659  -37.602  55.498 3.954914
119565  29.451  -37.700  55.721 3.940780
119566  29.092  -37.875  55.005 3.993999
119567  28.503  -38.169  54.589 4.018730
119568  27.985  -38.532  54.189 4.039997
123539  35.881  -47.899  49.177 3.977134
123550  37.386  -46.691  55.533 4.074278
123552  37.678  -47.097  55.767 3.914712
123555  38.044  -47.809  56.765 3.974725
123571  27.897  -45.204  55.473 4.560032
123572  28.664  -45.593  55.810 4.836307
123573  28.468  -45.651  56.145 4.553109
123574  29.091  -45.970  56.825 4.530101
123575  29.728  -46.288  57.526 4.496250
123576  28.586  -46.036  57.391 3.980605
123577  29.480  -46.316  57.832 4.214120
123578  30.310  -46.544  58.141 4.456750
123579  30.865  -46.824  58.686 4.415791
123580  31.303  -47.059  59.164 4.376087
123581  31.796  -47.241  59.628 4.338746
123592  34.077  -49.696  63.556 3.952861
123593  34.759  -49.986  63.295 3.985190
123594  34.221  -50.109  63.704 3.902261
124083  32.006  -42.754  44.890 4.129395
124084  32.160  -43.143  45.140 4.524863
124085  33.875  -44.510  49.070 4.241983
124086  33.757  -44.514  48.614 4.356170
124087  34.045  -44.659  48.986 4.620174
124088  34.143  -44.811  48.794 5.005466
124089  34.231  -44.988  48.559 5.378617
124090  34.652  -45.306  49.378 5.258499
124091  34.467  -45.246  48.845 5.485966
124092  34.299  -45.174  48.285 5.718213
124093  34.335  -45.375  47.969 6.004113
124094  34.370  -45.484  47.714 6.221467
124095  34.373  -45.591  47.386 6.363913
124096  34.357  -45.699  47.002 6.434500
124097  34.571  -45.878  47.638 6.169091
124098  34.808  -46.189  47.880 5.893938
124099  35.064  -46.531  48.127 5.554966
124100  35.254  -46.502  49.007 5.302089
124101  35.283  -46.711  48.704 5.252441
124102  35.285  -46.921  48.402 5.172756
124103  35.471  -47.249  48.608 4.769257
124104  35.680  -47.547  48.889 4.365048
128981  36.594  -51.737  37.876 4.743374
128982  36.994  -52.122  37.906 4.584081
128983  36.193  -51.803  37.839 4.730221
128984  35.787  -51.890  37.863 4.679745
128985  35.408  -52.059  37.914 4.595665
128986  34.304  -51.332  38.114 4.738821
128987  34.682  -51.783  38.036 4.607406
128988  35.066  -52.285  37.978 4.482320
128989  34.726  -52.501  38.100 4.344069
128990  34.387  -52.739  38.274 4.185032
128991  34.151  -53.009  38.463 4.008984
128992  32.052  -50.368  40.038 4.449494
128993  32.202  -50.775  39.619 4.292518
128994  32.495  -51.263  39.240 4.157598
128997  32.805  -51.763  38.978 4.046389
128998  33.138  -52.216  38.872 3.956991
129010  33.110  -44.716  42.109 7.334806
129011  33.073  -44.797  41.483 7.171327
129012  33.067  -45.060  41.828 7.237972
129013  32.989  -45.384  41.565 7.092069
129014  32.867  -45.796  41.223 6.911142
129015  32.975  -45.954  42.237 7.003065
129016  32.858  -46.079  41.612 6.892473
129017  32.792  -46.261  40.919 6.708453
129018  32.737  -46.739  40.641 6.495504
129019  32.823  -47.256  40.332 6.281435
129020  32.975  -47.700  39.875 6.072830
129021  32.983  -47.272  43.638 6.235796
129022  32.784  -47.388  43.026 6.337502
129023  32.628  -47.505  42.398 6.369816
129024  32.294  -48.210  42.043 5.989891
129025  32.442  -47.946  41.868 6.184769
129026  32.586  -47.630  41.681 6.332644
129027  32.625  -47.778  40.953 6.231271
129028  32.767  -47.966  40.209 6.074791
129029  33.170  -48.200  39.456 5.873855
129030  33.446  -48.729  39.014 5.686584
129031  33.798  -49.280  38.607 5.511390
129032  34.204  -49.795  38.276 5.347236
129033  33.421  -49.685  38.838 5.460353
129034  34.011  -50.007  38.331 5.342317
129035  34.721  -50.246  38.050 5.191947
129036  35.323  -50.693  37.915 5.042361
129037  35.881  -51.184  37.847 4.894422
133145  35.762  -45.903  51.586 4.492779
133146  36.060  -46.290  51.917 4.310312
133147  36.025  -45.921  52.079 4.328264
133148  36.235  -45.929  52.523 4.201969
133149  36.403  -46.008  53.026 4.115897
133150  35.902  -45.377  52.808 4.301890
133151  36.259  -45.669  53.150 4.206940
133152  36.545  -46.011  53.540 4.070114
133153  36.654  -45.995  54.014 4.062982
133154  36.756  -46.020  54.469 4.091208
133155  36.871  -46.134  54.936 4.149962
133156  34.116  -44.912  53.634 4.661514
133157  34.637  -44.982  54.011 4.698090
133158  35.164  -45.146  54.343 4.681791
133159  34.759  -45.381  54.961 5.055237
133160  35.257  -45.313  54.816 4.831991
133161  35.775  -45.294  54.613 4.617981
133162  36.228  -45.554  54.886 4.515000
133163  36.632  -45.870  55.112 4.383106
133164  36.998  -46.316  55.297 4.232959
133165  37.125  -46.459  55.748 4.332698
133166  37.169  -46.565  56.182 4.440757
133167  37.198  -46.748  56.589 4.548373
133168  36.491  -46.377  56.578 4.974249
133169  36.827  -46.690  56.811 4.810938
133170  37.190  -46.960  57.012 4.647021
133171  37.184  -47.166  57.428 4.729025
133172  37.180  -47.421  57.874 4.788054
133173  37.085  -47.641  58.353 4.819495
133649  34.026  -44.505  49.528 4.153514
133650  34.316  -44.666  49.886 4.376812
133651  34.608  -44.847  50.195 4.543367
133652  34.616  -44.713  50.696 4.246231
133653  34.784  -44.890  50.576 4.438905
133654  34.931  -45.102  50.461 4.642435
133655  35.223  -45.428  50.801 4.666970
133656  35.491  -45.670  51.180 4.615407
138778  37.341  -52.487  37.938 4.411543
138779  37.715  -52.900  38.100 4.221633
138780  38.131  -53.339  38.261 4.011926
138781  37.036  -53.229  38.101 4.195827
138782  37.791  -53.500  38.239 4.018115
138843  33.304  -42.271  38.554 4.326741
138844  33.675  -42.359  38.031 4.133376
138845  34.063  -42.501  37.514 3.947106
138846  34.047  -43.424  37.303 4.370926
138847  34.246  -43.049  37.139 4.070982
138861  33.024  -44.871  40.835 6.936018
138862  33.006  -44.978  40.135 6.640553
138863  33.099  -45.207  39.445 6.300728
138864  33.069  -45.922  39.475 6.270919
138865  33.175  -45.674  39.115 6.118968
138866  33.280  -45.404  38.769 5.933435
138867  33.553  -45.580  38.148 5.553987
138868  33.922  -45.792  37.609 5.174480
138869  34.355  -46.023  37.102 4.803428
138870  34.031  -47.945  38.317 5.432982
138871  34.145  -47.618  38.014 5.289936
138872  34.326  -47.332  37.761 5.130054
138873  35.445  -48.102  37.320 4.602736
138874  34.919  -47.537  37.320 4.773240
138875  34.393  -47.038  37.433 4.960281
138876  34.476  -46.769  37.111 4.786712
138877  34.654  -46.518  36.859 4.614256
138878  34.854  -46.251  36.653 4.446239
138879  35.364  -46.511  36.267 4.106341
139907  28.557  -43.498  52.533 5.036365
139908  29.051  -44.104  52.913 5.316400
139909  28.468  -43.735  52.797 5.262937
139910  28.374  -43.937  53.099 5.395421
139911  28.306  -44.143  53.429 5.430205
139912  27.396  -42.853  52.860 5.051141
139913  27.756  -43.619  53.287 5.225366
139914  28.200  -44.370  53.752 5.372880
139915  28.027  -44.447  54.032 5.236770
139916  27.857  -44.557  54.341 5.040278
139917  27.607  -44.671  54.610 4.803770
139918  26.891  -40.355  53.345 4.161408
139919  26.669  -41.149  53.335 4.229878
139920  26.589  -41.978  53.440 4.307079
139922  26.341  -42.122  53.710 4.107184
139923  26.628  -42.757  53.667 4.385353
139924  26.800  -43.471  53.973 4.456059
139925  27.085  -44.147  54.400 4.511547
139926  27.503  -44.718  54.965 4.546751
139927  27.194  -44.774  55.181 4.285893
139928  27.035  -44.872  55.473 4.034101
140396  28.022  -40.299  52.238 4.094101
140397  28.058  -40.924  52.022 4.085913
140398  28.173  -41.576  51.875 4.068694
140399  28.203  -42.274  52.025 4.401546
140400  28.336  -42.910  52.247 4.727572
150742  36.341  -46.740  52.183 4.083851
150796  29.606  -44.641  53.335 5.556694
150797  30.175  -45.011  53.877 5.748552
150798  30.737  -45.299  54.419 5.886898
150799  30.041  -45.449  54.642 5.849188
150800  30.743  -45.585  54.835 5.943050
150801  31.397  -45.645  54.968 5.970554
150802  32.013  -45.873  55.462 6.001820
150803  32.698  -46.081  55.951 5.985463
150804  33.365  -46.229  56.401 5.927886
150805  29.416  -45.926  56.159 5.103550
150806  30.178  -46.103  56.453 5.349182
150807  30.980  -46.267  56.691 5.560014
150808  31.540  -46.632  57.688 5.253538
150809  31.702  -46.544  57.303 5.506414
150810  31.796  -46.398  56.854 5.723391
150811  32.594  -46.446  56.895 5.828373
150812  33.349  -46.427  56.871 5.867173
150813  34.043  -46.360  56.825 5.836367
150814  34.682  -46.488  57.217 5.718650
150815  35.153  -46.640  57.584 5.582430
150816  35.544  -46.879  57.941 5.434776
150817  34.887  -47.193  58.499 5.399588
150818  35.413  -47.187  58.354 5.371153
150819  35.914  -47.177  58.141 5.281548
150820  36.236  -47.433  58.329 5.126909
150821  36.582  -47.651  58.591 4.973082
150822  36.873  -47.850  58.837 4.820577
150830  31.520  -47.248  60.047 4.084917
150831  32.240  -47.445  60.187 4.303418
150838  32.287  -47.600  61.171 4.038513
150839  32.647  -47.681  60.716 4.268780
150840  32.980  -47.717  60.262 4.503440
150841  33.714  -47.980  60.275 4.671786
150842  34.435  -48.132  60.259 4.797746
150843  35.077  -48.180  60.081 4.874147
150844  34.968  -48.579  60.924 4.614907
150845  35.357  -48.408  60.364 4.766116
150846  35.670  -48.178  59.890 4.897686
150847  36.222  -48.157  59.691 4.868689
150848  36.704  -48.105  59.370 4.790520
150849  37.174  -48.191  59.139 4.668724
150850  37.325  -48.623  59.523 4.516289
150851  37.447  -49.105  59.876 4.362392
150852  37.453  -49.583  60.198 4.206863
150853  36.890  -49.538  61.079 4.293867
150854  37.241  -49.793  60.785 4.185627
150855  37.471  -50.065  60.461 4.050583
150859  35.319  -50.234  62.976 3.982713
150860  35.823  -50.533  62.634 3.948539
152101  32.741  -41.518  40.112 4.087289
152108  32.409  -41.411  41.214 3.993469
152109  32.538  -41.659  40.769 4.249922
152110  32.662  -41.905  40.300 4.498419
152111  32.578  -42.272  40.482 4.937355
152112  32.504  -42.641  40.639 5.393177
152113  32.479  -42.965  40.821 5.848889
152114  32.291  -42.956  42.011 5.768294
152115  32.405  -43.122  41.558 6.054679
152116  32.529  -43.275  41.080 6.282559
152117  32.663  -43.552  41.376 6.670184
152118  32.786  -43.846  41.747 6.989798
152119  32.912  -44.181  42.144 7.225350
152127  32.231  -43.415  45.696 4.399458
152128  32.341  -43.491  45.402 4.921501
152129  33.539  -44.484  48.179 4.492288
152130  33.360  -44.384  47.756 4.646021
152131  33.160  -44.252  47.205 4.812116
152132  33.537  -44.700  47.232 5.589098
152133  33.239  -44.406  46.953 5.309269
152134  32.958  -44.085  46.694 4.983730
152135  32.794  -43.961  46.182 5.151924
152136  32.558  -43.831  45.611 5.305370
152137  32.396  -43.590  45.024 5.430883
152138  32.438  -43.697  44.646 5.909901
152139  32.477  -43.794  44.259 6.340972
152140  32.591  -43.891  43.855 6.708273
152141  32.943  -44.352  44.753 6.890239
152142  32.813  -44.170  44.158 6.974588
152143  32.726  -43.994  43.481 6.999470
152144  32.864  -44.124  43.128 7.207098
152145  32.956  -44.327  42.779 7.329143
152146  33.065  -44.509  42.452 7.369021
152147  33.185  -44.818  42.764 7.421216
152148  33.298  -45.114  43.085 7.388472
152149  33.409  -45.393  43.432 7.280738
152150  33.677  -45.343  44.360 7.253528
152151  33.609  -45.528  44.068 7.198620
152152  33.489  -45.715  43.748 7.108689
152153  33.560  -46.028  44.026 6.882133
152154  33.671  -46.400  44.327 6.609525
152155  33.749  -46.754  44.633 6.298472
152156  34.413  -45.872  46.630 6.443906
152157  34.424  -46.056  46.310 6.406982
152158  34.392  -46.249  46.014 6.338943
152159  34.740  -46.721  46.882 5.687531
152160  34.534  -46.598  46.281 5.979106
152161  34.300  -46.468  45.703 6.252694
152162  34.177  -46.614  45.426 6.157392
152163  33.990  -46.825  45.183 6.058193
152164  33.736  -47.088  44.960 5.956756
152165  33.687  -47.383  45.310 5.593285
152166  33.577  -47.694  45.637 5.218621
152167  33.436  -47.993  45.909 4.844809
152168  34.196  -48.026  46.787 4.624635
152169  33.755  -48.129  46.497 4.553959
152170  33.257  -48.288  46.142 4.484680
152171  33.118  -48.578  46.410 4.151145
