#!ascii label , from subject fsaverage
1120
38  46.172  10.412  -26.141 3.451092
325  45.511  19.312  -22.114 6.297328
431  52.184  15.201  -15.223 3.022165
639  57.328  3.289  -25.895 3.390990
805  47.232  17.342  -23.481 4.373651
806  43.161  19.230  -28.046 4.379950
807  43.357  13.407  -30.279 3.729865
958  50.134  11.784  -15.547 4.902192
959  52.186  10.344  -12.236 3.056442
1433  54.357  -2.175  -23.871 3.693897
1737  45.819  11.925  -21.287 6.153827
1738  42.723  12.736  -24.258 4.853805
1739  41.759  19.411  -26.377 5.848931
1965  47.969  12.514  -18.616 5.866156
1966  49.173  17.653  -18.498 4.831442
1967  50.316  14.135  -19.921 2.938111
2552  51.076  2.633  -25.179 3.042617
2553  53.063  7.270  -26.865 3.157099
2725  46.604  13.827  -24.360 3.777415
2726  44.748  15.024  -26.698 4.124255
2727  44.544  11.912  -28.340 3.796291
2729  47.173  10.053  -29.463 3.456003
2878  51.015  5.778  -12.964 3.523362
2879  51.653  4.982  -11.365 3.033157
3855  45.033  16.961  -21.710 6.953642
3856  43.528  16.858  -23.470 6.792306
3857  43.570  19.579  -24.400 6.533477
3858  41.208  17.965  -31.390 3.155334
3859  40.725  19.994  -30.270 3.377948
4313  47.845  6.983  -18.724 4.604451
4314  48.713  6.975  -17.414 4.599715
4315  50.946  15.162  -15.085 4.240982
4316  49.628  16.037  -16.738 5.123533
4317  50.746  16.487  -17.052 4.021603
4318  50.028  16.570  -19.094 3.764515
4319  51.605  15.250  -17.414 2.908928
5453  40.340  16.122  -26.852 4.533925
5454  40.880  12.748  -25.598 4.061885
5735  57.311  0.881  -24.587 3.920710
5736  52.385  -0.016  -24.716 3.645165
5737  54.958  2.481  -25.344 3.666424
5738  52.640  4.792  -26.305 3.165918
5739  55.546  5.317  -26.282 3.248503
6057  46.490  19.192  -22.617 5.254278
6058  44.497  19.869  -24.971 5.557397
6059  45.189  18.318  -25.888 4.693355
6060  42.903  16.384  -29.048 3.944845
6061  42.393  15.236  -32.564 3.148988
6332  49.511  6.813  -15.961 4.424449
6333  50.266  6.403  -14.492 4.066821
6334  51.218  11.073  -13.888 4.034825
6335  52.298  13.998  -13.350 3.094028
7187  58.785  -0.762  -23.534 3.636483
7188  58.733  1.043  -25.200 3.320290
7893  45.873  7.398  -21.169 4.149793
7894  44.470  8.340  -22.496 3.869676
7895  44.368  12.308  -22.814 5.654171
7896  41.811  16.658  -25.182 5.778367
7897  40.037  19.161  -28.188 4.526542
7898  42.449  20.110  -27.052 5.131877
7899  40.317  20.378  -29.206 3.964896
8487  46.935  7.101  -19.986 4.429003
8488  46.851  12.344  -20.010 6.166061
8489  46.444  17.008  -20.103 6.440443
8490  49.059  12.384  -17.087 5.463290
8491  48.056  16.754  -18.374 5.782738
8492  47.288  18.658  -20.270 5.598052
8493  48.329  18.007  -20.756 4.558666
8494  48.741  15.844  -21.736 3.710690
8495  48.390  11.967  -22.718 3.156547
9873  42.748  9.073  -23.851 3.636512
10188  48.037  9.001  -23.933 2.894534
10210  50.272  -1.730  -23.374 3.177325
10211  49.688  0.893  -23.434 2.942508
10214  50.192  7.023  -25.944 2.888801
10215  48.894  8.420  -27.343 3.256977
10216  51.425  8.992  -28.262 2.957768
10405  46.187  11.935  -25.102 3.588880
10406  45.219  12.701  -26.262 3.809917
10407  45.225  11.153  -27.310 3.660840
10408  45.435  10.844  -29.116 3.643906
10409  46.161  10.042  -28.013 3.525505
11535  45.132  18.570  -21.982 6.745106
11536  44.255  18.634  -23.061 6.895992
11537  44.556  19.490  -23.260 6.507451
11995  51.552  15.445  -15.096 3.642717
11996  50.907  16.126  -16.014 4.167136
11997  51.461  15.914  -16.101 3.544352
11998  51.229  15.994  -17.192 3.431310
11999  51.982  15.379  -16.281 2.957216
13415  57.533  2.099  -25.229 3.735557
13416  56.070  1.516  -25.103 3.863949
13417  56.477  3.061  -25.426 3.666903
13418  55.478  3.987  -25.611 3.508911
13419  56.493  4.293  -25.934 3.336563
13420  56.120  5.408  -26.698 2.903304
13421  56.981  4.385  -26.539 2.922907
13935  46.894  18.548  -23.025 4.784714
13936  45.919  18.981  -24.225 5.007539
13937  46.229  17.872  -24.671 4.597085
13938  43.561  14.020  -28.396 3.958008
13939  43.782  15.646  -27.863 4.113132
13940  42.800  14.831  -29.624 3.827971
13941  42.243  15.743  -30.854 3.549372
13942  42.920  14.329  -31.478 3.496169
13943  43.543  14.079  -32.845 3.108232
13944  44.181  13.204  -31.864 3.401388
14395  51.594  7.983  -12.559 3.393953
14396  51.195  8.393  -13.383 3.800718
14397  51.735  10.660  -13.099 3.527531
14398  51.701  12.905  -13.556 3.634561
14399  52.250  12.491  -12.716 3.080506
15817  59.697  -0.957  -23.614 3.439075
15818  58.938  0.260  -24.344 3.563514
15819  59.427  -0.306  -24.713 3.257713
15820  58.966  0.334  -25.748 2.931694
17325  46.021  9.459  -21.123 5.215732
17326  45.371  9.797  -21.833 5.014479
17327  45.172  12.033  -22.036 5.961462
17328  42.570  18.339  -24.905 6.496369
17329  42.756  16.633  -24.318 6.364558
17330  41.646  18.289  -25.848 5.942814
17331  40.821  18.029  -26.493 5.273587
17332  40.906  19.354  -27.185 5.209362
17333  43.858  19.700  -26.451 5.006084
17334  43.428  20.079  -26.109 5.451786
17335  42.832  19.909  -27.422 4.723544
17337  40.479  20.348  -29.698 3.635704
18700  48.022  9.774  -18.641 5.399800
18701  47.552  9.627  -19.284 5.446245
18702  47.448  12.348  -19.281 6.037092
18703  46.567  14.818  -20.064 6.498938
18704  47.180  14.887  -19.288 6.246190
18705  49.867  9.411  -15.742 4.815048
18706  49.406  9.687  -16.555 5.024218
18707  49.614  12.095  -16.283 5.214496
18708  49.438  17.140  -17.651 5.005260
18709  48.858  16.396  -17.532 5.463341
18710  48.548  17.577  -18.341 5.363374
18711  47.669  17.990  -19.213 5.723385
18712  48.261  18.213  -19.324 5.211999
18713  47.882  18.520  -20.447 5.065725
18714  48.816  17.931  -19.549 4.674012
18715  50.241  15.548  -19.504 3.312627
18716  49.436  16.358  -20.336 3.714139
18717  49.523  14.985  -20.792 3.331475
18718  48.588  13.988  -22.160 3.394514
18719  49.434  13.091  -21.167 3.026534
22118  43.774  10.498  -23.302 4.513886
22119  43.645  8.736  -23.187 3.746405
22120  42.936  10.800  -24.008 4.250133
22962  51.782  -2.250  -23.802 3.467655
22963  51.724  1.263  -24.925 3.370827
22964  50.760  0.389  -24.279 3.279968
22965  50.337  1.749  -24.404 2.986293
22970  53.130  5.949  -26.466 3.186468
22971  51.498  5.921  -26.211 2.989259
22972  51.571  6.933  -26.636 3.107182
22973  49.578  7.714  -26.465 3.088171
22974  51.045  7.800  -27.040 3.189406
22975  50.266  8.593  -27.928 3.228112
22976  52.241  8.138  -27.283 3.078015
23337  46.987  15.696  -23.930 4.035821
23338  46.143  16.366  -25.071 4.259459
23339  45.639  14.442  -25.593 4.000969
23340  44.436  13.338  -27.404 3.943866
23341  43.858  12.698  -29.293 3.827738
23342  44.561  12.436  -30.830 3.597304
23343  44.918  11.669  -30.021 3.675681
23614  51.320  5.299  -12.186 3.246696
23615  51.964  7.835  -11.729 3.042742
25371  45.393  14.355  -21.444 6.770226
25372  44.640  14.561  -22.272 6.669730
25373  44.296  16.933  -22.653 6.989406
25374  43.371  18.612  -24.095 6.826528
25375  42.610  19.444  -25.409 6.315976
25376  42.134  18.609  -29.622 3.741098
25377  42.007  19.642  -29.042 3.949341
25378  40.992  19.173  -30.838 3.221321
26197  48.289  6.915  -18.064 4.625292
26198  48.517  9.774  -17.986 5.310072
26199  50.494  13.799  -15.262 4.694320
26200  49.855  14.225  -16.040 5.102802
26201  50.312  15.689  -15.951 4.724987
26202  50.226  16.609  -16.833 4.617730
26203  50.000  17.082  -17.822 4.443965
26204  49.686  17.215  -18.809 4.279873
26205  50.436  16.629  -18.085 3.871641
26206  50.827  15.889  -18.317 3.346685
26207  51.053  14.838  -18.641 2.899109
28247  41.438  14.607  -25.281 4.841937
28248  41.789  12.792  -24.932 4.442370
28249  40.677  14.378  -26.098 4.335019
28753  56.106  -0.668  -24.172 3.911515
28754  53.046  -1.220  -24.355 3.768307
28755  54.801  -0.032  -24.757 3.903122
28756  53.702  1.034  -25.190 3.712481
28757  52.854  2.335  -25.542 3.416140
28758  51.820  3.702  -25.846 3.109716
28759  53.728  3.565  -25.873 3.406897
28760  54.382  4.948  -26.186 3.328910
28761  54.455  6.314  -26.708 3.177448
28762  53.805  7.591  -27.254 2.963278
28763  55.122  6.532  -27.116 2.906645
29493  46.019  19.408  -22.297 5.769186
29494  45.044  19.770  -23.474 5.994083
29495  45.563  19.555  -23.774 5.477904
29496  44.953  19.381  -25.446 5.092942
29497  44.245  18.822  -27.020 4.627945
29498  45.062  16.810  -26.322 4.369236
29499  44.120  17.392  -27.510 4.330385
29500  43.152  17.955  -28.596 4.121497
29501  42.066  17.201  -30.233 3.616655
29502  41.638  16.548  -32.059 3.146458
30136  49.905  6.630  -15.272 4.271745
30137  50.296  9.186  -15.005 4.542200
30138  50.655  6.067  -13.726 3.810637
30139  50.754  8.720  -14.181 4.198653
30140  50.685  11.354  -14.719 4.507051
30141  51.081  13.342  -14.449 4.195369
30142  51.635  14.515  -14.252 3.679543
30143  52.286  14.772  -14.196 3.074935
32127  57.210  -1.287  -23.676 3.751195
32128  57.985  0.151  -24.062 3.821620
32129  58.266  1.222  -24.721 3.688155
32130  58.017  2.183  -25.651 3.380895
32131  57.596  3.156  -26.480 2.934058
32132  58.196  1.814  -26.126 2.929898
34043  45.196  7.829  -21.837 4.005381
34044  44.592  10.174  -22.596 4.774054
34045  43.578  12.582  -23.590 5.270093
34046  43.956  14.587  -23.040 6.375922
34047  43.133  14.682  -23.871 5.925168
34048  42.272  14.692  -24.565 5.389384
34049  41.002  16.458  -25.858 5.138656
34050  40.143  17.714  -27.513 4.609330
34052  44.007  19.941  -24.613 6.062746
34053  42.963  19.985  -25.691 5.921791
34054  42.035  19.957  -26.659 5.542685
34055  41.783  20.123  -28.542 4.247602
34056  41.410  20.239  -28.109 4.609071
34057  41.126  20.042  -27.696 4.962398
34058  40.110  20.017  -28.727 4.291775
35734  46.447  7.222  -20.556 4.295062
35735  46.537  9.484  -20.540 5.359814
35736  47.417  7.079  -19.363 4.536620
35737  47.055  9.709  -19.952 5.436348
35738  46.345  12.126  -20.659 6.216820
35739  45.952  14.691  -20.770 6.694575
35740  45.725  16.995  -20.948 6.743979
35741  45.929  18.442  -21.074 6.452361
35742  49.102  7.023  -16.718 4.532194
35743  48.959  9.785  -17.305 5.185363
35744  48.523  12.481  -17.836 5.674681
35745  49.230  14.505  -16.815 5.431618
35746  48.547  14.793  -17.706 5.713173
35747  47.886  14.943  -18.504 5.979800
35748  47.212  16.975  -19.228 6.108592
35749  46.757  18.275  -20.188 6.093987
35750  46.419  18.973  -21.150 5.973892
35751  46.916  19.061  -21.400 5.443012
35752  47.442  18.626  -21.681 4.932397
35753  47.755  17.933  -22.090 4.468438
35754  49.283  17.242  -19.830 4.166185
35755  48.603  17.125  -21.145 4.102232
35756  47.904  16.722  -22.555 4.065561
35757  47.833  14.834  -23.079 3.737188
35758  47.433  12.921  -23.531 3.487635
35759  47.123  11.123  -24.336 3.309556
39858  42.008  10.967  -24.626 3.995042
40775  52.199  6.726  -10.733 2.807996
40798  49.265  11.238  -21.539 2.801820
40799  48.067  10.299  -23.215 2.992182
40800  47.064  9.701  -24.996 3.190022
40867  51.199  -0.882  -24.173 3.463499
40868  49.976  -0.446  -23.562 3.137193
40876  50.970  5.007  -25.871 2.856559
40879  48.679  7.926  -25.058 2.859511
40880  47.743  8.492  -26.066 3.117680
40881  47.083  9.225  -27.210 3.344565
40882  48.075  9.176  -28.448 3.382857
40883  49.428  9.448  -29.000 3.221369
41125  46.123  11.154  -25.562 3.514952
41126  45.616  11.491  -26.148 3.631690
41127  45.700  10.778  -26.669 3.563599
41128  45.543  10.523  -27.676 3.593048
41129  46.045  10.176  -27.083 3.501082
42255  45.288  18.995  -22.035 6.540125
42256  44.815  19.081  -22.603 6.654535
42257  45.009  19.404  -22.707 6.420889
42715  51.871  15.387  -15.202 3.328071
42716  51.509  15.724  -15.587 3.598560
42717  51.838  15.602  -15.671 3.286711
42718  51.743  15.674  -16.199 3.241493
42719  52.093  15.315  -15.751 2.989367
44135  57.450  2.684  -25.569 3.580901
44136  57.038  2.562  -25.414 3.715555
44137  56.981  3.225  -25.656 3.559546
44138  56.534  3.673  -25.666 3.516678
44139  56.992  3.842  -25.942 3.370831
44140  56.798  4.360  -26.216 3.153623
44141  57.154  3.860  -26.233 3.170185
44655  47.104  17.965  -23.266 4.570937
44656  46.615  18.224  -23.915 4.696518
44657  46.681  17.622  -24.060 4.498669
44658  43.226  13.658  -29.321 3.854264
44659  43.164  14.392  -28.968 3.911875
44660  43.009  14.058  -29.986 3.779750
44661  42.745  14.510  -30.591 3.669128
44662  43.177  13.828  -30.983 3.629344
44663  43.485  13.696  -31.851 3.457699
44664  43.743  13.295  -31.165 3.579884
45115  51.867  9.171  -12.400 3.244572
45116  51.701  9.400  -12.846 3.462355
45117  51.955  10.406  -12.644 3.282501
45118  51.968  11.562  -12.851 3.319271
45119  52.229  11.485  -12.471 3.068117
46536  60.133  -1.647  -23.232 3.399134
46537  60.003  -1.244  -23.752 3.338423
46538  59.609  -0.604  -24.128 3.366944
46539  59.820  -0.978  -24.352 3.242468
46540  59.585  -0.664  -24.958 3.111434
48045  45.978  10.643  -21.176 5.713455
48046  45.625  10.823  -21.569 5.620690
48047  45.450  12.133  -21.712 6.073624
48048  42.136  18.936  -25.655 6.210053
48049  42.130  18.323  -25.418 6.241902
48050  41.697  18.903  -26.137 5.927288
48051  41.254  18.902  -26.560 5.607295
48052  41.325  19.395  -26.830 5.543045
48053  43.546  19.502  -27.224 4.698848
48054  43.336  19.814  -26.947 4.890059
48055  42.972  19.649  -27.692 4.541646
49420  48.012  11.158  -18.621 5.677454
49421  47.757  11.106  -18.935 5.737846
49422  47.689  12.394  -18.967 5.955057
49423  47.316  13.617  -19.310 6.189111
49424  47.602  13.768  -18.945 6.079071
49425  49.989  10.614  -15.627 4.896726
49426  49.754  10.772  -16.013 5.035468
49427  49.871  11.983  -15.905 5.067865
49428  49.329  17.442  -18.086 4.919937
49429  48.994  17.376  -17.971 5.185700
49430  48.843  17.689  -18.395 5.104879
49431  48.400  17.932  -18.807 5.289544
49432  48.704  17.898  -18.920 5.021225
49433  48.525  18.087  -19.454 4.941802
49434  49.004  17.812  -18.981 4.747858
49435  50.348  14.934  -19.708 3.115127
49436  49.943  15.307  -20.138 3.315823
49437  49.903  14.529  -20.356 3.136034
49438  49.454  14.068  -21.001 3.168997
49439  49.835  13.627  -20.546 2.976431
52838  43.296  11.648  -23.793 4.727571
52839  43.335  10.690  -23.688 4.381629
52840  42.842  11.744  -24.128 4.556280
53680  53.435  -2.866  -23.660 3.515867
53681  52.235  -2.852  -23.606 3.402366
53682  52.888  -2.324  -23.866 3.596829
53683  51.395  1.976  -25.094 3.207590
53684  50.980  1.498  -24.721 3.175874
53685  50.673  2.168  -24.817 3.012363
53686  50.127  2.400  -24.402 2.826429
53687  50.484  2.857  -24.855 2.850566
53689  50.773  3.371  -25.252 2.884739
53690  53.087  6.633  -26.685 3.178324
53691  52.267  6.484  -26.596 3.138660
53692  52.317  7.054  -26.755 3.158863
53693  51.423  7.456  -26.749 3.153520
53694  52.114  7.563  -26.857 3.167572
53695  51.665  7.942  -27.107 3.164711
53696  52.653  7.715  -26.973 3.123317
54255  46.822  14.749  -24.126 3.896956
54256  46.339  15.037  -24.747 4.019775
54257  46.078  14.128  -24.988 3.899459
54258  44.740  12.237  -27.287 3.812182
54259  44.831  13.017  -26.807 3.889858
54260  44.333  12.629  -27.759 3.868344
54261  44.014  12.958  -28.361 3.896372
54262  44.148  12.288  -28.836 3.826881
54263  44.327  12.142  -29.667 3.757330
54264  44.609  11.738  -29.242 3.753857
54265  46.207  10.461  -29.392 3.555698
54715  51.313  3.660  -11.687 3.078647
54716  51.148  3.848  -12.047 3.160797
54717  51.515  5.168  -11.800 3.128834
54718  51.676  6.647  -11.934 3.169788
54719  51.800  6.434  -11.510 3.039330
57645  45.222  15.622  -21.536 6.917143
57646  44.818  15.750  -22.017 6.926567
57647  44.686  16.928  -22.191 6.997965
57648  43.896  19.178  -23.718 6.749986
57649  43.787  18.615  -23.585 6.892804
57650  43.419  19.154  -24.265 6.712641
57651  42.941  19.121  -24.776 6.610036
57652  43.076  19.555  -24.942 6.457355
57653  41.628  18.289  -30.460 3.437871
57654  41.568  18.916  -30.163 3.494825
57655  41.108  18.616  -31.090 3.178739
59020  48.453  5.552  -17.469 4.203375
59021  48.230  5.520  -17.777 4.198503
59022  48.518  6.965  -17.739 4.618042
59023  48.431  8.348  -18.017 5.005147
59024  48.658  8.366  -17.699 4.972293
59025  50.697  14.569  -15.145 4.493108
59026  50.388  14.863  -15.588 4.729640
59027  50.637  15.475  -15.509 4.494200
59028  50.850  16.357  -16.501 4.099023
59029  50.558  16.361  -16.434 4.401811
59030  50.498  16.615  -16.942 4.324266
59031  50.131  16.882  -17.316 4.533885
59032  50.398  16.789  -17.448 4.238887
59033  50.241  16.891  -17.950 4.154719
59034  50.607  16.576  -17.581 3.943456
59035  51.454  15.682  -17.278 3.159112
59036  51.036  15.967  -17.764 3.383525
59037  51.221  15.569  -17.857 3.129871
59038  50.947  15.412  -18.464 3.112094
59039  51.343  15.081  -18.016 2.898302
62438  40.821  15.424  -26.017 4.718810
62439  41.034  14.474  -25.670 4.581137
62440  40.521  15.209  -26.453 4.446909
63280  56.711  0.064  -24.347 3.942147
63281  55.391  -0.407  -24.467 3.931904
63282  56.250  0.394  -24.642 3.946441
63283  55.471  1.986  -25.221 3.778619
63284  54.950  1.221  -25.121 3.820539
63285  54.376  1.770  -25.290 3.703556
63286  53.284  1.710  -25.331 3.571127
63287  53.864  2.351  -25.523 3.565721
63288  53.236  2.890  -25.727 3.419288
63289  54.379  3.006  -25.584 3.538771
63290  55.530  4.633  -25.931 3.390565
63291  54.945  4.412  -25.880 3.417268
63292  55.016  5.126  -26.193 3.322951
63293  54.481  5.582  -26.419 3.262029
63294  54.997  5.773  -26.566 3.208012
63295  54.848  6.422  -26.891 3.075008
63296  55.357  5.887  -26.735 3.085882
64845  46.260  19.347  -22.468 5.507108
64846  45.789  19.539  -23.034 5.635041
64847  46.010  19.383  -23.236 5.381351
64848  45.592  18.649  -25.098 4.858236
64849  45.447  19.155  -24.912 5.069841
64850  45.091  18.929  -25.729 4.884325
64851  44.615  19.170  -26.234 4.868438
64852  44.698  18.630  -26.514 4.682512
64853  45.427  15.664  -25.933 4.194670
64854  45.577  16.574  -25.706 4.330980
64855  44.940  15.944  -26.539 4.237258
64856  43.379  16.066  -28.441 4.049374
64857  43.983  16.536  -27.675 4.212355
64858  43.492  16.886  -28.251 4.139260
64859  43.668  17.625  -28.068 4.247856
64860  43.031  17.146  -28.889 4.023853
64861  42.547  17.542  -29.406 3.866564
64862  42.462  16.750  -29.723 3.799877
64863  42.224  15.457  -31.732 3.349107
64864  41.879  16.208  -31.446 3.360649
64865  41.966  15.880  -32.295 3.149534
66220  49.999  5.049  -14.682 3.881561
66221  49.797  5.097  -15.069 3.957475
66222  50.102  6.547  -14.894 4.176093
66223  50.111  7.995  -15.118 4.445677
66224  50.320  7.813  -14.713 4.316718
66225  50.666  4.424  -13.173 3.479451
66226  50.504  4.594  -13.553 3.590887
66227  50.818  5.899  -13.332 3.668724
66228  51.218  9.705  -13.631 3.924281
66229  50.993  8.686  -13.822 4.004293
66230  50.985  9.997  -14.095 4.150819
66231  50.736  10.061  -14.468 4.364893
66232  50.943  11.250  -14.355 4.278834
66233  50.877  12.436  -14.596 4.382423
66234  51.149  12.252  -14.177 4.127205
66235  51.957  13.571  -13.458 3.374489
66236  51.665  13.789  -13.891 3.666857
66237  51.956  14.283  -13.799 3.384893
66238  51.964  14.716  -14.202 3.380282
66239  52.303  14.440  -13.755 3.089259
70483  59.244  -1.381  -23.183 3.544399
70485  58.632  -1.402  -23.246 3.603469
70486  57.801  -1.725  -23.401 3.638323
70487  58.133  -0.927  -23.611 3.710858
70488  57.700  -0.491  -23.840 3.812866
70489  58.384  -0.260  -23.853 3.733258
70490  58.880  0.615  -24.777 3.461675
70491  58.588  0.757  -24.528 3.630955
70492  58.549  1.194  -24.892 3.512471
70493  58.188  1.697  -25.129 3.553973
70494  58.370  1.618  -25.345 3.354331
70495  58.114  2.042  -25.894 3.160155
70496  58.497  1.403  -25.621 3.142208
75015  45.653  6.392  -21.194 3.624861
75016  45.350  6.642  -21.498 3.569480
75017  45.532  7.565  -21.469 4.076875
75018  44.920  11.022  -22.307 5.372879
75019  44.995  10.021  -22.241 4.897910
75020  44.516  11.262  -22.699 5.224499
75021  44.157  11.348  -23.061 5.064970
75022  43.974  12.411  -23.213 5.468883
75023  44.030  15.836  -22.805 6.784272
75024  44.291  14.560  -22.675 6.545918
75025  43.726  15.717  -23.251 6.629808
75026  42.334  16.581  -24.686 6.084826
75027  42.910  15.661  -24.049 6.178897
75028  42.451  15.737  -24.444 5.902358
75029  42.734  14.652  -24.226 5.662985
75030  42.023  15.677  -24.816 5.607505
75031  41.608  15.608  -25.185 5.305763
75032  41.385  16.565  -25.533 5.458846
75033  40.438  18.627  -27.314 4.922607
75034  40.432  17.942  -27.015 4.934510
75035  40.060  18.421  -27.816 4.588573
75038  44.799  19.849  -24.205 5.791541
75039  44.525  19.858  -24.005 6.051456
75040  44.240  19.975  -24.815 5.807988
75041  42.948  20.101  -26.543 5.319355
75042  43.219  20.107  -25.887 5.688555
75043  42.702  20.037  -26.360 5.544358
75044  42.478  19.843  -26.153 5.761651
75045  42.247  20.124  -26.826 5.342889
75046  41.379  19.838  -29.679 3.676375
75047  41.866  19.944  -28.813 4.087923
75048  41.327  20.083  -29.386 3.803322
75049  40.376  20.414  -29.469 3.795119
75050  40.957  20.308  -28.930 4.118836
75051  40.898  20.332  -28.676 4.294524
75052  41.288  20.189  -27.897 4.792748
75053  40.739  20.253  -28.460 4.468898
75054  40.609  20.028  -28.175 4.629834
75055  40.212  20.227  -28.956 4.134408
79135  46.726  5.974  -20.034 3.882534
79136  46.471  6.101  -20.337 3.815312
79137  46.696  7.175  -20.288 4.364353
79138  46.556  8.264  -20.539 4.840263
79139  46.767  8.293  -20.246 4.903569
79140  47.638  5.688  -18.749 4.115915
79141  47.443  5.828  -19.096 4.067439
79142  47.627  7.011  -19.032 4.576156
79143  47.225  10.987  -19.627 5.825228
79144  47.328  9.673  -19.613 5.449132
79145  47.021  10.989  -19.985 5.846138
79146  46.714  10.955  -20.287 5.847635
79147  46.628  12.244  -20.352 6.203686
79148  46.198  13.420  -20.725 6.509723
79149  46.426  13.576  -20.389 6.459294
79150  46.447  15.998  -20.081 6.513786
79151  46.114  15.935  -20.461 6.650887
79152  46.087  16.991  -20.524 6.599231
79153  45.783  17.834  -20.971 6.631604
79154  46.134  17.877  -20.573 6.468441
79155  49.244  5.450  -16.132 4.120774
79156  49.032  5.471  -16.476 4.155681
79157  49.328  7.015  -16.387 4.483495
79158  49.286  11.060  -16.812 5.266181
79159  49.191  9.819  -16.930 5.109862
79160  49.029  11.143  -17.206 5.363629
79161  48.767  11.151  -17.573 5.452339
79162  48.802  12.466  -17.452 5.572215
79163  49.708  15.230  -16.328 5.134629
79164  49.540  14.412  -16.433 5.275387
79165  49.387  15.408  -16.770 5.308280
79166  48.401  16.548  -17.945 5.623417
79167  48.619  15.670  -17.570 5.620248
79168  48.270  15.877  -18.038 5.768050
79169  48.213  14.882  -18.056 5.846869
79170  47.899  16.028  -18.427 5.915494
79171  47.528  16.049  -18.882 6.064583
79172  47.630  16.885  -18.823 5.944115
79173  47.465  18.366  -19.723 5.665747
79174  47.191  18.150  -19.675 5.908021
79175  47.007  18.540  -20.174 5.856497
79176  46.579  18.698  -20.676 6.045219
79177  46.842  18.846  -20.719 5.789353
79178  46.651  19.084  -21.282 5.708970
79179  47.121  18.904  -20.841 5.523627
79180  48.161  18.322  -20.560 4.806955
79181  47.671  18.595  -21.011 4.998714
79182  47.887  18.359  -21.198 4.749451
79183  47.653  18.298  -21.872 4.693700
79184  48.040  18.013  -21.397 4.512396
79185  49.914  16.924  -18.897 4.015499
79186  49.493  17.239  -19.298 4.215951
79187  49.665  16.886  -19.508 3.966750
79188  49.096  16.150  -21.021 3.707612
79189  49.024  16.745  -20.778 3.910017
79190  48.609  16.571  -21.452 3.897569
79191  48.242  16.977  -21.853 4.082007
79192  48.291  16.263  -22.154 3.892167
79193  47.922  15.859  -22.833 3.891487
79194  48.349  15.410  -22.494 3.721210
79195  48.527  12.948  -22.367 3.265918
79196  48.117  13.456  -22.808 3.438422
79197  47.918  12.423  -23.117 3.326091
79198  47.278  11.974  -23.879 3.390426
79199  47.708  11.501  -23.538 3.231889
89393  44.629  7.278  -22.179 3.475038
89395  44.235  7.448  -22.492 3.436452
89396  43.204  8.861  -23.507 3.689773
89397  43.446  7.912  -23.133 3.376373
89398  42.971  8.036  -23.443 3.354486
89400  42.520  8.267  -23.751 3.337760
89401  41.371  12.730  -25.229 4.246978
89402  41.957  11.827  -24.741 4.221734
89403  41.449  11.908  -25.073 4.062828
91753  48.591  9.920  -22.705 2.824839
91754  47.991  9.581  -23.561 2.935375
91755  47.529  9.981  -24.061 3.092805
91756  47.542  9.327  -24.434 3.045487
91918  50.590  -2.394  -23.273 3.133847
91923  52.718  -0.635  -24.582 3.730718
91924  52.018  -1.098  -24.302 3.627351
91925  51.746  -0.452  -24.497 3.568524
91926  50.190  0.642  -23.944 3.101931
91927  50.322  -0.017  -23.892 3.215918
91928  49.789  0.257  -23.476 3.055723
91945  52.248  4.279  -26.090 3.140847
91946  51.385  4.369  -25.895 2.974115
91947  51.752  4.853  -26.163 3.022469
91948  50.821  6.446  -26.119 2.929630
91949  50.787  6.024  -25.901 2.843641
91954  49.434  7.483  -25.565 2.865770
91955  49.149  8.048  -26.908 3.177371
91956  48.514  8.107  -26.329 3.097446
91957  48.198  8.405  -26.816 3.202891
91958  47.425  8.850  -26.506 3.236045
91959  47.845  8.767  -27.360 3.298701
91960  47.507  9.167  -27.906 3.383499
91961  48.496  8.806  -27.861 3.325817
91962  50.875  8.793  -28.087 3.125968
91963  49.947  9.011  -28.499 3.230600
91964  50.531  9.215  -28.671 3.090922
91968  53.461  8.060  -27.445 2.839219
92457  46.380  12.871  -24.646 3.675505
92458  45.867  13.260  -25.251 3.796513
92459  45.684  12.381  -25.615 3.708281
92460  45.139  11.920  -26.705 3.731963
92461  44.842  11.485  -27.893 3.739638
92462  44.823  11.287  -28.808 3.722938
92463  45.205  10.960  -28.260 3.668108
92464  45.755  10.461  -28.592 3.593878
92465  46.533  10.018  -28.953 3.514060
94491  45.073  17.744  -21.801 6.890266
94492  44.647  17.899  -22.375 6.965066
94493  44.712  18.569  -22.477 6.843524
94494  44.360  19.183  -23.208 6.727764
94495  44.049  19.612  -23.876 6.547871
95318  48.660  5.588  -17.114 4.197419
95319  51.255  15.406  -15.090 3.952234
95320  50.931  15.729  -15.529 4.217012
95321  51.238  15.824  -15.517 3.913324
95322  51.179  16.059  -16.030 3.856784
95323  51.100  16.200  -16.568 3.790107
95324  50.995  16.269  -17.111 3.721002
95325  51.393  15.976  -16.610 3.486574
95326  51.615  15.695  -16.738 3.197466
95327  51.825  15.346  -16.837 2.929368
97873  57.378  1.474  -24.910 3.850401
97874  56.709  1.198  -24.870 3.913000
97875  56.930  1.866  -25.132 3.834738
97876  56.434  2.329  -25.197 3.783737
97877  55.768  2.813  -25.316 3.702922
97878  55.268  3.258  -25.452 3.601320
97879  55.966  3.496  -25.475 3.595230
97880  55.995  4.158  -25.733 3.457808
97881  56.005  4.792  -26.078 3.293559
97882  55.912  5.411  -26.425 3.106117
97883  56.304  4.862  -26.320 3.130577
97884  56.569  4.909  -26.585 2.912539
98811  46.662  18.903  -22.810 5.013013
98812  46.229  19.162  -23.423 5.139450
98813  46.411  18.739  -23.679 4.910712
98814  46.102  18.460  -24.488 4.794064
98815  45.710  18.085  -25.296 4.663560
98816  44.114  14.481  -27.490 4.046457
98817  44.260  15.326  -27.244 4.137297
98818  43.617  14.839  -28.081 4.029766
98819  43.187  15.164  -28.688 3.975063
98820  42.896  15.672  -29.268 3.881089
98821  42.444  16.055  -29.961 3.748115
98822  42.561  15.297  -30.209 3.706469
98823  42.479  15.002  -31.187 3.524279
98824  42.706  14.801  -32.058 3.334134
98825  42.965  14.639  -32.692 3.137688
98826  43.189  14.213  -32.185 3.308445
98827  43.853  13.616  -32.404 3.264525
99638  50.144  4.941  -14.319 3.794451
99639  51.315  6.888  -12.764 3.491148
99640  51.144  7.138  -13.154 3.667057
99641  51.422  8.228  -12.976 3.594612
99642  51.461  9.512  -13.222 3.692000
99643  51.444  10.795  -13.506 3.781557
99644  51.423  12.024  -13.748 3.859113
99645  51.727  11.817  -13.334 3.586477
99646  51.961  12.661  -13.143 3.351351
99647  52.256  13.356  -12.988 3.090264
102196  59.739  -1.457  -23.182 3.472932
102197  59.279  -0.759  -23.525 3.541597
102198  58.891  -0.220  -23.873 3.622675
102199  59.297  -0.340  -23.957 3.496341
102200  59.218  0.007  -24.490 3.410347
102201  59.110  0.371  -25.022 3.285706
102202  58.894  0.742  -25.463 3.124403
102203  59.242  0.066  -25.254 3.112408
102204  59.298  -0.370  -25.404 2.945061
104913  45.997  8.369  -21.118 4.686564
104914  45.681  8.606  -21.473 4.599598
104915  45.683  9.694  -21.503 5.121244
104916  45.255  10.963  -21.950 5.506162
104917  44.746  12.240  -22.437 5.820157
104918  43.041  17.675  -24.208 6.694155
104919  43.176  16.777  -23.895 6.604128
104920  42.609  17.576  -24.666 6.471846
104921  42.238  17.479  -25.006 6.200057
104922  41.731  17.470  -25.465 5.892391
104923  41.280  17.427  -25.859 5.564023
104924  41.255  18.228  -26.234 5.614636
104925  40.851  18.826  -26.917 5.266906
104926  40.445  19.248  -27.619 4.865213
104927  44.176  19.827  -25.722 5.294221
104928  43.955  19.996  -25.546 5.530047
104929  43.650  19.943  -26.263 5.222092
104930  43.165  20.005  -26.705 5.098529
104931  42.627  20.099  -27.239 4.922302
104933  40.634  20.243  -29.963 3.494925
107387  46.972  5.939  -19.727 3.948493
107388  48.003  8.408  -18.692 5.038359
107389  47.773  8.336  -18.991 5.037076
107390  47.789  9.731  -18.984 5.429224
107391  47.488  11.105  -19.331 5.788050
107392  47.094  12.543  -19.702 6.108879
107393  46.690  13.636  -20.061 6.384660
107394  47.019  13.617  -19.665 6.292570
107395  46.889  14.861  -19.663 6.376334
107396  46.797  15.998  -19.669 6.366660
107397  49.704  8.119  -15.891 4.657132
107398  49.480  8.285  -16.275 4.741965
107399  49.643  9.555  -16.152 4.926647
107400  49.535  10.927  -16.429 5.157695
107401  49.355  12.216  -16.692 5.345149
107402  49.540  16.661  -17.191 5.076937
107403  49.262  16.329  -17.157 5.298357
107404  49.133  16.935  -17.573 5.253916
107405  48.718  17.116  -17.906 5.424789
107406  48.230  17.286  -18.387 5.594043
107407  47.854  17.448  -18.766 5.765009
107408  48.095  17.757  -18.756 5.541903
107409  47.930  18.144  -19.264 5.476294
107410  47.757  18.453  -19.821 5.404621
107411  47.589  18.655  -20.391 5.331404
107412  48.067  18.404  -19.905 5.136580
107413  48.338  18.236  -20.003 4.870260
107414  48.588  17.969  -20.145 4.611415
107415  50.156  16.114  -19.304 3.529576
107416  49.774  16.486  -19.694 3.732487
107417  49.829  15.955  -19.932 3.515029
107418  49.464  15.731  -20.613 3.513482
107419  49.061  15.422  -21.366 3.523344
107420  48.695  14.966  -22.001 3.542784
107421  49.065  14.513  -21.476 3.358239
107422  49.056  13.519  -21.674 3.212838
107423  48.958  12.535  -21.891 3.087193
113540  44.181  9.378  -22.850 4.222577
113541  44.056  8.475  -22.812 3.806390
113542  43.758  9.549  -23.207 4.127414
113543  43.332  9.731  -23.581 4.033642
113544  42.898  9.907  -23.917 3.941867
113546  40.939  11.953  -25.425 3.912193
115057  51.324  -2.640  -23.476 3.270070
115058  50.944  -1.967  -23.674 3.322484
115059  52.103  0.587  -24.825 3.520991
115060  51.535  0.132  -24.529 3.466200
115061  51.277  0.754  -24.612 3.331125
115062  50.576  1.023  -24.351 3.141076
115063  49.961  1.323  -23.957 2.963842
115064  49.588  1.547  -23.312 2.807647
115065  49.829  2.001  -23.930 2.812695
115072  52.920  5.347  -26.396 3.181902
115073  52.079  5.372  -26.314 3.068193
115074  52.208  5.881  -26.394 3.107836
115075  51.521  6.429  -26.438 3.051702
115076  50.848  6.914  -26.376 3.013166
115077  49.974  7.386  -26.138 2.991115
115078  50.688  7.421  -26.565 3.090894
115079  50.280  7.729  -26.829 3.160372
115080  49.924  8.102  -27.270 3.220012
115081  49.581  8.485  -27.689 3.268908
115082  50.587  8.211  -27.428 3.214327
115083  51.230  8.374  -27.547 3.150676
115084  51.782  8.590  -27.668 3.022445
115893  47.183  16.589  -23.607 4.194835
115894  46.647  16.906  -24.298 4.319158
115895  46.525  15.960  -24.503 4.159390
115896  45.808  15.344  -25.410 4.120619
115897  45.197  14.738  -26.209 4.077423
115898  45.391  13.547  -25.900 3.898417
115899  44.996  13.855  -26.457 3.976942
115900  44.575  14.123  -27.024 4.027682
115901  43.987  13.661  -27.892 3.967782
115902  43.606  13.313  -28.835 3.892627
115903  43.657  13.078  -29.783 3.795963
115904  43.942  12.934  -30.556 3.671342
115905  44.056  12.530  -30.099 3.730413
115906  44.731  12.054  -30.382 3.651280
115908  45.192  11.221  -29.618 3.672287
116537  50.835  4.271  -12.819 3.367007
116539  50.976  4.019  -12.451 3.258847
116540  51.148  5.502  -12.589 3.380472
116541  51.468  6.667  -12.352 3.322829
116542  51.754  7.914  -12.149 3.207232
116543  52.099  9.142  -11.975 3.047814
120639  45.638  13.109  -21.330 6.512426
120640  45.243  13.312  -21.792 6.455285
120641  45.043  14.452  -21.845 6.744302
120642  44.444  15.768  -22.374 6.883429
120643  43.882  16.932  -23.145 6.921615
120644  44.237  17.896  -22.881 6.989615
120645  43.813  17.925  -23.408 6.955307
120646  43.389  17.817  -23.861 6.856973
120647  42.957  18.495  -24.539 6.693765
120648  42.514  19.118  -25.209 6.441041
120649  42.167  19.464  -25.920 6.110775
120650  42.676  18.927  -28.851 4.057822
120651  42.535  19.411  -28.533 4.186148
120652  42.094  19.178  -29.319 3.833785
120653  41.557  19.491  -29.828 3.573644
120654  40.862  19.639  -30.556 3.286914
122564  47.827  5.653  -18.471 4.154574
122566  48.046  5.581  -18.128 4.182273
122567  48.081  6.973  -18.391 4.620868
122568  48.212  8.386  -18.351 5.027447
122569  48.266  9.758  -18.309 5.359637
122570  48.287  11.186  -18.298 5.609055
122571  50.310  12.820  -15.390 4.833247
122572  49.999  13.055  -15.784 5.024896
122573  50.187  14.024  -15.665 4.909962
122574  50.056  15.086  -15.965 4.942926
122575  49.979  15.846  -16.341 4.933835
122576  50.604  16.003  -15.949 4.461529
122577  50.264  16.260  -16.369 4.684917
122578  49.915  16.464  -16.768 4.888834
122579  49.853  16.916  -17.225 4.817513
122580  49.744  17.186  -17.701 4.731049
122581  49.604  17.379  -18.188 4.640200
122582  49.432  17.504  -18.674 4.553757
122583  49.856  17.176  -18.339 4.357096
122584  50.073  16.940  -18.444 4.078782
122585  50.238  16.621  -18.551 3.811114
122586  50.825  16.303  -17.676 3.656212
122587  50.638  16.273  -18.198 3.600871
122588  50.420  16.211  -18.723 3.558187
122589  50.530  15.736  -18.900 3.322831
122590  50.640  15.211  -19.101 3.107053
122591  50.717  14.532  -19.279 2.912272
127349  42.073  13.724  -24.702 4.890314
127350  42.322  12.710  -24.554 4.645610
127351  41.681  13.665  -25.049 4.651288
127352  41.242  13.578  -25.404 4.421690
127353  40.770  13.556  -25.855 4.204658
128527  55.090  -1.529  -24.090 3.827949
128528  53.634  -1.793  -24.109 3.754601
128529  54.493  -1.211  -24.292 3.867700
128530  54.018  -0.681  -24.557 3.857801
128531  53.473  -0.100  -24.792 3.797466
128532  55.662  0.774  -24.941 3.904583
128533  54.281  0.472  -25.000 3.827200
128534  53.076  0.472  -24.986 3.693084
128535  52.698  1.117  -25.113 3.555994
128536  52.252  1.808  -25.303 3.399427
128537  51.882  2.458  -25.418 3.235930
128538  51.480  3.170  -25.533 3.075891
128539  52.284  3.014  -25.709 3.259230
128540  52.747  3.579  -25.944 3.274956
128541  53.196  4.226  -26.147 3.280294
128542  54.604  3.696  -25.710 3.489402
128543  54.204  4.252  -26.018 3.377154
128544  53.617  4.832  -26.257 3.272742
128545  53.758  5.420  -26.412 3.250542
128546  53.845  6.155  -26.533 3.212913
128547  53.757  6.835  -26.796 3.160107
128548  53.466  7.471  -27.050 3.093304
128549  54.172  6.980  -26.992 3.076996
128550  54.479  7.112  -27.204 2.927253
128552  55.661  5.922  -26.914 2.899819
130521  45.761  19.410  -22.185 6.035619
130522  45.272  19.606  -22.756 6.163214
130523  45.542  19.596  -22.852 5.897664
130524  45.294  19.701  -23.605 5.731887
130525  45.027  19.729  -24.413 5.538346
130526  45.753  19.307  -24.041 5.235890
130527  45.265  19.493  -24.628 5.296979
130528  44.735  19.708  -25.160 5.317889
130529  44.422  19.579  -25.928 5.072835
130530  44.103  19.374  -26.701 4.807398
130531  43.683  19.038  -27.540 4.527437
130532  46.178  17.143  -24.869 4.418411
130533  45.680  17.369  -25.498 4.487383
130534  45.212  17.654  -26.084 4.521310
130535  44.426  16.225  -27.082 4.244263
130536  44.618  17.121  -26.923 4.370112
130537  44.698  17.908  -26.695 4.516158
130538  44.240  18.151  -27.299 4.468786
130539  43.775  18.420  -27.781 4.377028
130540  43.184  18.634  -28.387 4.239859
130541  42.643  18.281  -29.147 3.951729
130542  42.102  17.945  -29.909 3.669667
130543  41.666  17.591  -30.784 3.399506
130544  41.999  16.457  -30.523 3.578190
130545  41.766  16.891  -31.094 3.375465
130546  41.402  17.280  -31.744 3.146383
130560  44.340  12.828  -31.272 3.513480
132263  49.434  5.361  -15.773 4.076460
132265  49.602  5.110  -15.389 4.022259
132266  49.702  6.648  -15.646 4.354218
132267  49.934  8.093  -15.487 4.558837
132268  50.071  9.252  -15.353 4.687415
132269  50.232  10.509  -15.292 4.739257
132271  50.325  4.681  -13.971 3.696939
132272  50.473  6.253  -14.148 3.944421
132273  50.929  7.326  -13.526 3.843176
132274  50.733  7.424  -13.938 4.013144
132275  50.523  7.682  -14.362 4.172030
132276  50.527  9.035  -14.594 4.378919
132277  50.489  10.308  -14.845 4.561840
132278  50.410  11.573  -15.120 4.715397
132279  50.606  12.596  -14.969 4.618870
132280  50.779  13.552  -14.839 4.455407
132281  51.010  14.334  -14.725 4.234137
132282  51.388  13.147  -13.998 3.919178
132283  51.342  14.102  -14.318 3.956489
132284  51.291  14.827  -14.690 3.967634
132285  51.617  15.060  -14.611 3.671045
132286  51.924  15.086  -14.693 3.360593
132287  52.255  15.031  -14.697 3.051799
137658  54.989  -2.617  -23.663 3.597226
137666  56.486  -2.192  -23.592 3.638309
137667  55.922  -1.803  -23.807 3.746874
137668  56.683  -0.959  -23.913 3.847347
137669  57.218  -0.204  -24.093 3.894520
137670  57.673  0.548  -24.302 3.887965
137671  58.558  0.323  -24.166 3.705786
137672  58.219  0.749  -24.376 3.778882
137673  57.859  1.129  -24.633 3.830172
137674  57.866  1.666  -24.983 3.725404
137675  57.825  2.223  -25.417 3.578503
137676  57.711  2.729  -25.838 3.394227
137677  57.512  3.281  -26.137 3.176929
137678  57.850  2.646  -26.058 3.173010
137679  57.898  2.461  -26.310 2.933074
137681  58.591  1.119  -25.921 2.928024
143208  44.991  6.911  -21.858 3.519428
143209  44.845  8.066  -22.159 3.936129
143210  45.317  8.796  -21.828 4.508215
143211  44.946  8.992  -22.191 4.414025
143212  44.601  9.209  -22.517 4.318421
143213  44.227  10.327  -22.938 4.645316
143214  43.737  11.499  -23.420 4.898155
143215  43.176  12.662  -23.940 5.063387
143216  44.887  13.331  -22.178 6.356718
143217  44.568  13.361  -22.536 6.218368
143218  44.172  13.450  -22.923 6.044557
143219  43.362  15.671  -23.644 6.425108
143220  43.561  14.599  -23.433 6.166104
143221  43.786  13.510  -23.344 5.841658
143222  43.366  13.605  -23.719 5.617209
143223  42.971  13.612  -24.054 5.379097
143224  42.527  13.712  -24.423 5.134656
143225  41.856  14.657  -24.986 5.113249
143226  41.207  15.547  -25.587 5.006953
143227  40.616  16.358  -26.344 4.827884
143228  40.868  17.280  -26.223 5.229599
143229  40.490  17.184  -26.682 4.901686
143230  40.210  16.956  -27.164 4.589872
143234  44.763  19.693  -23.362 6.256866
143235  44.298  19.773  -23.916 6.308513
143236  43.763  19.840  -24.516 6.310106
143237  43.719  20.054  -25.321 5.775342
143238  43.484  20.031  -25.199 6.021298
143239  43.242  19.893  -25.064 6.254506
143240  42.761  19.764  -25.593 6.136824
143241  42.304  19.714  -26.047 5.956038
143242  41.891  19.772  -26.550 5.716403
143243  42.430  19.784  -28.245 4.336677
143244  42.283  20.008  -28.020 4.507757
143245  42.154  20.154  -27.762 4.695343
143246  41.131  20.237  -29.148 3.952448
143247  41.598  20.224  -28.340 4.423856
143248  41.970  20.210  -27.550 4.892456
143249  41.768  20.125  -27.326 5.088957
143250  41.618  20.031  -27.204 5.272094
143251  41.462  19.856  -27.014 5.427858
143252  40.983  19.767  -27.442 5.105091
143253  40.526  19.649  -27.841 4.765318
143254  40.030  19.674  -28.467 4.425588
148193  45.927  6.317  -20.944 3.684974
148195  46.198  6.198  -20.635 3.748893
148196  46.128  7.285  -20.881 4.222991
148197  46.268  8.326  -20.810 4.767377
148198  46.305  9.435  -20.830 5.295815
148199  46.234  10.742  -20.884 5.782480
148201  47.227  5.901  -19.410 4.010919
148202  47.180  7.087  -19.690 4.487042
148203  47.534  8.332  -19.321 5.022980
148204  47.290  8.371  -19.646 4.995825
148205  47.028  8.339  -19.980 4.955785
148206  46.817  9.552  -20.275 5.406734
148207  46.518  10.747  -20.594 5.826999
148208  46.095  11.973  -20.952 6.201197
148209  45.906  13.293  -21.044 6.529316
148210  45.702  14.499  -21.086 6.751472
148211  45.471  15.820  -21.204 6.861996
148212  46.248  14.751  -20.428 6.607607
148213  45.791  15.818  -20.821 6.770032
148214  45.387  16.886  -21.308 6.865543
148215  45.395  17.887  -21.470 6.775540
148216  45.502  18.542  -21.463 6.611315
148217  45.717  18.927  -21.588 6.394477
148219  48.843  5.467  -16.756 4.181319
148220  48.910  6.910  -17.028 4.570942
148221  49.290  8.422  -16.650 4.814895
148222  49.079  8.468  -16.984 4.877155
148223  48.883  8.343  -17.333 4.929542
148224  48.752  9.798  -17.647 5.251921
148225  48.530  11.174  -17.928 5.533924
148226  48.253  12.507  -18.220 5.772460
148227  49.709  13.309  -16.157 5.195279
148228  49.441  13.368  -16.551 5.347365
148229  49.134  13.480  -16.970 5.485059
148230  49.034  15.522  -17.157 5.468515
148231  48.879  14.669  -17.283 5.576053
148232  48.811  13.614  -17.390 5.612457
148233  48.516  13.700  -17.737 5.733309
148234  48.243  13.710  -18.123 5.850499
148235  47.912  13.719  -18.523 5.965703
148236  47.527  14.932  -18.914 6.113129
148237  47.161  16.033  -19.299 6.215591
148238  46.826  17.021  -19.698 6.275097
148239  47.400  17.590  -19.228 5.939302
148240  46.965  17.704  -19.703 6.116649
148241  46.551  17.825  -20.156 6.294558
148242  46.336  18.391  -20.633 6.277373
148243  46.137  18.846  -21.142 6.226806
148244  45.949  19.196  -21.692 6.145610
148245  46.229  19.209  -21.695 5.881815
148246  46.451  19.258  -21.866 5.615461
148247  46.699  19.156  -21.990 5.354323
148248  47.387  18.782  -20.914 5.257998
148249  47.174  18.878  -21.470 5.182880
148250  46.920  18.952  -22.081 5.102609
148251  47.173  18.640  -22.328 4.862442
148252  47.461  18.120  -22.578 4.635340
148253  47.521  17.670  -22.802 4.423050
148254  49.263  17.542  -19.186 4.477564
148255  49.051  17.583  -19.718 4.414262
148256  48.783  17.614  -20.311 4.363607
148257  49.365  16.832  -20.140 3.932201
148258  48.965  17.217  -20.459 4.129211
148259  48.457  17.630  -20.972 4.323164
148260  48.184  17.560  -21.614 4.289339
148261  47.865  17.376  -22.293 4.258431
148262  47.513  17.080  -23.007 4.227544
148263  47.468  16.243  -23.253 4.050683
148264  47.438  15.320  -23.480 3.893649
148265  47.236  14.319  -23.705 3.756659
148266  48.197  14.400  -22.663 3.569944
148267  47.610  13.805  -23.327 3.602793
148268  46.986  13.318  -23.937 3.638989
148269  46.779  12.414  -24.288 3.539119
148270  46.641  11.536  -24.698 3.455072
148271  46.608  10.782  -25.176 3.384691
160524  43.836  7.700  -22.820 3.403615
160530  42.396  11.854  -24.464 4.386914
160531  42.466  10.963  -24.348 4.120803
160532  42.431  10.042  -24.255 3.852698
160533  41.487  11.039  -24.944 3.874313
160534  41.913  10.143  -24.559 3.766905
160535  42.272  9.198  -24.156 3.586764
163281  51.919  5.831  -11.058 2.937726
163282  52.068  7.272  -11.202 2.907745
163283  52.247  8.641  -11.436 2.880355
163284  52.373  9.876  -11.699 2.858592
163293  52.464  11.034  -11.961 2.843123
163294  52.504  12.073  -12.218 2.832842
163295  52.541  12.896  -12.482 2.825459
163296  52.593  13.559  -12.805 2.818254
163299  52.655  14.069  -13.188 2.808835
163348  49.821  12.784  -20.637 2.837476
163349  49.328  12.179  -21.323 2.904204
163350  48.770  11.592  -22.105 2.981024
163352  48.669  10.668  -22.414 2.893768
163353  48.204  11.095  -22.932 3.065603
163354  47.668  10.720  -23.738 3.154554
163355  47.092  10.407  -24.563 3.243289
163356  46.686  10.110  -25.486 3.325876
163555  52.413  -1.790  -24.081 3.636556
163556  51.438  -1.568  -23.999 3.489631
163557  50.704  -1.345  -23.839 3.331790
163558  50.991  -0.287  -24.239 3.391093
163559  50.535  -0.669  -23.915 3.295197
163560  50.122  -1.080  -23.515 3.178969
163582  51.013  3.835  -25.642 2.926961
163585  51.304  5.484  -26.093 2.922942
163593  48.212  8.478  -24.468 2.869236
163594  49.024  7.777  -25.896 2.984202
163595  48.164  8.234  -25.510 2.991323
163596  47.681  8.725  -24.956 3.011787
163597  47.305  9.049  -25.500 3.148444
163598  46.901  9.397  -26.190 3.276791
163599  46.469  9.814  -26.673 3.394932
163600  46.550  9.631  -27.705 3.441635
163601  46.982  9.609  -28.436 3.455877
163602  47.574  9.660  -28.972 3.426841
163603  49.242  8.888  -28.231 3.306452
163604  48.755  9.290  -28.770 3.331909
163605  48.278  9.758  -29.331 3.344135
163609  53.086  7.933  -27.165 3.014320
163610  52.697  8.349  -27.483 2.925189
163611  52.244  8.780  -27.902 2.827991
163627  57.283  3.831  -26.483 2.930728
