#!ascii label , from subject fsaverage
1121
68  -36.912  -69.143  46.603 4.674497
135  -36.224  -84.688  25.995 3.971069
188  -45.840  -58.462  42.013 4.026361
296  -33.793  -79.485  39.342 3.976954
411  -40.015  -61.021  40.971 3.456509
1245  -36.224  -65.360  42.013 3.802960
1247  -33.238  -69.734  44.309 3.558222
1248  -33.644  -83.225  32.842 4.357468
1249  -31.089  -80.894  36.045 4.156431
1250  -32.080  -83.274  29.116 3.714081
1490  -43.989  -55.897  39.768 3.455606
1683  -38.336  -71.670  44.670 3.407699
1684  -34.540  -74.620  45.741 3.884964
1919  -38.846  -64.669  43.886 4.915375
1920  -42.934  -60.690  41.260 3.888141
1921  -41.814  -64.234  45.308 4.098757
1922  -40.347  -68.023  46.219 4.514709
2330  -31.016  -74.623  43.986 3.676247
2331  -29.878  -73.819  40.716 3.449131
3165  -36.502  -67.185  44.460 4.428884
3166  -34.776  -67.348  43.480 3.621666
3167  -35.001  -69.735  45.438 4.136759
3168  -34.761  -83.949  29.197 4.206377
3169  -32.647  -84.095  31.239 4.323618
3170  -34.162  -84.656  27.585 4.080888
3171  -33.674  -83.494  25.796 3.545298
3172  -35.481  -84.590  24.700 3.710526
3174  -36.953  -85.202  23.511 3.562786
4213  -37.901  -62.972  41.712 4.271077
4214  -39.090  -62.614  42.749 4.324339
4215  -44.968  -57.451  41.012 4.187337
4216  -43.916  -58.246  40.138 3.829518
4217  -44.570  -59.590  41.393 4.035594
4219  -43.700  -63.989  44.450 3.538254
4220  -43.213  -65.690  45.335 3.707889
4221  -41.294  -66.074  46.085 4.393671
4222  -41.913  -67.327  45.050 3.897334
4223  -40.464  -68.742  44.409 3.788229
5183  -33.787  -77.327  42.900 3.813650
5184  -32.147  -75.136  45.327 3.844950
5185  -32.077  -77.903  41.728 4.002461
5186  -30.486  -79.865  33.684 3.613775
5187  -31.081  -77.274  38.170 3.776265
5188  -31.319  -76.454  36.120 3.446600
6854  -33.595  -81.602  35.977 4.271196
6855  -32.148  -80.599  37.968 4.320035
6856  -32.006  -83.058  34.577 4.475105
6857  -31.101  -82.595  32.607 3.984163
7767  -37.871  -70.704  46.838 4.266428
7768  -35.924  -71.911  46.846 4.200045
7769  -36.927  -73.095  45.470 3.662826
7775  -35.077  -81.016  33.824 3.615507
7776  -34.995  -81.738  30.827 3.671050
7777  -36.677  -82.975  27.505 3.625431
7778  -37.629  -84.163  24.520 3.612773
8361  -36.867  -63.290  40.660 3.847770
8362  -37.629  -65.216  42.979 4.603368
8363  -38.179  -66.886  45.328 5.001879
8366  -41.591  -61.069  41.416 3.638947
8367  -43.936  -62.011  42.534 3.653675
8368  -42.261  -62.557  43.367 3.916284
8369  -40.841  -62.505  43.563 4.146683
8370  -40.223  -64.284  44.979 4.628541
8371  -39.594  -66.354  45.761 4.932742
8372  -38.784  -68.519  46.863 4.819185
8373  -39.293  -69.674  45.759 4.127632
9548  -33.612  -72.595  46.218 3.903505
9549  -31.649  -72.530  45.325 3.565785
9551  -31.406  -77.726  39.971 3.952252
9552  -30.097  -74.093  42.568 3.560198
10845  -36.615  -68.128  45.719 4.629562
10846  -35.675  -68.323  45.207 4.283503
10847  -35.847  -69.437  46.139 4.438898
10848  -35.644  -84.416  27.542 4.100401
10849  -34.492  -84.530  28.288 4.219646
10850  -35.226  -84.850  26.763 4.075620
10851  -34.932  -84.648  26.227 3.918311
10852  -35.841  -84.791  25.295 3.888077
10853  -36.211  -84.966  24.132 3.652040
10854  -36.630  -84.879  24.598 3.796999
11892  -39.056  -60.982  40.761 3.407515
11893  -38.548  -61.830  41.553 3.894369
11894  -39.464  -61.749  41.992 3.897730
11895  -45.376  -57.989  41.542 4.251743
11896  -44.785  -58.438  41.205 4.178065
11897  -45.258  -58.951  41.645 4.039738
11900  -43.669  -66.241  44.661 3.485375
11901  -42.687  -66.546  45.279 3.820599
11902  -42.862  -66.975  44.411 3.564163
11903  -41.924  -67.594  44.025 3.593700
12863  -33.789  -78.573  40.977 3.865351
12864  -32.771  -77.843  42.417 3.952862
12865  -32.914  -79.134  40.539 4.064090
12867  -30.962  -78.215  34.841 3.506509
15255  -36.061  -64.229  40.800 3.527232
15257  -35.340  -65.190  41.559 3.428885
15258  -34.015  -68.486  43.910 3.577364
15263  -33.511  -82.489  34.377 4.354689
15264  -32.765  -82.565  35.343 4.474903
15265  -32.824  -83.331  33.768 4.492024
15266  -32.300  -83.905  30.275 4.066838
15267  -31.678  -83.628  32.100 4.187195
15268  -31.376  -82.970  30.967 3.835535
15269  -30.733  -81.673  31.405 3.586401
15270  -31.269  -82.096  29.743 3.416870
15273  -34.204  -83.549  24.387 3.441595
17055  -38.172  -71.242  45.900 3.865761
17056  -37.368  -71.954  46.309 3.945116
17057  -37.731  -72.429  45.044 3.522151
17071  -34.917  -80.285  35.110 3.496430
17076  -35.679  -82.359  29.171 3.644089
18398  -36.457  -62.147  39.599 3.482751
18399  -36.926  -62.136  40.079 3.647423
18400  -38.392  -63.820  42.840 4.673625
18401  -37.851  -64.104  42.223 4.524789
18402  -38.283  -64.986  43.416 4.848245
18403  -37.961  -66.059  44.194 4.872444
18404  -38.578  -65.759  44.588 5.021829
18408  -43.484  -59.572  40.614 3.884236
18409  -43.248  -58.796  39.774 3.565793
18410  -42.744  -59.935  40.448 3.663797
18411  -41.964  -60.049  40.383 3.431283
18412  -42.163  -60.883  41.395 3.764126
18414  -44.800  -61.354  42.353 3.492620
18416  -42.738  -64.081  45.015 3.817296
18417  -42.943  -63.242  44.043 3.771037
18418  -42.056  -63.366  44.339 3.986293
18419  -41.552  -62.553  43.519 4.033231
18420  -41.302  -63.398  44.518 4.198160
18421  -40.509  -63.359  44.414 4.399459
18422  -41.011  -64.231  45.298 4.375388
18423  -40.908  -67.028  46.142 4.502985
18424  -40.468  -66.224  46.078 4.700856
18425  -40.035  -67.251  46.339 4.771845
18426  -39.178  -67.520  46.353 4.941153
18427  -39.566  -68.287  46.651 4.718824
18428  -39.065  -69.245  46.649 4.525035
18429  -39.789  -68.884  46.107 4.388531
18430  -40.501  -69.002  43.335 3.423599
18431  -39.924  -69.504  43.882 3.570037
21308  -35.204  -73.278  46.508 4.010903
21309  -34.762  -72.336  46.622 4.074227
21310  -33.931  -73.721  46.444 3.956204
21311  -31.528  -74.889  44.722 3.759452
21312  -31.875  -73.734  45.582 3.719044
21313  -31.054  -73.631  45.066 3.601617
21314  -30.891  -72.248  44.777 3.448347
21315  -30.460  -73.214  44.432 3.512232
21316  -31.577  -80.793  37.081 4.294495
21317  -31.694  -79.396  38.646 4.159320
21318  -31.324  -79.455  37.791 4.092392
21319  -30.797  -75.648  39.666 3.611360
21320  -30.698  -75.782  40.645 3.688589
21321  -29.926  -74.081  41.574 3.508537
21375  -38.281  -83.630  23.990 3.402148
21376  -38.028  -84.583  23.287 3.531850
24129  -36.370  -66.271  43.188 4.126647
24130  -35.441  -66.362  42.748 3.700552
24131  -35.610  -67.344  43.989 4.011683
24132  -34.848  -68.518  44.549 3.909422
24133  -34.109  -69.779  44.821 3.825590
24134  -33.947  -83.493  31.118 4.297455
24135  -33.068  -83.850  32.137 4.434919
24136  -33.681  -84.126  30.201 4.337304
24137  -33.472  -84.408  29.282 4.209123
24138  -33.108  -84.150  28.362 3.956562
24139  -32.990  -83.564  27.473 3.626416
24140  -33.928  -84.307  26.806 3.840321
24141  -34.549  -84.242  25.383 3.692556
24142  -35.172  -84.251  23.957 3.509329
24144  -35.826  -84.692  23.398 3.470024
26015  -37.399  -61.994  40.579 3.779856
26016  -37.885  -61.913  41.123 3.861048
26017  -38.399  -62.813  42.283 4.341824
26018  -39.000  -63.624  43.361 4.677176
26019  -44.452  -56.716  40.410 3.881889
26020  -44.101  -57.033  39.927 3.686724
26021  -44.512  -57.784  40.555 4.035295
26022  -44.205  -58.952  40.762 4.060182
26023  -43.821  -60.187  41.181 3.985208
26027  -43.475  -64.856  45.159 3.600972
26028  -42.539  -64.992  45.584 3.919665
26029  -41.657  -65.123  45.777 4.243431
26030  -42.248  -65.913  45.799 4.051518
26031  -41.791  -66.788  45.872 4.171911
26032  -41.054  -67.669  45.637 4.228639
26033  -40.455  -68.471  45.400 4.172919
26034  -41.132  -67.976  44.745 3.896556
26035  -41.060  -68.213  43.730 3.551588
27761  -34.043  -75.978  44.468 3.820946
27762  -33.129  -75.075  45.592 3.898097
27763  -32.852  -76.406  44.380 3.897567
27764  -31.972  -76.455  43.792 3.895943
27765  -31.473  -76.177  43.005 3.851736
27766  -30.722  -80.600  34.922 3.922066
27767  -30.927  -79.301  36.822 3.958480
27768  -30.844  -78.960  35.751 3.758753
27769  -31.164  -77.023  37.219 3.626989
27770  -31.005  -75.263  38.644 3.512592
27772  -31.285  -74.769  37.366 3.406650
29997  -46.400  -58.908  42.391 3.589187
29998  -45.695  -59.394  42.097 3.658280
31352  -33.694  -80.536  37.630 4.128096
31353  -32.921  -80.177  38.845 4.217568
31354  -32.871  -81.413  36.999 4.372695
31355  -31.969  -81.996  36.244 4.441165
31356  -31.424  -82.141  35.363 4.344738
31357  -32.129  -83.771  32.989 4.423289
31358  -31.433  -83.062  33.721 4.296580
31359  -30.995  -81.963  34.244 4.111686
31360  -30.564  -81.339  33.009 3.778127
33699  -37.451  -69.983  47.086 4.548553
33700  -36.422  -70.479  46.881 4.434158
33701  -36.963  -71.304  47.005 4.263139
33702  -36.447  -72.591  46.481 4.002017
33703  -35.793  -73.897  45.684 3.797762
33705  -36.453  -74.287  44.270 3.440517
33706  -35.259  -75.158  44.514 3.657573
33707  -34.859  -76.422  43.036 3.577440
33708  -34.634  -77.679  41.183 3.559011
33709  -34.588  -78.605  39.578 3.609883
33718  -34.541  -79.567  37.968 3.726118
33719  -34.344  -80.482  36.475 3.876444
33720  -34.268  -81.444  34.923 4.007881
33721  -34.279  -82.142  33.299 4.075409
33723  -34.900  -81.443  32.437 3.672377
33724  -34.328  -82.496  31.827 4.070148
33725  -34.904  -83.017  29.976 4.017743
33726  -35.854  -83.581  28.316 3.951621
33727  -36.576  -84.104  26.600 3.886592
33728  -36.963  -84.436  25.206 3.807407
33729  -37.298  -83.581  25.863 3.624502
35368  -36.371  -63.179  40.164 3.572474
35369  -36.702  -64.379  41.289 3.879094
35370  -37.432  -63.207  41.147 4.098625
35371  -37.289  -64.347  41.787 4.239146
35372  -36.973  -65.357  42.472 4.224090
35373  -37.181  -66.241  43.686 4.550416
35374  -37.370  -67.049  44.895 4.785235
35375  -37.499  -67.888  46.023 4.876301
35379  -43.578  -57.471  39.459 3.437046
35384  -40.881  -61.047  41.288 3.533121
35385  -45.066  -60.138  41.936 3.754373
35386  -44.266  -60.859  41.907 3.832980
35387  -43.378  -61.477  41.960 3.875617
35388  -43.825  -63.069  43.465 3.550806
35389  -43.097  -62.417  42.965 3.792828
35390  -42.451  -61.714  42.232 3.888050
35391  -41.819  -61.763  42.466 3.886620
35392  -41.195  -61.792  42.499 3.885489
35393  -40.434  -61.749  42.302 3.890467
35394  -40.003  -62.530  43.270 4.249746
35395  -39.678  -63.421  43.912 4.570631
35396  -39.522  -64.434  44.463 4.824859
35397  -40.769  -65.132  45.728 4.552819
35398  -39.991  -65.327  45.403 4.816341
35399  -39.152  -65.513  44.926 4.990026
35400  -38.880  -66.683  45.540 5.046067
35401  -38.382  -67.765  46.282 4.981893
35402  -37.945  -68.859  46.846 4.805387
35403  -38.388  -69.606  46.963 4.578494
35404  -38.648  -70.257  46.335 4.220177
35405  -38.785  -70.706  45.242 3.779571
35406  -39.877  -69.246  45.054 3.984161
35407  -39.340  -70.078  44.568 3.685049
38882  -35.475  -70.893  46.388 4.243308
38883  -34.449  -71.172  45.855 4.004352
38884  -33.325  -71.136  45.336 3.761346
38885  -32.730  -73.844  46.056 3.848252
38886  -32.528  -72.564  45.738 3.722781
38887  -32.418  -71.255  44.923 3.554451
38888  -31.787  -71.222  44.469 3.402725
38891  -32.238  -79.298  39.741 4.155283
38892  -31.727  -77.812  40.866 3.993804
38893  -31.168  -76.064  42.223 3.797922
38894  -31.063  -77.561  39.189 3.882821
38895  -30.865  -75.900  41.521 3.746310
38896  -30.514  -74.277  43.299 3.611426
38897  -29.874  -72.928  43.702 3.446328
38963  -37.327  -84.821  23.989 3.676575
38964  -37.648  -85.221  22.701 3.459079
41565  -36.721  -68.659  46.208 4.673295
41566  -36.220  -68.764  45.981 4.536765
41567  -36.374  -69.305  46.411 4.568047
41568  -35.961  -84.624  26.742 4.039921
41569  -35.452  -84.699  27.139 4.108271
41570  -35.753  -84.833  26.389 4.033121
41571  -35.553  -84.831  26.088 3.988063
41572  -36.061  -84.787  25.657 3.946748
41573  -36.267  -84.842  24.953 3.847550
41574  -36.435  -84.772  25.257 3.890921
42612  -39.535  -61.005  40.866 3.429068
42613  -39.254  -61.389  41.368 3.662317
42614  -39.709  -61.350  41.486 3.674877
42615  -45.597  -58.273  41.785 4.173316
42616  -45.334  -58.484  41.593 4.160883
42617  -45.551  -58.727  41.831 4.032440
42621  -43.313  -66.636  44.590 3.529386
42622  -43.376  -66.752  44.109 3.408502
42623  -42.896  -67.077  43.932 3.432678
43583  -33.825  -78.973  40.165 3.914239
43584  -33.365  -78.929  40.742 3.978981
43585  -33.365  -79.371  40.032 4.041400
45975  -36.145  -64.822  41.405 3.656178
45976  -35.707  -64.702  41.175 3.479393
45977  -35.757  -65.295  41.801 3.605914
45978  -33.643  -69.103  44.036 3.565425
45979  -33.631  -68.451  43.655 3.441319
45980  -33.258  -69.115  43.864 3.444009
45982  -32.879  -69.788  44.096 3.450780
45983  -33.594  -82.894  33.593 4.365790
45984  -33.183  -83.017  34.178 4.450372
45985  -33.254  -83.334  33.330 4.444763
45986  -32.100  -83.594  29.703 3.899577
45987  -31.790  -83.455  30.658 3.958146
45988  -31.670  -83.111  30.063 3.769945
45989  -31.304  -82.593  30.334 3.631808
45990  -31.645  -82.769  29.463 3.566955
45992  -32.024  -82.951  28.703 3.515403
47775  -38.258  -71.476  45.330 3.639281
47776  -37.925  -71.872  45.514 3.689666
47777  -38.042  -72.067  44.836 3.460522
49118  -36.691  -61.552  39.563 3.432954
49119  -36.891  -61.566  39.779 3.485950
49120  -38.644  -64.244  43.370 4.816545
49121  -38.367  -64.420  43.126 4.781236
49122  -38.571  -64.837  43.643 4.904018
49123  -38.430  -65.346  44.002 4.954677
49124  -38.721  -65.214  44.247 4.985195
49128  -43.233  -60.224  40.885 3.889473
49129  -43.130  -59.782  40.533 3.777819
49130  -42.782  -60.306  40.892 3.803380
49131  -42.410  -60.391  40.907 3.711970
49132  -42.493  -60.784  41.297 3.827880
49136  -42.243  -64.193  45.209 3.957959
49137  -42.369  -63.752  44.705 3.911876
49138  -41.937  -63.797  44.865 4.037559
49139  -41.668  -63.388  44.446 4.092847
49140  -41.533  -63.780  44.940 4.162562
49141  -41.140  -63.808  44.981 4.285688
49142  -41.408  -64.237  45.336 4.238533
49143  -40.629  -67.519  46.140 4.524341
49144  -40.473  -67.156  46.279 4.647714
49145  -40.233  -67.669  46.395 4.655099
49146  -39.807  -67.767  46.529 4.762915
49147  -39.973  -68.180  46.491 4.628728
49148  -39.710  -68.629  46.463 4.565882
49149  -40.050  -68.470  46.203 4.469865
52028  -34.827  -73.987  46.261 3.939799
52029  -34.570  -73.555  46.523 3.991529
52030  -34.161  -74.188  46.253 3.938499
52031  -31.285  -74.824  44.346 3.716010
52032  -31.310  -74.282  45.002 3.680783
52033  -30.989  -74.072  44.659 3.633253
52034  -30.694  -73.378  44.807 3.553276
52035  -30.665  -73.833  44.316 3.591920
52036  -31.325  -80.875  36.573 4.238567
52037  -31.425  -80.125  37.449 4.196875
52038  -31.205  -80.188  36.947 4.137223
52039  -30.379  -74.715  40.260 3.531232
52040  -30.343  -74.804  40.734 3.566285
52041  -29.862  -73.901  41.172 3.479692
52042  -29.392  -73.267  41.917 3.419220
55575  -36.441  -66.762  43.805 4.285689
55576  -35.982  -66.809  43.569 4.068658
55577  -36.041  -67.274  44.223 4.222044
55578  -35.287  -68.995  45.371 4.209333
55579  -35.234  -68.407  44.918 4.095138
55580  -34.879  -69.092  45.040 4.035100
55581  -34.460  -69.162  44.678 3.865213
55582  -34.506  -69.770  45.178 3.978576
55583  -34.297  -83.703  30.172 4.254199
55584  -33.823  -83.834  30.679 4.340383
55585  -34.225  -84.043  29.694 4.289568
55586  -34.350  -84.692  27.912 4.166414
55587  -34.015  -84.506  28.776 4.231766
55588  -33.841  -84.540  28.366 4.147862
55589  -33.321  -84.366  28.815 4.095318
55590  -33.652  -84.424  27.967 4.035512
55591  -33.527  -84.240  27.567 3.901017
55592  -34.021  -84.493  27.236 3.969983
55593  -35.222  -84.608  25.454 3.819748
55594  -34.757  -84.465  25.856 3.810446
55595  -35.055  -84.459  25.096 3.714682
55596  -34.825  -84.262  24.666 3.604557
55597  -35.303  -84.436  24.358 3.610080
55598  -35.493  -84.479  23.664 3.499359
55599  -35.642  -84.652  24.081 3.593028
55600  -36.580  -85.077  23.834 3.609444
55601  -36.346  -85.037  23.501 3.519037
55602  -36.710  -85.206  23.146 3.472376
55604  -37.088  -85.334  22.786 3.422891
58718  -37.616  -61.434  40.486 3.599235
58719  -37.952  -61.395  40.737 3.621266
58720  -38.817  -62.231  42.185 4.128229
58721  -38.444  -62.322  41.955 4.128266
58722  -38.696  -62.738  42.531 4.342296
58723  -38.667  -63.222  42.815 4.532426
58724  -39.007  -63.135  43.061 4.513070
58725  -44.705  -57.100  40.696 4.057800
58726  -44.534  -57.254  40.480 3.974184
58727  -44.734  -57.621  40.809 4.116644
58728  -44.693  -58.985  41.254 4.119800
58729  -44.508  -58.680  40.977 4.126175
58730  -44.355  -59.284  41.093 4.082625
58731  -43.996  -59.599  40.963 4.031480
58732  -44.209  -59.927  41.289 4.016838
58736  -43.677  -65.598  45.086 3.542758
58737  -43.838  -65.179  45.067 3.490856
58738  -43.342  -65.291  45.294 3.651200
58739  -42.981  -64.914  45.364 3.758943
58740  -42.874  -65.368  45.509 3.816078
58741  -42.433  -65.415  45.716 3.984124
58742  -42.731  -65.822  45.572 3.878217
58743  -42.293  -66.966  45.201 3.866138
58744  -42.231  -66.683  45.620 3.996237
58745  -41.858  -67.080  45.528 4.040225
58746  -41.445  -67.215  45.750 4.211627
58747  -41.482  -67.476  45.370 4.065903
58748  -41.102  -67.836  45.222 4.067517
58749  -41.541  -67.657  44.892 3.908970
58750  -41.943  -67.654  43.554 3.442935
58751  -41.474  -67.889  43.880 3.582801
58752  -41.466  -67.958  43.390 3.425557
61628  -33.856  -76.606  43.761 3.810241
61629  -33.384  -76.246  44.541 3.870524
61630  -33.279  -76.949  43.608 3.876141
61631  -32.357  -77.898  42.125 3.987086
61632  -32.293  -77.260  43.103 3.938800
61633  -32.022  -77.196  42.758 3.942392
61634  -31.720  -76.359  43.377 3.876722
61635  -31.814  -77.091  42.320 3.933809
61636  -30.535  -80.291  34.339 3.775334
61637  -30.668  -79.793  35.300 3.836238
61638  -30.627  -79.466  34.758 3.700907
61639  -31.181  -77.324  35.502 3.472014
61640  -31.101  -77.690  36.007 3.584517
61641  -31.227  -76.748  36.714 3.539235
61642  -31.164  -76.101  38.008 3.569047
61643  -31.248  -75.859  37.370 3.498715
61644  -31.167  -75.012  38.013 3.459122
61645  -31.333  -75.617  36.755 3.426365
68813  -35.103  -66.834  43.088 3.656723
68814  -35.040  -66.267  42.517 3.512364
68815  -34.717  -66.768  42.900 3.478973
68828  -33.622  -81.095  36.804 4.204213
68829  -33.290  -81.008  37.369 4.272079
68830  -33.251  -81.557  36.521 4.342699
68831  -32.401  -82.852  34.978 4.499588
68832  -32.383  -82.342  35.779 4.475408
68833  -32.016  -82.564  35.406 4.470160
68834  -31.701  -82.109  35.826 4.412072
68835  -31.675  -82.663  34.979 4.420739
68836  -32.851  -84.016  31.707 4.400538
68837  -32.593  -83.864  32.566 4.446436
68838  -32.356  -83.982  32.205 4.376757
68839  -31.358  -83.098  32.312 4.089835
68840  -31.572  -83.395  32.901 4.246091
68841  -31.285  -82.887  33.196 4.154031
68842  -31.205  -82.554  34.011 4.207680
68843  -31.040  -82.322  33.480 4.054669
68844  -30.772  -81.668  33.776 3.955040
68845  -30.831  -81.993  32.858 3.878077
68847  -30.497  -80.860  31.578 3.476550
68858  -33.359  -83.581  26.616 3.587232
68859  -32.954  -83.132  27.046 3.444182
68860  -33.359  -83.069  26.216 3.416074
74205  -37.681  -70.367  47.040 4.425194
74206  -37.168  -70.642  47.085 4.405846
74207  -37.401  -71.019  46.946 4.271567
74208  -37.127  -72.504  45.964 3.797171
74209  -36.907  -72.246  46.434 3.977944
74210  -36.643  -72.861  46.109 3.848214
74211  -36.163  -73.257  46.139 3.891837
74212  -36.408  -73.480  45.571 3.733667
74219  -35.874  -74.705  44.419 3.552391
74220  -35.672  -75.275  43.729 3.485039
74221  -35.060  -75.802  43.805 3.610144
74222  -35.465  -75.920  43.015 3.432895
74226  -34.630  -78.206  40.377 3.575512
74249  -34.949  -79.013  38.045 3.482826
74250  -34.886  -79.471  37.280 3.549518
74251  -34.428  -80.012  37.216 3.800093
74252  -34.730  -79.959  36.575 3.623888
74253  -35.017  -80.662  34.454 3.562421
74254  -34.607  -80.827  35.107 3.768006
74255  -34.684  -81.236  34.367 3.824459
74256  -34.258  -81.847  34.091 4.051193
74257  -34.661  -81.581  33.571 3.864216
74261  -35.166  -81.104  31.157 3.452447
74262  -35.183  -80.984  31.978 3.444842
74263  -34.856  -81.570  31.652 3.677340
74264  -34.591  -81.957  32.140 3.890056
74265  -34.659  -82.103  31.348 3.880526
74266  -34.578  -82.732  30.895 4.047553
74267  -34.945  -82.371  30.442 3.861688
74268  -36.175  -82.734  28.337 3.632337
74269  -35.756  -83.071  28.721 3.814739
74270  -36.271  -83.323  27.896 3.793494
74271  -36.279  -83.830  27.477 3.919217
74272  -36.730  -83.573  26.971 3.775350
74273  -36.935  -83.833  26.216 3.758746
74274  -37.027  -83.228  26.685 3.623603
78235  -36.655  -62.718  40.117 3.660105
78236  -36.412  -62.650  39.884 3.548221
78237  -36.627  -63.236  40.430 3.709390
78238  -36.542  -63.793  40.726 3.718949
78239  -36.800  -63.838  40.988 3.882024
78240  -37.647  -62.485  41.151 4.030273
78241  -37.412  -62.564  40.865 3.959583
78242  -37.657  -63.057  41.436 4.197062
78243  -37.748  -64.677  42.591 4.584313
78244  -37.572  -64.252  41.986 4.396218
78245  -37.471  -64.810  42.346 4.429051
78246  -37.216  -64.852  42.120 4.246929
78247  -37.307  -65.310  42.719 4.425343
78248  -37.053  -65.817  43.075 4.394237
78249  -37.463  -65.744  43.342 4.589257
78250  -38.104  -66.483  44.760 4.955890
78251  -37.712  -66.594  44.536 4.839891
78252  -37.804  -66.979  45.149 4.914371
78253  -37.445  -67.451  45.521 4.850611
78254  -37.859  -67.375  45.682 4.950628
78263  -44.063  -57.642  40.014 3.770215
78264  -43.914  -57.241  39.666 3.569205
78265  -43.792  -57.862  39.762 3.645856
78266  -42.899  -58.951  39.652 3.419437
78273  -41.771  -60.622  40.902 3.529191
78275  -41.453  -60.651  40.778 3.445063
78277  -41.257  -61.062  41.339 3.582716
78278  -45.658  -60.005  42.249 3.479462
78279  -45.379  -59.746  41.985 3.706223
78280  -45.322  -60.350  42.142 3.547292
78281  -44.393  -61.711  42.445 3.575784
78282  -44.518  -61.130  42.167 3.679066
78283  -44.066  -61.472  42.189 3.736138
78284  -43.825  -61.195  41.878 3.858867
78285  -43.630  -61.791  42.251 3.785616
78287  -44.226  -63.326  43.667 3.406415
78288  -43.792  -63.533  43.965 3.533668
78289  -42.587  -62.926  43.716 3.860339
78290  -43.016  -62.882  43.538 3.773334
78291  -42.663  -62.492  43.209 3.855873
78292  -42.754  -62.041  42.638 3.864697
78293  -42.358  -62.114  42.827 3.897399
78294  -42.104  -61.721  42.459 3.888026
78295  -42.005  -62.153  42.962 3.927800
78296  -41.206  -62.542  43.546 4.090570
78297  -41.353  -62.156  43.015 3.986525
78298  -41.002  -62.132  43.024 4.015902
78299  -40.854  -61.778  42.443 3.887231
78300  -40.618  -62.101  42.959 4.044954
78301  -40.191  -62.092  42.828 4.072676
78302  -40.431  -62.467  43.432 4.200366
78303  -40.373  -63.807  44.718 4.517825
78304  -40.072  -63.372  44.185 4.490607
78305  -39.953  -63.826  44.501 4.620270
78306  -39.607  -63.918  44.217 4.707521
78307  -39.863  -64.342  44.744 4.736545
78308  -41.480  -65.604  45.942 4.320313
78309  -41.258  -65.182  45.811 4.401606
78310  -41.038  -65.632  45.969 4.481767
78311  -40.058  -66.309  45.943 4.828906
78312  -40.272  -65.787  45.782 4.769709
78313  -39.798  -65.842  45.604 4.885812
78314  -39.573  -65.403  45.177 4.917619
78315  -39.362  -65.954  45.417 4.975553
78316  -38.988  -66.088  45.238 5.032714
78317  -39.221  -66.524  45.632 5.006917
78318  -38.976  -68.045  46.711 4.896683
78319  -38.788  -67.669  46.360 4.979047
78320  -38.590  -68.162  46.713 4.917841
78321  -38.178  -68.258  46.599 4.906257
78322  -38.378  -68.679  46.884 4.826941
78323  -38.140  -69.290  47.019 4.710387
78324  -38.579  -69.013  46.950 4.711407
78325  -39.220  -69.490  46.248 4.336301
78326  -38.866  -69.748  46.486 4.383025
78327  -38.975  -70.011  46.035 4.179882
78328  -38.706  -70.525  45.828 4.006034
78329  -39.024  -70.221  45.483 3.960478
78330  -40.467  -68.598  44.892 3.982128
78331  -40.157  -68.862  45.246 4.094743
78332  -40.143  -68.981  44.710 3.892382
78333  -39.715  -69.871  43.629 3.428027
78334  -39.627  -69.777  44.214 3.630953
78335  -39.382  -70.206  43.941 3.470219
78336  -39.084  -70.538  44.308 3.510193
86963  -36.169  -71.161  46.890 4.313554
86964  -35.933  -70.666  46.660 4.347052
86965  -35.728  -71.400  46.676 4.241121
86966  -34.216  -72.508  46.462 3.992531
86967  -34.635  -71.772  46.301 4.054642
86968  -34.051  -71.855  46.062 3.948939
86969  -33.861  -71.129  45.552 3.880497
86970  -33.472  -71.862  45.829 3.841808
86971  -32.579  -75.188  45.517 3.878021
86972  -32.875  -74.467  46.001 3.885564
86973  -32.351  -74.447  45.810 3.839953
86974  -31.743  -73.160  45.531 3.644180
86975  -32.163  -73.166  45.696 3.715966
86976  -32.057  -72.579  45.528 3.639789
86977  -32.422  -71.921  45.401 3.642673
86978  -32.018  -71.945  45.238 3.557825
86979  -32.079  -71.289  44.727 3.471548
86980  -31.653  -71.892  44.960 3.485135
86981  -30.598  -72.128  44.548 3.403158
86986  -32.518  -80.423  38.440 4.285713
86987  -32.513  -79.805  39.331 4.202860
86988  -32.181  -79.908  38.861 4.239427
86989  -31.592  -78.584  39.229 4.057987
86990  -31.787  -78.550  39.732 4.076498
86991  -31.584  -77.742  40.374 3.976333
86992  -31.456  -76.985  41.565 3.896681
86993  -31.321  -76.873  41.150 3.873197
86994  -31.012  -78.287  37.460 3.864825
86995  -31.061  -78.461  37.947 3.932360
86996  -31.040  -77.441  38.686 3.834844
86997  -30.384  -74.920  41.683 3.625276
86998  -30.740  -75.847  41.129 3.719156
86999  -30.480  -74.957  42.164 3.650690
87000  -30.715  -75.034  42.465 3.675638
87001  -30.293  -74.151  42.949 3.584970
87002  -30.082  -73.431  43.621 3.526527
87003  -29.890  -73.390  43.188 3.499427
87165  -37.305  -84.325  24.810 3.712813
87166  -37.152  -84.605  24.579 3.751056
87167  -37.478  -84.525  24.227 3.671007
87168  -38.230  -84.772  22.604 3.447459
87169  -37.864  -84.931  23.009 3.517802
93249  -36.547  -67.594  45.140 4.546229
93250  -36.089  -67.679  44.939 4.357404
93251  -36.129  -68.219  45.489 4.464886
93252  -35.715  -68.889  45.685 4.379467
93253  -35.329  -69.588  45.804 4.292762
93254  -35.187  -84.202  28.362 4.155279
93255  -34.642  -84.266  28.725 4.234419
93256  -35.113  -84.502  27.948 4.174561
93257  -34.893  -84.732  27.473 4.152059
93258  -34.694  -84.786  27.154 4.093180
93259  -34.586  -84.692  26.910 4.005132
93260  -35.043  -84.801  26.504 4.009464
93261  -35.377  -84.737  25.782 3.913708
93262  -35.724  -84.718  25.006 3.805879
93263  -35.864  -84.802  24.424 3.687434
93264  -36.077  -84.853  24.688 3.775687
93265  -36.481  -84.951  24.367 3.734943
93266  -36.804  -85.034  24.091 3.687754
95135  -38.340  -61.387  40.961 3.637651
95136  -38.780  -61.387  41.172 3.650587
95137  -39.013  -61.815  41.810 3.898494
95138  -39.244  -62.147  42.393 4.116866
95139  -45.178  -57.729  41.272 4.255467
95140  -44.917  -57.943  41.139 4.202036
95141  -45.090  -58.200  41.383 4.218529
95142  -45.062  -58.685  41.423 4.144707
95143  -44.939  -59.246  41.508 4.042307
95147  -43.970  -65.862  44.744 3.435596
95148  -43.457  -65.980  45.036 3.597145
95149  -42.977  -66.119  45.317 3.766073
95150  -43.160  -66.383  44.981 3.649252
95151  -42.805  -66.810  44.904 3.694476
95152  -42.367  -67.180  44.709 3.728439
95153  -41.964  -67.511  44.511 3.746907
95154  -42.406  -67.299  44.206 3.586581
95155  -42.422  -67.368  43.745 3.444716
96881  -33.763  -77.984  41.928 3.831788
96882  -33.272  -77.670  42.669 3.895841
96883  -33.294  -78.335  41.696 3.930109
96884  -32.818  -78.508  41.456 4.001772
96885  -32.410  -78.578  41.175 4.048797
96886  -30.554  -79.352  33.102 3.442041
96887  -30.688  -79.070  34.207 3.553127
101187  -35.897  -63.617  40.235 3.418139
101192  -34.440  -67.840  43.795 3.595575
101193  -34.388  -67.302  43.239 3.456724
101194  -33.949  -67.822  43.513 3.444800
101201  -33.553  -82.073  35.197 4.322730
101202  -33.204  -82.082  35.713 4.398746
101203  -33.159  -82.554  34.936 4.435319
101204  -32.778  -82.961  34.571 4.494386
101205  -32.394  -83.279  34.161 4.500806
101206  -32.460  -84.070  30.750 4.210229
101207  -32.126  -83.930  31.691 4.267781
101208  -31.962  -83.755  31.199 4.126093
101209  -31.559  -83.333  31.537 4.022617
101210  -31.164  -82.785  31.772 3.908651
101211  -30.885  -82.243  32.039 3.793014
101212  -31.038  -82.409  31.211 3.708598
101213  -30.948  -81.855  30.570 3.495412
101219  -33.989  -83.502  25.073 3.497267
104427  -38.070  -70.976  46.390 4.077623
104428  -37.629  -71.333  46.574 4.103312
104429  -37.819  -71.606  46.078 3.906881
104430  -37.560  -72.192  45.742 3.743097
104431  -37.385  -72.780  45.270 3.590723
104455  -35.034  -79.862  35.911 3.422999
104463  -35.357  -81.332  30.414 3.451689
104464  -35.284  -81.973  30.037 3.658345
104465  -35.662  -81.610  29.602 3.447468
104466  -36.062  -81.988  28.770 3.444530
104467  -36.584  -82.282  27.967 3.446548
104468  -36.993  -82.549  27.225 3.455391
106846  -36.696  -62.161  39.840 3.567174
106847  -36.918  -62.757  40.366 3.769856
106848  -38.135  -63.384  42.274 4.489291
106849  -37.900  -63.523  41.944 4.420399
106850  -38.122  -63.970  42.553 4.618203
106851  -38.049  -64.546  42.857 4.703491
106852  -37.915  -65.086  43.238 4.746937
106853  -37.786  -65.627  43.596 4.753470
106854  -38.112  -65.499  43.808 4.877118
106855  -38.268  -65.885  44.380 4.970763
106856  -38.449  -66.353  44.938 5.026610
106862  -43.703  -58.912  40.390 3.866162
106863  -43.587  -58.525  39.941 3.703916
106864  -43.397  -59.173  40.243 3.746391
106865  -43.032  -59.388  40.093 3.616453
106866  -42.660  -59.488  40.009 3.481042
106868  -42.359  -59.968  40.446 3.546705
106869  -42.084  -60.500  40.921 3.619282
106870  -41.886  -61.011  41.446 3.700187
106872  -45.211  -60.969  42.320 3.406138
106875  -44.301  -62.259  42.798 3.494115
106876  -43.189  -64.097  44.739 3.677371
106877  -43.299  -63.631  44.273 3.660080
106878  -42.828  -63.685  44.514 3.786033
106879  -42.474  -63.336  44.201 3.879031
106880  -42.171  -62.934  43.822 3.945782
106881  -41.891  -62.551  43.467 3.975174
106882  -41.776  -62.958  43.920 4.030246
106883  -41.444  -63.011  44.039 4.113766
106884  -41.069  -62.950  44.054 4.195834
106885  -40.669  -62.914  43.994 4.275197
106886  -40.917  -63.358  44.511 4.301031
106887  -40.767  -63.807  44.888 4.405044
106888  -40.619  -64.245  45.169 4.506589
106889  -41.140  -66.550  46.186 4.456987
106890  -40.858  -66.119  46.133 4.554055
106891  -40.702  -66.651  46.242 4.611776
106892  -40.278  -66.749  46.220 4.749276
106893  -39.797  -66.802  46.088 4.864479
106894  -39.385  -66.940  46.017 4.952466
106895  -39.573  -67.327  46.308 4.870961
106896  -39.391  -67.897  46.648 4.844336
106897  -39.185  -68.392  46.790 4.782808
106898  -38.961  -68.864  46.851 4.687412
106899  -39.335  -68.757  46.679 4.638745
106900  -39.487  -69.073  46.413 4.467146
106901  -39.563  -69.252  45.961 4.272742
106902  -40.461  -68.888  43.878 3.599550
106903  -40.169  -69.126  44.178 3.691661
106904  -40.199  -69.256  43.645 3.501090
112082  -35.615  -72.589  46.672 4.098138
112083  -35.433  -72.167  46.718 4.144408
112084  -34.982  -72.838  46.650 4.060472
112085  -34.365  -73.052  46.573 4.007885
112086  -33.757  -73.183  46.409 3.942980
112087  -31.803  -74.995  45.048 3.803787
112088  -31.988  -74.372  45.544 3.787562
112089  -31.646  -74.295  45.327 3.733161
112090  -31.462  -73.719  45.384 3.657337
112091  -31.289  -73.095  45.288 3.579780
112092  -31.200  -72.452  45.082 3.502032
112093  -30.895  -72.927  45.014 3.524026
112094  -30.601  -72.736  44.718 3.476815
112095  -30.347  -72.600  44.403 3.436758
112096  -31.843  -80.655  37.555 4.322306
112097  -31.913  -79.981  38.383 4.249312
112098  -31.675  -80.054  37.910 4.234618
112099  -31.520  -79.420  38.227 4.134235
112100  -31.444  -78.583  38.852 4.028066
112101  -31.045  -76.308  38.964 3.692289
112102  -30.987  -76.460  39.452 3.741924
112103  -30.658  -75.648  40.264 3.652942
112104  -30.342  -74.871  41.226 3.597544
112105  -29.970  -74.075  42.106 3.535192
112106  -29.668  -73.388  42.834 3.473434
112107  -29.479  -73.405  42.329 3.446954
112203  -37.953  -83.949  24.285 3.508785
112204  -37.773  -84.444  23.923 3.584947
112205  -38.154  -84.178  23.594 3.492852
112206  -38.381  -84.366  22.916 3.447665
117741  -36.303  -65.809  42.593 3.962431
117742  -35.820  -65.855  42.396 3.750922
117743  -35.878  -66.299  42.949 3.908109
117744  -35.528  -66.840  43.337 3.855675
117745  -35.180  -67.342  43.691 3.808650
117746  -35.652  -67.767  44.676 4.157833
117747  -35.238  -67.867  44.376 3.958283
117748  -34.846  -67.918  44.086 3.768376
117749  -34.437  -68.516  44.213 3.734724
117750  -34.042  -69.157  44.330 3.706876
117751  -33.677  -69.739  44.539 3.683977
117752  -33.654  -83.363  32.066 4.333249
117753  -33.322  -83.589  32.532 4.421670
117754  -33.519  -83.686  31.602 4.385455
117755  -33.354  -83.975  31.186 4.389263
117756  -33.142  -84.180  30.633 4.348177
117757  -34.073  -84.337  29.216 4.280816
117758  -33.567  -84.327  29.731 4.291821
117759  -32.951  -84.322  30.279 4.267335
117760  -32.905  -84.257  29.817 4.152800
117761  -32.756  -84.069  29.248 4.010782
117762  -32.604  -83.779  28.688 3.847151
117763  -32.564  -83.420  28.255 3.667247
117764  -33.059  -83.910  27.899 3.798598
117765  -33.473  -84.019  27.108 3.750052
117766  -33.794  -83.961  26.289 3.697402
117767  -34.466  -84.502  26.613 3.895590
117768  -34.224  -84.258  26.167 3.771320
117769  -34.092  -83.937  25.551 3.637497
117770  -34.351  -83.946  24.868 3.569003
117771  -34.608  -83.961  24.197 3.492426
117772  -34.885  -84.004  23.489 3.409528
117774  -35.269  -84.250  23.268 3.409359
117777  -36.012  -84.857  23.801 3.560672
117778  -36.173  -84.917  23.135 3.428054
122141  -37.135  -61.540  40.037 3.532003
122142  -37.379  -61.491  40.278 3.569796
122143  -37.625  -61.951  40.859 3.827147
122144  -37.885  -62.442  41.438 4.081603
122145  -38.185  -61.872  41.351 3.882752
122146  -38.137  -62.395  41.703 4.113676
122147  -38.142  -62.894  42.003 4.319024
122148  -38.377  -63.252  42.588 4.525891
122149  -38.686  -63.704  43.110 4.691994
122150  -38.948  -64.122  43.627 4.812240
122151  -44.212  -56.333  40.122 3.676071
122152  -44.061  -56.489  39.869 3.580483
122153  -44.261  -56.893  40.210 3.790100
122154  -44.311  -57.447  40.260 3.879291
122155  -44.248  -58.023  40.347 3.940111
122156  -44.661  -58.131  40.879 4.139174
122157  -44.398  -58.355  40.650 4.063313
122158  -44.084  -58.625  40.498 3.972367
122159  -43.825  -59.299  40.684 3.979217
122160  -43.600  -59.941  40.899 3.966504
122161  -43.388  -60.479  41.212 3.941595
122166  -44.129  -64.298  44.625 3.414473
122168  -43.988  -64.726  44.887 3.446425
122169  -43.597  -64.430  44.892 3.561905
122170  -43.103  -64.473  45.130 3.711392
122171  -42.634  -64.538  45.347 3.862805
122172  -42.170  -64.635  45.518 4.015512
122173  -41.734  -64.671  45.591 4.168266
122174  -42.087  -65.062  45.709 4.081841
122175  -41.941  -65.508  45.848 4.153205
122176  -41.771  -65.996  45.971 4.224657
122177  -42.505  -66.275  45.596 3.940186
122178  -42.032  -66.381  45.895 4.116256
122179  -41.582  -66.453  46.062 4.290106
122180  -41.371  -66.872  46.014 4.342615
122181  -41.041  -67.361  45.939 4.374826
122182  -40.696  -67.839  45.893 4.379937
122183  -40.418  -68.280  45.840 4.352594
122184  -40.746  -68.053  45.531 4.217075
122185  -40.766  -68.192  45.057 4.040474
122186  -40.787  -68.337  44.570 3.856784
122187  -41.508  -67.785  44.392 3.745931
122188  -41.084  -68.093  44.263 3.722257
122189  -40.724  -68.471  44.079 3.673672
122190  -40.757  -68.628  43.542 3.498612
126215  -34.269  -75.305  45.129 3.845648
126216  -33.889  -74.891  45.695 3.901152
126217  -33.594  -75.568  45.114 3.878751
126218  -32.934  -75.744  45.090 3.890866
126219  -32.444  -75.845  44.934 3.884381
126220  -32.769  -77.141  43.418 3.918146
126221  -32.347  -76.470  44.133 3.904584
126222  -31.986  -75.752  44.694 3.863507
126223  -31.727  -75.651  44.303 3.833352
126224  -31.485  -75.515  43.932 3.798839
126225  -31.283  -75.409  43.538 3.763988
126226  -30.878  -80.826  35.485 4.050113
126227  -30.985  -80.184  36.396 4.056453
126228  -30.801  -80.035  35.848 3.955599
126229  -30.850  -79.121  36.334 3.866431
126230  -31.024  -78.112  36.923 3.783586
126231  -30.882  -78.589  35.348 3.637661
126232  -31.060  -77.933  36.434 3.689457
126233  -31.125  -77.092  37.658 3.706702
126234  -31.094  -76.196  38.514 3.634309
126235  -30.866  -75.507  39.263 3.564112
126236  -30.463  -74.565  39.766 3.493213
126237  -29.984  -73.673  40.145 3.418311
126238  -30.623  -74.356  39.122 3.454005
126239  -30.813  -74.200  38.438 3.416068
131889  -46.097  -58.691  42.220 3.825162
131890  -45.779  -58.935  42.054 3.845105
131891  -46.035  -59.158  42.256 3.616933
131892  -45.993  -59.685  42.338 3.417646
135548  -35.364  -65.791  42.196 3.555854
135566  -33.731  -80.035  38.503 4.050067
135567  -33.344  -79.877  39.154 4.114568
135568  -33.326  -80.397  38.300 4.193621
135569  -32.919  -80.776  37.953 4.298379
135570  -32.500  -81.064  37.526 4.363480
135571  -32.811  -81.995  36.147 4.433382
135572  -32.399  -81.678  36.635 4.428786
135573  -32.085  -81.248  37.112 4.389587
135574  -31.741  -81.395  36.691 4.378428
135575  -31.499  -81.533  36.219 4.332433
135576  -31.220  -81.552  35.708 4.254388
135577  -32.899  -83.643  32.979 4.470714
135578  -32.450  -83.607  33.353 4.481568
135579  -32.012  -83.502  33.780 4.457961
135580  -31.870  -83.781  32.591 4.322977
135581  -31.670  -83.487  33.358 4.371002
135582  -31.662  -83.123  34.166 4.405610
135583  -31.378  -82.676  34.555 4.331541
135584  -31.184  -82.109  34.813 4.243143
135585  -30.994  -81.507  35.152 4.147400
135586  -30.841  -81.296  34.621 4.014891
135587  -30.645  -81.017  33.995 3.860683
135588  -30.468  -80.613  33.320 3.689106
135589  -30.628  -81.510  32.216 3.683503
135590  -30.454  -80.743  32.391 3.586160
135591  -30.399  -80.068  32.661 3.505013
135605  -32.447  -83.064  27.925 3.475693
142215  -37.225  -69.556  46.937 4.632530
142216  -36.653  -69.844  46.821 4.556412
142217  -36.935  -70.246  47.022 4.501797
142218  -36.697  -70.921  47.032 4.368708
142219  -36.433  -71.607  46.960 4.239632
142220  -37.158  -71.670  46.706 4.120471
142221  -36.711  -71.939  46.755 4.126847
142222  -36.215  -72.277  46.743 4.120025
142223  -35.871  -72.943  46.497 4.013921
142224  -35.469  -73.628  46.239 3.923572
142225  -35.151  -74.287  45.767 3.849660
142228  -37.182  -73.310  44.721 3.452438
142231  -36.698  -73.696  44.850 3.543789
142232  -36.119  -74.097  45.029 3.635127
142233  -35.499  -74.531  45.161 3.719897
142234  -34.870  -74.950  45.186 3.791755
142235  -34.627  -75.618  44.544 3.748943
142236  -34.447  -76.207  43.848 3.720526
142237  -34.344  -76.879  43.002 3.706417
142239  -34.741  -77.068  42.127 3.560023
142240  -34.244  -77.541  42.072 3.707278
142241  -34.191  -78.159  41.133 3.724089
142242  -34.235  -78.606  40.296 3.757506
142243  -34.226  -79.031  39.455 3.807102
142268  -34.948  -78.536  38.814 3.429384
142269  -34.568  -79.043  38.743 3.661063
142270  -34.189  -79.553  38.617 3.870690
142271  -34.104  -80.057  37.815 3.944113
142272  -34.020  -80.525  37.067 4.021301
142273  -33.965  -81.055  36.250 4.095140
142274  -34.640  -80.433  35.824 3.699087
142275  -34.291  -80.977  35.706 3.947953
142276  -33.951  -81.569  35.432 4.158572
142277  -33.893  -82.010  34.645 4.205859
142278  -33.895  -82.371  33.816 4.233641
142279  -33.955  -82.695  33.063 4.241435
142284  -35.252  -80.879  32.723 3.424755
142285  -34.955  -81.314  33.178 3.652389
142286  -34.639  -81.839  32.839 3.885710
142287  -34.337  -82.364  32.581 4.080839
142288  -33.918  -82.931  32.404 4.231294
142289  -34.137  -83.095  31.454 4.207066
142290  -34.436  -83.277  30.528 4.173208
142291  -34.784  -83.571  29.635 4.133811
142292  -35.281  -82.695  29.564 3.838369
142293  -35.321  -83.307  29.131 3.984815
142294  -35.302  -83.799  28.742 4.091726
142295  -35.773  -84.052  27.923 4.048154
142296  -36.171  -84.296  27.085 4.002466
142297  -36.393  -84.468  26.299 3.952377
142298  -36.608  -84.594  25.598 3.894495
142299  -36.763  -84.291  25.886 3.850816
142300  -37.112  -84.089  25.502 3.739809
142301  -37.468  -83.874  25.179 3.623216
142302  -37.356  -82.847  26.444 3.470570
142303  -37.589  -83.260  25.643 3.488862
142304  -37.794  -83.649  24.926 3.504325
147109  -36.147  -62.579  39.645 3.439952
147110  -36.048  -63.118  39.927 3.443616
147111  -36.256  -63.729  40.469 3.562065
147112  -36.413  -64.338  41.041 3.697524
147113  -36.532  -64.892  41.637 3.849033
147114  -37.155  -62.065  40.316 3.719365
147115  -37.173  -62.659  40.599 3.871467
147116  -37.147  -63.285  40.893 3.980049
147117  -37.648  -63.667  41.665 4.319854
147118  -37.375  -63.801  41.436 4.191634
147119  -37.066  -63.869  41.247 4.042726
147120  -36.997  -64.396  41.578 4.063136
147121  -36.900  -64.899  41.879 4.049556
147122  -36.630  -65.355  42.219 4.012491
147123  -36.680  -65.815  42.823 4.180882
147124  -36.736  -66.298  43.438 4.345036
147125  -36.848  -66.721  44.033 4.494787
147126  -37.597  -66.158  43.937 4.729867
147127  -37.286  -66.660  44.245 4.683337
147128  -36.928  -67.117  44.661 4.620373
147129  -36.988  -67.522  45.308 4.713650
147130  -37.049  -68.028  45.892 4.768886
147131  -37.185  -68.517  46.341 4.782795
147141  -43.906  -56.638  39.613 3.473279
147144  -43.395  -58.174  39.616 3.507315
147158  -40.523  -61.057  41.146 3.491007
147159  -45.469  -59.198  41.887 3.872250
147160  -45.141  -59.465  41.720 3.899934
147161  -44.861  -59.856  41.703 3.922559
147162  -44.961  -60.770  42.132 3.615273
147163  -44.712  -60.522  41.927 3.797701
147164  -44.465  -60.234  41.654 3.936205
147165  -44.038  -60.555  41.580 3.938877
147166  -43.594  -60.852  41.542 3.930405
147167  -43.150  -61.125  41.617 3.912060
147169  -44.263  -62.837  43.188 3.437405
147170  -43.871  -62.546  42.971 3.590974
147171  -43.388  -63.174  43.766 3.661840
147172  -43.467  -62.766  43.218 3.683859
147173  -43.524  -62.264  42.723 3.725826
147174  -43.181  -61.989  42.439 3.828021
147175  -42.916  -61.651  42.077 3.884659
147176  -42.661  -61.209  41.691 3.886093
147177  -42.282  -61.279  41.825 3.855214
147178  -41.975  -61.356  41.936 3.822142
147179  -41.695  -61.435  41.997 3.789329
147180  -41.684  -62.154  42.990 3.957239
147181  -41.516  -61.787  42.493 3.885423
147182  -41.399  -61.469  42.008 3.758699
147183  -41.071  -61.444  41.916 3.731581
147184  -40.677  -61.420  41.787 3.708642
147185  -40.225  -61.392  41.639 3.689943
147186  -39.942  -61.733  42.161 3.894417
147187  -39.725  -62.142  42.651 4.097394
147188  -39.547  -62.573  43.028 4.292180
147189  -40.255  -62.915  43.852 4.349862
147190  -39.828  -62.980  43.650 4.416996
147191  -39.399  -63.034  43.356 4.472909
147192  -39.326  -63.507  43.638 4.634717
147193  -39.269  -64.014  43.914 4.773704
147194  -39.159  -64.522  44.141 4.886822
147195  -41.324  -64.686  45.594 4.319137
147196  -40.890  -64.682  45.530 4.465423
147197  -40.472  -64.715  45.405 4.603574
147198  -40.617  -65.656  45.918 4.633192
147199  -40.389  -65.223  45.586 4.692778
147200  -40.083  -64.797  45.193 4.729155
147201  -39.764  -64.874  44.923 4.836731
147202  -39.373  -64.962  44.653 4.919918
147203  -39.008  -65.075  44.424 4.971714
147204  -38.864  -65.645  44.770 5.026816
147205  -38.721  -66.226  45.105 5.051349
147206  -38.535  -66.802  45.449 5.045471
147207  -39.021  -67.110  45.970 5.008701
147208  -38.665  -67.261  45.922 5.029055
147209  -38.262  -67.318  45.815 5.010276
147210  -37.951  -67.809  46.117 4.947820
147211  -37.691  -68.382  46.468 4.861135
147212  -37.424  -69.005  46.744 4.754326
147213  -37.692  -69.458  47.017 4.684070
147214  -37.933  -69.843  47.065 4.574048
147215  -38.134  -70.165  46.912 4.427474
147216  -38.746  -69.410  46.826 4.562128
147217  -38.549  -69.950  46.728 4.413337
147218  -38.284  -70.480  46.611 4.249036
147219  -38.395  -70.736  46.164 4.044975
147220  -38.477  -70.984  45.597 3.823237
147221  -38.558  -71.178  44.996 3.592964
147222  -40.129  -68.689  45.756 4.289887
147223  -39.907  -69.087  45.581 4.192088
147224  -39.612  -69.480  45.404 4.062579
147225  -39.874  -69.365  44.474 3.773744
147226  -39.604  -69.653  44.845 3.845473
147227  -39.329  -69.920  45.155 3.907361
147228  -39.062  -70.395  44.907 3.733994
147229  -38.817  -70.865  44.662 3.550394
157604  -36.142  -69.960  46.595 4.457675
157605  -35.652  -70.176  46.298 4.339744
157606  -35.206  -70.349  45.958 4.207667
157607  -35.205  -71.606  46.501 4.153614
157608  -34.983  -71.071  46.120 4.127259
157609  -34.753  -70.459  45.650 4.067703
157610  -34.243  -70.475  45.348 3.926598
157611  -33.718  -70.421  45.025 3.790758
157612  -33.244  -70.430  44.809 3.665533
157613  -33.499  -74.341  46.161 3.919698
157614  -33.294  -73.828  46.256 3.907187
157615  -33.156  -73.234  46.186 3.869614
157616  -32.275  -73.788  45.802 3.783998
157617  -32.631  -73.197  45.953 3.792411
157618  -33.059  -72.563  45.970 3.812011
157619  -32.916  -71.872  45.651 3.738308
157620  -32.833  -71.190  45.127 3.651579
157621  -32.805  -70.498  44.605 3.554691
157622  -32.488  -70.576  44.406 3.460170
157625  -31.353  -71.771  44.694 3.424361
157631  -32.909  -79.659  39.729 4.137448
157632  -32.511  -79.234  40.251 4.122001
157633  -32.176  -78.630  40.696 4.074551
157634  -31.986  -79.269  39.219 4.166892
157635  -31.990  -78.582  40.230 4.082713
157636  -31.904  -77.876  41.245 4.003422
157637  -31.606  -77.055  41.937 3.917476
157638  -31.354  -76.139  42.568 3.824717
157639  -31.075  -75.295  43.170 3.731376
157640  -31.104  -79.432  37.310 4.033857
157641  -31.166  -78.533  38.464 3.986472
157642  -31.201  -77.670  39.597 3.921452
157643  -30.922  -76.578  39.978 3.783399
157644  -30.980  -76.757  40.397 3.817922
157645  -31.079  -76.826  40.763 3.847288
157646  -31.035  -75.969  41.850 3.772024
157647  -30.868  -75.156  42.841 3.702061
157648  -30.735  -74.457  43.662 3.641448
157649  -30.344  -73.686  43.957 3.556727
157650  -30.131  -73.069  44.077 3.477245
157651  -30.008  -72.512  44.062 3.401625
157652  -29.623  -72.852  43.333 3.417280
157847  -36.804  -84.697  24.901 3.824800
157848  -36.981  -84.886  24.294 3.739570
157849  -37.150  -85.082  23.746 3.636068
157850  -37.666  -84.746  23.662 3.607723
157851  -37.494  -85.074  23.444 3.579935
157852  -37.300  -85.255  23.147 3.512998
