#!ascii label , from subject fsaverage
901
155  -49.563  -42.182  -21.738 4.499265
343  -57.223  -31.914  -26.149 8.029093
344  -50.643  -31.032  -24.548 3.790855
345  -54.909  -19.524  -31.279 4.789384
822  -54.715  -29.651  -22.247 4.030840
823  -56.209  -25.202  -25.575 3.596671
824  -56.994  -26.060  -28.405 7.136874
1384  -54.106  -44.027  -23.321 3.760267
1768  -55.088  -37.339  -23.293 4.649074
1769  -54.225  -38.702  -25.824 7.726523
1770  -50.414  -37.527  -24.153 5.899001
1771  -54.580  -32.009  -26.715 7.963102
1772  -53.459  -25.281  -28.869 5.428989
1773  -50.598  -18.649  -31.505 3.163795
2744  -56.124  -22.321  -26.937 3.434137
3304  -52.004  -43.420  -22.997 4.685896
3305  -52.504  -45.798  -21.223 3.571713
3306  -50.465  -44.465  -19.640 3.613259
3310  -48.091  -41.423  -20.664 3.254947
3904  -56.269  -31.165  -24.449 5.874851
3905  -54.586  -33.659  -22.673 5.007108
3906  -56.325  -34.664  -24.671 6.949426
3907  -55.739  -38.221  -25.010 6.524686
3908  -56.395  -35.331  -26.257 8.600978
3909  -54.912  -35.533  -26.349 8.675436
3910  -56.383  -32.177  -27.108 8.887329
3911  -56.118  -22.759  -30.041 6.016984
3912  -55.522  -25.651  -29.061 6.907428
3913  -54.707  -22.389  -30.406 5.633757
3914  -52.533  -21.853  -29.927 4.195776
3915  -52.995  -19.204  -31.735 4.428957
5611  -50.623  -34.748  -24.081 5.102333
5612  -49.042  -37.044  -22.738 3.815506
5613  -49.370  -34.164  -22.494 3.212134
6088  -55.572  -27.651  -24.185 3.779239
6089  -56.797  -28.589  -25.966 5.939454
6090  -57.015  -29.069  -27.143 7.882273
6091  -57.142  -25.738  -27.055 5.692071
6092  -56.774  -22.719  -28.517 5.101459
6093  -55.685  -19.517  -30.225 4.188929
7962  -53.154  -32.337  -19.562 3.735240
7963  -53.292  -36.649  -20.763 3.402446
7965  -55.268  -40.861  -23.535 4.012537
7966  -54.061  -41.363  -24.809 5.585938
7967  -51.352  -40.865  -24.552 6.235414
7968  -49.460  -39.642  -23.745 5.475518
7969  -52.267  -38.094  -25.526 7.488316
7970  -52.251  -35.614  -25.522 7.305048
7971  -52.460  -31.671  -25.576 5.950168
7972  -56.051  -29.075  -27.903 8.061385
7973  -53.972  -28.639  -27.729 6.686109
7974  -51.956  -28.274  -26.826 4.572471
7975  -51.192  -24.758  -27.828 3.364633
9975  -54.190  -16.876  -31.979 3.286196
9978  -52.957  -16.601  -33.315 3.699245
9979  -51.124  -16.280  -33.665 3.476925
10063  -47.969  -39.208  -22.978 3.733678
10984  -50.796  -42.655  -22.454 4.752424
10985  -51.322  -43.693  -21.519 4.180971
10986  -50.064  -43.041  -20.781 4.026208
10987  -49.507  -43.568  -19.063 3.290097
10988  -49.094  -42.651  -19.918 3.611437
10990  -48.723  -41.844  -21.070 3.965713
11584  -56.931  -31.617  -25.301 7.001678
11585  -56.422  -32.955  -24.494 6.616307
11586  -57.003  -33.238  -25.330 7.685744
11587  -56.596  -35.027  -25.526 7.926053
11588  -56.991  -33.435  -26.191 8.533345
11589  -56.489  -33.615  -26.654 8.957705
11590  -56.967  -32.077  -26.723 8.702006
11591  -55.660  -21.190  -30.712 5.396020
11592  -55.515  -22.630  -30.378 5.974482
11593  -54.952  -21.084  -30.914 5.336122
11594  -53.941  -20.845  -30.956 5.008603
11595  -54.081  -19.445  -31.559 4.729335
13291  -50.805  -32.881  -24.133 4.446615
13292  -49.922  -34.420  -23.301 4.052553
13293  -49.955  -32.633  -23.593 3.498169
13986  -55.895  -26.467  -24.883 3.665718
13987  -56.300  -28.126  -25.199 4.776964
13988  -56.569  -26.947  -25.692 4.691997
13989  -56.970  -27.114  -26.440 5.847176
13990  -56.710  -25.533  -26.316 4.603981
13991  -55.804  -20.864  -27.750 3.253246
13992  -56.590  -22.498  -27.725 4.270021
13993  -56.173  -21.038  -28.504 3.970739
13994  -56.317  -21.101  -29.379 4.666440
13995  -55.625  -19.467  -29.366 3.605227
15669  -54.799  -43.804  -22.791 3.118725
15671  -54.047  -45.404  -22.616 3.183400
15672  -51.259  -46.536  -19.530 3.359515
15673  -52.203  -47.031  -20.271 3.240362
15674  -50.984  -47.723  -18.590 3.135294
17469  -54.280  -29.037  -20.914 3.351075
17470  -53.650  -30.148  -19.357 3.388649
17471  -53.899  -30.879  -20.844 3.990752
17472  -54.806  -35.446  -23.066 4.947259
17473  -53.791  -34.983  -21.800 4.232731
17474  -54.195  -36.930  -22.189 3.914395
17476  -54.789  -38.807  -22.472 3.539105
17477  -55.077  -40.542  -22.614 3.256328
17478  -55.301  -39.152  -23.482 4.293680
17479  -55.217  -38.578  -25.632 7.290082
17480  -55.013  -39.910  -25.029 6.055676
17481  -54.156  -40.032  -25.414 6.701913
17482  -52.838  -41.376  -24.893 6.078053
17483  -52.919  -39.856  -25.501 7.021243
17484  -51.913  -39.509  -25.161 6.975087
17485  -53.243  -38.401  -25.895 7.791138
17486  -54.769  -33.704  -26.500 8.467525
17487  -53.532  -35.600  -26.107 8.142882
17488  -53.445  -33.831  -26.142 7.697263
17489  -52.424  -33.783  -25.460 6.686317
17490  -53.380  -31.942  -26.239 7.040882
17491  -57.051  -27.542  -27.765 7.565844
17492  -56.671  -29.246  -27.589 8.213070
17493  -56.601  -27.571  -28.210 7.756645
17494  -54.603  -25.399  -29.041 6.287577
17495  -55.010  -27.083  -28.498 6.909488
17496  -53.917  -26.802  -28.308 6.053006
17497  -52.909  -28.380  -27.374 5.665428
17498  -52.606  -26.756  -27.892 5.032490
17499  -51.668  -26.650  -27.217 3.958048
17500  -52.326  -25.089  -28.425 4.417896
17501  -51.737  -20.164  -30.775 3.633849
17502  -51.307  -21.461  -29.553 3.235638
22379  -52.759  -15.426  -33.995 3.109646
22380  -52.013  -15.303  -34.350 3.217959
22381  -52.107  -16.512  -33.640 3.671753
22382  -51.324  -15.035  -34.538 3.222848
22591  -50.049  -38.550  -24.095 5.819988
22592  -48.605  -39.405  -23.259 4.658623
22593  -49.293  -38.334  -23.580 4.857395
23370  -56.348  -23.747  -26.208 3.536747
24378  -53.057  -43.849  -23.355 4.326057
24379  -53.254  -45.074  -22.603 3.691100
24380  -52.346  -44.483  -22.093 4.055115
24381  -51.498  -45.283  -20.399 3.710164
24382  -50.314  -45.891  -18.588 3.284045
25458  -55.411  -30.466  -23.409 4.860854
25459  -54.619  -31.644  -22.304 4.696803
25460  -55.564  -32.483  -23.498 5.573017
25461  -55.518  -34.156  -23.776 5.909959
25462  -55.566  -35.968  -23.947 5.868958
25463  -55.626  -37.804  -24.189 5.573254
25464  -56.032  -36.464  -24.769 6.878293
25465  -56.033  -36.870  -25.622 7.750175
25466  -55.388  -37.112  -26.051 8.291207
25467  -54.545  -37.253  -26.056 8.434075
25468  -55.787  -35.449  -26.449 8.847547
25469  -55.832  -33.643  -26.783 8.914548
25470  -55.590  -32.064  -27.051 8.610306
25471  -56.611  -24.419  -29.170 6.611272
25472  -56.399  -25.901  -28.874 7.216547
25473  -56.047  -24.196  -29.608 6.613156
25474  -55.248  -23.925  -29.781 6.276183
25475  -54.304  -23.789  -29.691 5.655441
25476  -53.175  -23.588  -29.319 4.805960
25477  -53.638  -22.123  -30.210 5.026004
25478  -52.843  -20.492  -30.961 4.426673
25479  -51.881  -19.108  -31.878 3.891671
28531  -50.454  -36.280  -24.173 5.637496
28532  -49.672  -37.174  -23.496 4.824723
28533  -49.768  -35.830  -23.294 4.531283
28534  -49.153  -35.608  -22.533 3.582750
29561  -54.699  -27.926  -22.182 3.186050
29564  -55.246  -28.670  -23.296 3.925140
29565  -55.948  -29.335  -24.347 4.854527
29566  -56.615  -29.948  -25.256 5.966928
29567  -57.102  -30.420  -26.036 7.121758
29568  -57.081  -30.649  -26.607 8.059157
29569  -57.049  -28.940  -26.554 7.066670
29570  -57.146  -27.356  -27.098 6.891996
29571  -57.250  -25.944  -27.781 6.609550
29572  -56.760  -24.033  -27.004 4.476816
29573  -56.984  -24.301  -27.771 5.448787
29574  -56.974  -24.456  -28.513 6.216193
29575  -56.559  -22.768  -29.440 5.724322
29576  -56.094  -21.098  -30.158 5.171494
29577  -55.379  -19.559  -30.809 4.607014
31925  -53.303  -46.185  -21.732 3.244913
31951  -50.537  -29.344  -25.036 3.179732
34225  -53.215  -31.710  -18.048 3.224955
34226  -52.852  -34.032  -18.409 3.284943
34227  -53.695  -32.959  -21.172 4.300078
34228  -53.072  -34.551  -20.106 3.709110
34234  -55.050  -42.196  -22.578 3.122856
34235  -54.787  -42.407  -23.446 3.845560
34236  -55.459  -39.551  -24.383 5.191895
34237  -54.885  -41.184  -24.269 4.846771
34238  -54.061  -42.750  -24.032 4.570033
34239  -52.929  -42.647  -24.170 5.140323
34240  -51.701  -42.296  -23.943 5.434322
34241  -50.187  -41.304  -23.374 5.388860
34242  -49.158  -41.097  -22.828 5.000888
34243  -50.480  -40.392  -24.112 6.028286
34244  -50.973  -39.144  -24.677 6.562410
34245  -51.344  -37.833  -24.881 6.836680
34246  -53.365  -37.122  -25.889 8.197435
34247  -52.260  -36.897  -25.602 7.613358
34248  -51.368  -36.723  -25.014 6.724811
34249  -51.398  -35.186  -24.785 6.243467
34250  -51.563  -33.476  -24.701 5.552424
34251  -51.532  -31.272  -24.979 4.823207
34252  -56.811  -30.730  -27.144 8.553236
34253  -56.185  -30.658  -27.429 8.544679
34254  -55.358  -30.490  -27.415 8.104039
34255  -55.954  -27.429  -28.468 7.507042
34256  -55.159  -28.877  -27.931 7.518905
34257  -54.239  -30.345  -27.135 7.333896
34258  -53.156  -30.125  -26.701 6.337320
34259  -52.240  -29.828  -26.173 5.231544
34260  -51.350  -29.518  -25.662 4.143699
34261  -51.093  -28.135  -26.120 3.523644
34264  -51.956  -23.245  -28.950 3.811784
40159  -55.277  -18.015  -30.325 3.223875
40160  -55.037  -18.199  -31.025 3.719019
40161  -54.659  -18.231  -31.630 4.069046
40169  -53.681  -16.669  -32.774 3.571673
40170  -53.950  -18.084  -32.206 4.221657
40171  -52.968  -17.857  -32.583 4.172383
40172  -51.963  -17.752  -32.777 3.915737
40173  -50.759  -17.437  -32.727 3.447770
40423  -48.386  -40.646  -22.347 4.330808
40424  -47.811  -40.256  -21.934 3.506855
40426  -48.517  -38.248  -23.011 3.860991
41704  -50.137  -42.372  -22.074 4.664914
41705  -50.316  -42.693  -21.630 4.393820
41706  -49.766  -42.638  -21.286 4.256908
41707  -49.516  -42.841  -20.308 3.847577
41708  -49.285  -42.437  -20.824 4.050910
41709  -48.879  -42.387  -20.426 3.785558
41710  -49.092  -42.029  -21.420 4.262488
42304  -57.163  -31.776  -25.710 7.544861
42305  -57.042  -32.426  -25.344 7.396073
42306  -57.151  -32.563  -25.753 7.903394
42307  -57.056  -33.411  -25.757 8.153013
42308  -57.128  -32.655  -26.129 8.335884
42309  -57.053  -32.739  -26.436 8.666262
42310  -57.102  -32.041  -26.502 8.422448
42311  -55.243  -20.344  -31.003 5.088885
42312  -55.343  -21.166  -30.842 5.400397
42313  -54.861  -20.300  -31.122 5.090195
42314  -54.440  -20.234  -31.208 5.027318
42315  -54.506  -19.492  -31.450 4.789309
44011  -50.815  -31.983  -24.234 4.114312
44012  -50.374  -32.758  -23.855 3.947119
44013  -50.424  -31.902  -24.018 3.639882
44704  -55.812  -24.917  -25.081 3.169855
44705  -55.719  -25.581  -24.767 3.196684
44706  -56.029  -25.855  -25.235 3.627058
44707  -56.219  -26.761  -25.279 4.153169
44708  -56.348  -26.088  -25.617 4.114496
44709  -56.598  -26.228  -25.974 4.650079
44710  -56.472  -25.384  -25.962 4.078417
44711  -55.643  -20.102  -28.145 3.132513
44712  -56.020  -20.954  -28.119 3.603884
44713  -55.830  -20.213  -28.571 3.455889
44714  -55.958  -20.286  -29.006 3.793347
44715  -55.584  -19.432  -28.961 3.294454
46389  -54.513  -43.950  -23.125 3.440157
46390  -54.435  -44.690  -22.786 3.146960
46391  -54.096  -44.725  -22.993 3.443358
46392  -50.652  -46.790  -18.602 3.217142
46393  -51.166  -47.133  -19.062 3.231681
46394  -50.477  -47.374  -17.950 3.116983
48189  -54.503  -29.304  -21.644 3.676053
48190  -54.090  -29.960  -20.879 3.701834
48191  -54.337  -30.243  -21.616 4.035118
48192  -54.885  -36.438  -23.174 4.816457
48193  -54.433  -36.210  -22.650 4.425926
48194  -54.652  -37.101  -22.789 4.252864
48195  -54.498  -37.931  -22.397 3.722526
48196  -54.925  -38.122  -22.901 4.067533
48197  -55.062  -38.953  -22.999 3.890568
48198  -55.198  -38.263  -23.397 4.468298
48199  -54.768  -38.699  -25.761 7.553963
48200  -54.696  -39.369  -25.562 7.004174
48201  -54.163  -39.341  -25.638 7.240043
48202  -53.556  -39.949  -25.521 6.906061
48203  -53.581  -39.303  -25.724 7.386360
48204  -53.030  -39.121  -25.732 7.440523
48205  -53.746  -38.599  -25.856 7.805451
48206  -54.731  -32.827  -26.606 8.240700
48207  -54.164  -33.737  -26.315 8.118052
48208  -54.067  -32.828  -26.400 7.844167
48209  -53.454  -32.820  -26.139 7.383503
48210  -53.973  -31.969  -26.490 7.530303
48211  -57.095  -26.759  -28.095 7.364538
48212  -56.870  -27.561  -28.007 7.721375
48213  -56.847  -26.815  -28.361 7.487282
48214  -54.054  -25.332  -28.981 5.883309
48215  -54.248  -26.114  -28.706 6.196095
48216  -53.687  -26.022  -28.581 5.740659
48217  -53.250  -26.736  -28.167 5.556668
48218  -53.101  -25.952  -28.411 5.245593
48219  -52.503  -25.897  -28.205 4.724111
48220  -52.799  -25.269  -28.677 4.936094
48221  -51.214  -19.363  -31.170 3.385022
48222  -51.162  -19.901  -30.552 3.189401
53101  -51.615  -15.199  -34.465 3.234069
53311  -50.300  -38.088  -24.147 5.900228
53312  -49.700  -38.351  -23.772 5.355832
53313  -49.838  -37.834  -23.913 5.398757
55989  -52.540  -43.584  -23.193 4.538494
55990  -52.704  -44.157  -22.804 4.197554
55991  -52.176  -43.830  -22.553 4.353246
55992  -50.957  -44.080  -20.595 3.903868
55993  -51.469  -44.469  -20.935 3.931432
55994  -50.984  -44.875  -20.044 3.691916
55995  -50.948  -45.580  -19.510 3.505624
55996  -50.486  -45.193  -19.115 3.436905
55997  -49.945  -45.509  -18.130 3.173315
55998  -50.104  -44.723  -18.788 3.315578
56006  -48.152  -41.989  -20.078 3.133025
57789  -55.843  -30.877  -23.925 5.345934
57790  -55.532  -31.495  -23.402 5.257556
57791  -55.989  -31.829  -23.878 5.755475
57792  -56.384  -33.809  -24.580 6.836832
57793  -56.019  -33.620  -24.123 6.302701
57794  -55.956  -34.418  -24.248 6.422283
57795  -55.579  -34.995  -23.910 5.931211
57796  -55.951  -35.300  -24.337 6.442372
57797  -55.831  -36.200  -24.341 6.375566
57798  -56.157  -35.604  -24.747 6.959007
57799  -56.565  -35.201  -25.946 8.312962
57800  -56.362  -35.956  -25.615 7.883727
57801  -56.240  -36.124  -25.953 8.234637
57802  -55.727  -37.010  -25.880 8.069267
57803  -55.949  -36.223  -26.170 8.486357
57804  -55.611  -36.283  -26.231 8.632383
57805  -56.127  -35.415  -26.403 8.779530
57806  -56.482  -32.816  -26.873 8.966714
57807  -56.164  -33.628  -26.768 8.991812
57808  -56.094  -32.843  -26.938 8.936696
57809  -55.710  -32.806  -26.925 8.797971
57810  -55.976  -32.125  -27.109 8.801232
57811  -56.371  -23.588  -29.608 6.320298
57812  -56.364  -24.364  -29.403 6.658502
57813  -56.109  -23.528  -29.825 6.350977
57814  -55.119  -22.529  -30.433 5.839293
57815  -55.408  -23.315  -30.066 6.162099
57816  -54.983  -23.204  -30.093 5.954697
57817  -54.845  -23.861  -29.783 5.998202
57818  -54.540  -23.077  -30.076 5.678651
57819  -54.007  -22.983  -29.939 5.338956
57820  -54.208  -22.260  -30.330 5.361276
57821  -53.487  -20.001  -31.311 4.711566
57822  -53.390  -20.672  -30.960 4.747999
57823  -52.942  -19.875  -31.384 4.459803
57824  -52.385  -19.767  -31.442 4.149082
57825  -52.428  -19.213  -31.871 4.188591
62911  -50.555  -35.527  -24.137 5.395026
62912  -50.081  -36.040  -23.801 5.074367
62913  -50.159  -35.354  -23.748 4.835262
62914  -49.654  -34.234  -22.843 3.602324
62915  -49.586  -35.009  -22.818 3.829520
62916  -49.267  -34.844  -22.463 3.410396
62917  -48.865  -35.558  -22.185 3.199768
64992  -55.442  -26.794  -23.978 3.291643
64994  -55.261  -27.345  -23.556 3.363019
64995  -55.113  -27.856  -23.140 3.446587
64996  -55.434  -28.186  -23.724 3.851328
64997  -55.593  -29.027  -23.850 4.364136
64998  -55.778  -28.483  -24.284 4.308648
64999  -56.582  -28.345  -25.623 5.346622
65000  -56.462  -29.074  -25.270 5.376415
65001  -56.682  -29.339  -25.652 5.963407
65002  -56.951  -30.195  -25.642 6.553751
65003  -56.941  -29.550  -26.029 6.553279
65004  -57.090  -29.729  -26.337 7.111437
65005  -56.937  -28.787  -26.264 6.524981
65006  -57.059  -26.446  -26.709 5.778864
65007  -57.075  -27.238  -26.768 6.401587
65008  -57.170  -26.519  -27.054 6.307321
65009  -57.238  -26.609  -27.431 6.764509
65010  -57.247  -25.856  -27.426 6.188932
65011  -56.327  -22.955  -26.630 3.493718
65012  -56.573  -23.886  -26.607 3.990103
65013  -56.558  -23.118  -26.978 3.925392
65014  -56.733  -22.612  -28.104 4.699497
65015  -56.801  -23.408  -27.751 4.848989
65016  -56.913  -23.507  -28.201 5.287952
65017  -57.000  -24.386  -28.138 5.871990
65018  -56.896  -23.542  -28.606 5.672934
65019  -56.789  -23.569  -28.977 5.980744
65020  -56.715  -22.736  -29.019 5.449725
65021  -56.005  -20.316  -29.811 4.429640
65022  -56.242  -21.092  -29.784 4.951001
65023  -55.923  -20.323  -30.215 4.688248
65024  -55.770  -20.339  -30.566 4.887819
65025  -55.567  -19.569  -30.551 4.425148
70052  -52.875  -45.385  -21.977 3.641176
70053  -53.245  -45.653  -22.165 3.445135
70054  -52.912  -45.992  -21.510 3.427032
70055  -52.190  -47.664  -19.747 3.128302
70056  -52.657  -47.192  -20.472 3.119352
75447  -53.302  -31.163  -19.392 3.607136
75448  -53.350  -30.800  -18.664 3.333719
75449  -53.091  -32.013  -18.798 3.478109
75450  -52.946  -32.954  -18.189 3.298851
75451  -52.914  -33.160  -18.949 3.529570
75452  -54.614  -32.665  -22.411 4.901525
75453  -54.168  -32.237  -21.720 4.527761
75454  -54.097  -33.309  -21.931 4.630715
75455  -53.434  -35.783  -21.272 3.813832
75456  -53.404  -34.745  -21.016 3.951922
75457  -53.124  -35.636  -20.458 3.579567
75458  -52.925  -35.462  -19.568 3.377481
75459  -53.062  -36.504  -19.936 3.210709
75469  -55.213  -40.701  -23.068 3.615378
75470  -55.092  -41.326  -22.583 3.170808
75471  -55.134  -41.506  -23.009 3.528556
75472  -54.973  -42.290  -23.041 3.474454
75473  -55.073  -41.648  -23.441 3.915573
75474  -55.761  -37.995  -24.631 6.059306
75475  -55.611  -38.714  -24.321 5.383677
75476  -55.596  -38.889  -24.736 5.853327
75477  -54.619  -40.682  -24.949 5.817397
75478  -54.994  -40.553  -24.666 5.433935
75479  -54.514  -41.278  -24.553 5.239060
75480  -54.488  -41.925  -24.198 4.701003
75481  -54.073  -42.051  -24.393 5.056722
75482  -53.528  -42.748  -24.153 4.883364
75483  -53.548  -42.067  -24.579 5.361427
75484  -52.097  -41.136  -24.762 6.201596
75485  -52.160  -41.785  -24.504 5.759625
75486  -51.461  -41.477  -24.312 5.834101
75487  -51.006  -41.781  -23.710 5.455608
75488  -50.805  -41.122  -24.033 5.819004
75489  -50.321  -40.849  -23.773 5.713647
75490  -50.910  -40.645  -24.338 6.177428
75491  -52.114  -38.770  -25.372 7.271400
75492  -51.445  -39.348  -24.937 6.813501
75493  -51.702  -38.634  -25.109 7.050203
75494  -51.270  -38.495  -24.824 6.742050
75495  -51.820  -37.971  -25.205 7.203891
75496  -54.751  -36.428  -26.174 8.616206
75497  -53.935  -37.250  -25.996 8.361056
75498  -54.141  -36.452  -26.086 8.465499
75499  -52.816  -35.648  -25.874 7.758314
75500  -52.822  -36.395  -25.830 7.906689
75501  -52.191  -36.356  -25.653 7.509110
75502  -51.722  -36.861  -25.326 7.202597
75503  -51.782  -36.203  -25.256 7.043237
75504  -51.379  -35.987  -24.892 6.522429
75505  -51.801  -35.451  -25.165 6.794697
75506  -52.447  -32.699  -25.441 6.322189
75507  -52.014  -33.742  -25.065 6.125585
75508  -52.060  -32.511  -25.070 5.753852
75509  -51.630  -32.294  -24.722 5.184806
75510  -52.018  -31.473  -25.244 5.382442
75511  -57.027  -29.919  -26.881 7.991176
75512  -56.983  -30.694  -26.916 8.369578
75513  -56.924  -29.974  -27.101 8.260450
75514  -56.394  -29.214  -27.756 8.192563
75515  -56.442  -29.959  -27.554 8.415916
75516  -56.097  -29.889  -27.704 8.314857
75517  -55.758  -30.548  -27.458 8.371937
75518  -55.701  -29.790  -27.708 8.110659
75519  -55.957  -25.799  -28.989 7.105466
75520  -56.168  -26.691  -28.693 7.400300
75521  -55.779  -26.605  -28.749 7.212085
75522  -54.496  -27.846  -28.136 6.820051
75523  -55.019  -27.972  -28.206 7.215924
75524  -54.592  -28.775  -27.840 7.132655
75525  -54.776  -29.580  -27.574 7.445049
75526  -54.128  -29.467  -27.413 7.008853
75527  -53.667  -30.247  -26.932 6.857050
75528  -53.541  -29.325  -27.253 6.521028
75529  -52.429  -28.340  -27.119 5.120425
75530  -52.526  -29.111  -26.781 5.448440
75531  -52.104  -29.000  -26.566 4.894763
75532  -51.767  -29.636  -25.909 4.677858
75533  -51.707  -28.894  -26.253 4.349918
75534  -51.243  -28.813  -25.901 3.827416
75535  -51.547  -28.205  -26.525 4.035963
75536  -51.497  -25.703  -27.526 3.659445
75537  -51.222  -26.535  -26.858 3.436212
75538  -50.987  -25.609  -27.136 3.145259
75541  -52.835  -22.685  -29.587 4.497506
75542  -52.574  -23.418  -29.133 4.320086
75543  -52.298  -22.521  -29.427 4.017399
90154  -54.772  -17.500  -31.108 3.281412
90155  -54.639  -17.556  -31.417 3.497318
90156  -54.894  -18.239  -31.304 3.917208
90157  -54.474  -17.555  -31.749 3.677667
90176  -52.854  -16.055  -33.656 3.411761
90177  -53.211  -16.080  -33.389 3.337006
90178  -53.341  -16.609  -33.118 3.655006
90179  -53.855  -17.408  -32.433 3.907678
90180  -53.412  -17.307  -32.724 3.954885
90181  -53.487  -17.959  -32.391 4.222276
90182  -52.977  -17.202  -32.964 3.957485
90183  -51.643  -16.457  -33.721 3.596739
90184  -52.071  -17.117  -33.218 3.825675
90185  -51.519  -17.008  -33.252 3.687258
90186  -51.370  -17.614  -32.776 3.707137
90187  -50.933  -16.824  -33.190 3.498727
90811  -49.080  -40.394  -23.402 5.246737
90812  -48.715  -40.920  -22.546 4.694626
90813  -48.713  -40.259  -23.121 4.902629
90814  -48.273  -39.318  -23.123 4.197687
90815  -48.097  -39.935  -22.773 4.071349
90816  -47.779  -39.775  -22.532 3.627393
90818  -47.409  -39.618  -22.324 3.195550
90819  -49.370  -37.104  -23.106 4.300184
90820  -49.161  -37.766  -23.192 4.354091
90821  -48.784  -37.727  -22.899 3.862593
93498  -51.450  -43.048  -22.788 4.758988
93499  -51.619  -43.417  -22.293 4.441550
93500  -50.994  -43.028  -22.010 4.455916
93501  -50.686  -43.378  -21.132 4.138877
93502  -50.350  -43.706  -20.185 3.810633
93503  -50.029  -43.909  -19.395 3.477169
93504  -49.755  -43.328  -19.857 3.655420
93505  -49.290  -43.103  -19.459 3.445560
93506  -48.887  -42.990  -19.132 3.191504
93508  -48.706  -42.640  -19.620 3.329589
93509  -48.560  -42.182  -20.200 3.474195
93510  -48.414  -41.544  -20.831 3.623885
94578  -56.647  -31.389  -24.906 6.434496
94579  -56.366  -32.072  -24.378 6.291533
94580  -56.743  -32.295  -24.870 6.847576
94581  -56.759  -33.116  -24.926 7.162173
94582  -56.644  -34.005  -25.015 7.367660
94583  -56.527  -34.879  -25.116 7.461651
94584  -56.792  -34.157  -25.450 7.862531
94585  -56.800  -34.269  -25.858 8.288812
94586  -56.659  -34.358  -26.241 8.620133
94587  -56.491  -34.465  -26.427 8.840567
94588  -56.783  -33.510  -26.463 8.804971
94589  -56.863  -32.792  -26.714 8.878092
94590  -56.714  -32.140  -26.926 8.856917
94591  -55.854  -21.965  -30.476 5.707026
94592  -55.844  -22.697  -30.247 6.035361
94593  -55.634  -22.000  -30.642 5.716855
94594  -55.240  -21.926  -30.674 5.653048
94595  -54.785  -21.791  -30.706 5.519003
94596  -54.312  -21.620  -30.708 5.317152
94597  -54.457  -20.983  -30.940 5.205122
94598  -54.018  -20.154  -31.255 4.901029
94599  -53.586  -19.355  -31.650 4.609379
97651  -50.670  -33.817  -24.081 4.780230
97652  -50.264  -34.544  -23.710 4.556623
97653  -50.286  -33.629  -23.782 4.255879
97654  -49.979  -33.521  -23.417 3.779090
97655  -49.665  -33.454  -22.977 3.358073
98901  -55.578  -26.228  -24.373 3.236214
98902  -55.819  -27.116  -24.498 3.716269
98903  -55.992  -27.950  -24.715 4.251112
98904  -56.171  -27.384  -24.991 4.198370
98905  -56.432  -27.573  -25.461 4.733815
98906  -56.682  -27.695  -25.864 5.309134
98907  -56.833  -27.807  -26.212 5.900215
98908  -56.808  -27.047  -26.053 5.265668
98909  -56.861  -26.353  -26.350 5.214590
98910  -56.925  -25.646  -26.657 5.152025
98911  -55.914  -21.604  -27.302 3.354339
98912  -56.329  -22.410  -27.341 3.840464
98913  -56.157  -21.691  -27.705 3.733127
98914  -56.399  -21.779  -28.099 4.131170
98915  -56.532  -21.842  -28.500 4.526102
98916  -56.569  -21.906  -28.951 4.892550
98917  -56.264  -21.102  -28.920 4.332698
98918  -56.016  -20.322  -29.420 4.125061
98919  -55.698  -19.482  -29.824 3.909956
101936  -51.927  -46.225  -20.491 3.478323
101937  -52.376  -46.406  -20.781 3.387487
101938  -51.736  -46.875  -19.998 3.322664
101939  -51.682  -47.472  -19.452 3.200905
101940  -51.601  -48.033  -18.955 3.111533
105173  -53.967  -29.576  -20.104 3.391912
105174  -53.703  -30.541  -20.089 3.681271
105175  -53.466  -31.565  -20.185 3.890944
105176  -54.697  -34.557  -22.988 5.017708
105177  -54.144  -34.313  -22.255 4.637762
105178  -54.314  -35.215  -22.527 4.562443
105179  -53.899  -36.012  -22.021 4.092867
105180  -53.682  -36.801  -21.546 3.633242
105181  -53.676  -37.572  -21.049 3.203733
105182  -54.083  -37.688  -21.764 3.436038
105183  -54.427  -38.645  -21.888 3.245169
105186  -54.948  -39.726  -22.551 3.380405
105187  -55.196  -39.913  -23.061 3.736961
105188  -55.325  -40.079  -23.533 4.139197
105189  -55.572  -38.407  -25.352 6.942201
105190  -55.389  -39.076  -25.056 6.295329
105191  -55.093  -39.281  -25.350 6.685212
105192  -54.658  -40.005  -25.280 6.414880
105193  -54.115  -40.687  -25.106 6.141634
105194  -53.537  -41.400  -24.917 5.869930
105195  -53.583  -40.637  -25.227 6.392043
105196  -52.857  -40.638  -25.190 6.558971
105197  -52.110  -40.445  -25.033 6.636658
105198  -51.602  -40.256  -24.853 6.622294
105199  -52.395  -39.728  -25.366 7.044557
105200  -52.535  -38.969  -25.665 7.402030
105201  -52.753  -38.261  -25.792 7.684906
105202  -54.861  -34.612  -26.438 8.620009
105203  -54.277  -35.537  -26.219 8.450742
105204  -54.270  -34.692  -26.298 8.328277
105205  -53.540  -34.765  -26.116 7.958750
105206  -52.862  -34.809  -25.876 7.519850
105207  -52.360  -34.805  -25.537 7.022247
105208  -52.895  -33.847  -25.846 7.215645
105209  -52.924  -32.777  -25.835 6.871193
105210  -52.908  -31.820  -25.931 6.508812
105211  -57.000  -28.330  -27.362 7.739155
105212  -56.866  -29.181  -27.392 8.111646
105213  -56.833  -28.367  -27.666 7.930433
105214  -56.652  -28.364  -27.916 7.996706
105215  -56.372  -28.335  -28.059 7.946201
105216  -55.125  -25.531  -29.067 6.631900
105217  -55.381  -26.429  -28.761 6.941996
105218  -54.854  -26.249  -28.749 6.600055
105219  -54.479  -26.920  -28.404 6.508054
105220  -53.900  -27.675  -28.038 6.367651
105221  -53.411  -28.536  -27.586 6.192321
105222  -53.333  -27.612  -27.840 5.871440
105223  -52.791  -27.569  -27.604 5.345243
105224  -52.318  -27.524  -27.349 4.803685
105225  -51.837  -27.504  -27.003 4.261446
105226  -52.122  -26.743  -27.568 4.494781
105227  -51.988  -25.815  -27.914 4.190500
105228  -51.786  -24.909  -28.153 3.888978
105229  -52.105  -20.974  -30.358 3.905948
105230  -51.921  -21.688  -29.752 3.723971
105231  -51.474  -20.723  -30.149 3.445853
114011  -52.430  -15.366  -34.199 3.176624
114012  -52.454  -16.035  -33.870 3.454013
114013  -52.549  -16.552  -33.492 3.705094
114014  -51.998  -15.954  -34.051 3.464429
114015  -51.614  -15.827  -34.091 3.441684
114016  -51.208  -15.690  -34.088 3.382406
114391  -49.838  -39.145  -23.889 5.672468
114392  -48.905  -39.449  -23.520 5.091943
114393  -49.351  -38.863  -23.699 5.248417
114394  -48.953  -38.802  -23.419 4.781191
114395  -48.615  -38.780  -23.306 4.294886
114396  -48.691  -36.933  -22.391 3.386894
114397  -48.477  -37.555  -22.569 3.419745
115967  -56.029  -24.305  -25.502 3.150295
115968  -56.300  -24.480  -25.919 3.568820
115969  -56.077  -23.617  -25.801 3.131204
115970  -56.080  -22.831  -26.179 3.105556
118320  -53.618  -43.989  -23.349 4.061390
118321  -53.678  -44.687  -23.037 3.728101
118322  -53.201  -44.492  -22.946 3.984706
118323  -52.839  -44.776  -22.422 3.897943
118324  -52.476  -45.139  -21.682 3.794210
118325  -51.846  -44.108  -21.808 4.151901
118326  -51.977  -44.871  -21.295 3.893530
118327  -51.995  -45.577  -20.837 3.668648
118328  -51.390  -45.901  -19.980 3.519135
118329  -50.822  -46.207  -19.046 3.346924
118330  -50.122  -46.595  -18.105 3.156717
118335  -49.709  -44.252  -18.432 3.147406
120840  -55.027  -30.023  -22.843 4.423486
120841  -54.603  -30.601  -22.303 4.400345
120842  -55.066  -31.044  -22.872 4.805903
120843  -55.103  -32.086  -22.940 5.111175
120844  -55.093  -33.068  -23.055 5.322607
120845  -55.980  -32.735  -23.997 6.078983
120846  -55.574  -33.365  -23.676 5.792140
120847  -55.069  -33.909  -23.290 5.434292
120848  -55.183  -34.765  -23.487 5.450924
120849  -55.211  -35.747  -23.547 5.386180
120850  -55.276  -36.629  -23.656 5.259915
120851  -55.394  -37.618  -23.746 5.094932
120852  -55.599  -36.858  -24.067 5.742257
120853  -55.801  -37.106  -24.500 6.240603
120854  -55.902  -37.376  -24.907 6.726166
120855  -56.334  -35.752  -25.125 7.449915
120856  -56.108  -36.733  -25.228 7.346039
120857  -55.857  -37.569  -25.300 7.169442
120858  -55.680  -37.793  -25.636 7.545187
120859  -55.351  -37.878  -25.855 7.835921
120860  -54.868  -37.968  -25.930 8.032525
120861  -54.346  -38.020  -25.941 8.132517
120862  -55.020  -37.216  -26.105 8.412191
120863  -55.202  -36.371  -26.206 8.673919
120864  -55.381  -35.474  -26.417 8.810262
120865  -56.220  -34.536  -26.584 8.945168
120866  -55.861  -34.587  -26.654 8.937572
120867  -55.367  -34.587  -26.558 8.826038
120868  -55.395  -33.676  -26.705 8.736262
120869  -55.320  -32.771  -26.795 8.562200
120870  -55.186  -32.019  -26.919 8.326969
120871  -56.851  -25.299  -28.770 6.884827
120872  -56.741  -26.016  -28.632 7.230346
120873  -56.568  -25.210  -29.003 6.953004
120874  -56.236  -25.086  -29.177 6.921284
120875  -55.852  -24.903  -29.332 6.798889
120876  -55.805  -23.404  -29.997 6.296058
120877  -55.660  -24.048  -29.728 6.483295
120878  -55.442  -24.761  -29.439 6.594746
120879  -54.919  -24.664  -29.476 6.316765
120880  -54.404  -24.618  -29.429 5.972346
120881  -53.846  -24.577  -29.265 5.569377
120882  -53.320  -24.468  -29.070 5.117220
120883  -53.727  -23.697  -29.536 5.254992
120884  -53.402  -22.848  -29.760 4.942176
120885  -53.094  -21.998  -30.071 4.634278
120886  -53.801  -21.473  -30.579 5.049770
120887  -53.294  -21.301  -30.515 4.720452
120888  -52.758  -21.138  -30.452 4.335696
120889  -52.291  -20.346  -30.900 4.051505
120890  -51.824  -19.619  -31.352 3.786782
120891  -51.305  -18.895  -31.754 3.545883
128011  -50.484  -36.928  -24.216 5.810064
128012  -50.007  -37.307  -23.814 5.366436
128013  -50.043  -36.720  -23.810 5.256120
128014  -49.746  -36.548  -23.375 4.707865
128015  -49.444  -36.428  -23.002 4.189616
128016  -49.827  -35.161  -23.326 4.307878
128017  -49.485  -35.750  -22.885 4.029183
128018  -49.144  -36.414  -22.651 3.720473
128019  -48.811  -36.285  -22.252 3.312439
130702  -54.506  -28.413  -21.524 3.277867
130703  -54.714  -28.813  -22.158 3.615652
130711  -54.950  -28.299  -22.754 3.534590
130712  -55.013  -29.161  -22.811 3.989521
130713  -55.354  -29.483  -23.366 4.406835
130714  -55.760  -29.913  -23.899 4.872643
130715  -56.119  -30.265  -24.382 5.386813
130716  -56.147  -28.735  -24.785 4.819284
130717  -56.304  -29.668  -24.805 5.392950
130718  -56.472  -30.569  -24.855 5.941254
130719  -56.803  -30.821  -25.283 6.517892
130720  -57.049  -31.001  -25.650 7.088948
130721  -57.215  -31.191  -26.067 7.620046
130722  -57.152  -31.292  -26.423 8.076149
130723  -57.121  -30.545  -26.345 7.634824
130724  -57.069  -29.888  -26.636 7.601253
130725  -57.096  -29.043  -26.844 7.528548
130726  -56.952  -27.953  -26.513 6.473862
130727  -57.073  -28.103  -26.808 6.992770
130728  -57.073  -28.240  -27.094 7.422726
130729  -57.143  -27.461  -27.462 7.286877
130730  -57.213  -26.695  -27.777 7.122316
130731  -57.188  -26.036  -28.128 6.929610
130732  -56.525  -24.687  -26.352 4.039107
130733  -56.738  -24.818  -26.687 4.548151
130734  -56.937  -24.931  -27.026 5.073091
130735  -56.713  -23.269  -27.361 4.385083
130736  -56.909  -24.193  -27.397 4.973160
130737  -57.106  -25.025  -27.389 5.583038
130738  -57.165  -25.156  -27.758 6.044190
130739  -57.123  -25.255  -28.113 6.426559
130740  -57.027  -25.312  -28.462 6.709714
130741  -56.824  -24.461  -28.863 6.464621
130742  -56.600  -23.603  -29.341 6.197854
130743  -56.348  -22.791  -29.782 5.914275
130744  -56.519  -21.952  -29.425 5.207053
130745  -56.343  -21.975  -29.846 5.452443
130746  -56.103  -21.968  -30.197 5.619723
130747  -55.910  -21.163  -30.512 5.320332
130748  -55.550  -20.351  -30.848 5.021829
130749  -55.169  -19.544  -31.057 4.728854
137117  -53.674  -45.339  -22.694 3.447960
137118  -53.631  -45.941  -22.295 3.218914
137120  -52.840  -46.597  -20.961 3.253951
137191  -50.634  -30.183  -24.750 3.479298
137192  -50.306  -30.922  -24.200 3.339421
143733  -53.778  -29.780  -18.566 3.106254
143739  -54.203  -31.235  -21.587 4.326037
143740  -53.821  -31.864  -21.002 4.194273
143741  -53.356  -32.659  -20.304 4.005465
143742  -53.722  -34.010  -21.477 4.308771
143743  -53.335  -33.725  -20.628 4.022404
143744  -53.034  -33.423  -19.760 3.766895
143745  -52.888  -34.317  -19.181 3.491185
143746  -52.822  -35.229  -18.684 3.193747
143763  -54.935  -42.971  -22.710 3.107858
143764  -54.757  -43.098  -23.097 3.447560
143765  -54.493  -43.283  -23.462 3.796459
143766  -55.436  -38.435  -23.853 4.913534
143767  -55.459  -39.377  -23.971 4.734482
143768  -55.355  -40.217  -23.979 4.571044
143769  -55.307  -39.761  -24.708 5.640727
143770  -55.261  -40.397  -24.331 5.010706
143771  -55.155  -41.049  -23.933 4.430264
143772  -54.832  -41.803  -23.864 4.313483
143773  -54.453  -42.573  -23.831 4.217535
143774  -54.084  -43.438  -23.679 4.136159
143775  -53.531  -43.386  -23.736 4.447607
143776  -52.969  -43.280  -23.734 4.712966
143777  -52.421  -43.211  -23.654 4.917130
143778  -52.935  -41.992  -24.612 5.599545
143779  -52.265  -42.469  -24.153 5.327234
143780  -51.856  -43.140  -23.386 5.048478
143781  -51.295  -42.630  -23.220 5.099255
143782  -50.486  -42.094  -22.890 5.065563
143783  -49.794  -41.805  -22.545 4.947484
143784  -49.253  -41.612  -22.277 4.749094
143785  -49.683  -41.221  -23.108 5.235495
143786  -49.758  -40.552  -23.602 5.520720
143787  -49.996  -40.007  -23.954 5.791774
143788  -51.130  -40.010  -24.651 6.515331
143789  -50.725  -39.766  -24.458 6.317503
143790  -50.283  -39.465  -24.157 6.033564
143791  -50.524  -38.889  -24.385 6.227684
143792  -50.745  -38.263  -24.470 6.354408
143793  -50.906  -37.724  -24.551 6.396415
143794  -53.818  -37.962  -25.931 8.137239
143795  -53.310  -37.778  -25.915 8.049363
143796  -52.732  -37.671  -25.806 7.871503
143797  -53.464  -36.435  -25.999 8.227365
143798  -52.766  -37.010  -25.813 7.946931
143799  -52.329  -37.474  -25.584 7.606248
143800  -51.837  -37.392  -25.287 7.257408
143801  -51.387  -37.250  -24.983 6.832245
143802  -50.886  -37.105  -24.599 6.343481
143803  -50.922  -36.500  -24.616 6.195943
143804  -50.957  -35.735  -24.541 5.965424
143805  -50.996  -34.926  -24.404 5.671832
143806  -51.924  -34.655  -25.119 6.480241
143807  -51.456  -34.378  -24.735 5.912040
143808  -51.047  -34.073  -24.370 5.338402
143809  -51.134  -33.208  -24.389 4.986633
143810  -51.224  -32.157  -24.447 4.633133
143811  -51.094  -31.136  -24.713 4.288395
143812  -57.025  -31.380  -26.710 8.428270
143813  -56.893  -31.424  -26.935 8.658496
143814  -56.631  -31.482  -27.120 8.761105
143815  -56.732  -30.000  -27.329 8.401075
143816  -56.555  -30.740  -27.334 8.609090
143817  -56.251  -31.475  -27.239 8.740417
143818  -55.895  -31.384  -27.281 8.606824
143819  -55.460  -31.316  -27.203 8.373043
143820  -54.973  -31.224  -27.089 8.051833
143821  -56.533  -26.765  -28.556 7.495823
143822  -56.309  -27.539  -28.378 7.681208
143823  -56.021  -28.266  -28.152 7.790855
143824  -55.531  -27.285  -28.508 7.246088
143825  -55.534  -28.120  -28.229 7.543398
143826  -55.611  -28.956  -27.960 7.832571
143827  -55.293  -29.691  -27.670 7.816495
143828  -54.842  -30.430  -27.296 7.753865
143829  -54.415  -31.185  -26.924 7.655508
143830  -53.879  -31.122  -26.717 7.196431
143831  -53.306  -31.010  -26.442 6.687952
143832  -52.811  -30.863  -26.151 6.145039
143833  -53.011  -29.216  -27.029 5.995776
143834  -52.695  -29.991  -26.442 5.790074
143835  -52.326  -30.674  -25.817 5.584118
143836  -51.952  -30.495  -25.569 5.022161
143837  -51.502  -30.321  -25.309 4.475318
143838  -51.058  -30.250  -25.099 3.957484
143839  -50.949  -29.403  -25.336 3.641317
143840  -50.828  -28.744  -25.561 3.338308
143842  -51.399  -27.412  -26.655 3.732482
143843  -50.960  -27.329  -26.281 3.229222
143848  -52.787  -24.321  -28.878 4.627299
143849  -52.165  -24.143  -28.695 4.113255
143850  -51.668  -23.985  -28.469 3.590412
143851  -51.623  -22.376  -29.210 3.517347
143852  -51.417  -23.050  -28.747 3.297434
161431  -55.335  -18.664  -29.375 3.126161
161432  -55.406  -18.745  -29.825 3.413264
161433  -55.461  -18.829  -30.265 3.694133
161435  -55.208  -18.117  -30.709 3.483297
161436  -55.391  -18.886  -30.625 3.950494
161437  -55.248  -18.925  -30.930 4.166936
161438  -55.055  -18.938  -31.217 4.333246
161439  -54.809  -18.900  -31.537 4.444593
161462  -53.525  -16.119  -33.054 3.228141
161463  -53.956  -16.772  -32.389 3.448382
161464  -54.286  -17.457  -32.119 3.815297
161465  -54.343  -18.183  -31.941 4.170720
161466  -54.473  -18.843  -31.769 4.499920
161467  -54.048  -18.781  -31.949 4.499666
161468  -53.556  -18.718  -32.078 4.443997
161469  -52.987  -18.595  -32.218 4.332165
161470  -52.568  -17.180  -33.118 3.914996
161471  -52.430  -17.763  -32.740 4.070721
161472  -52.408  -18.525  -32.313 4.163150
161473  -51.835  -18.466  -32.362 3.937151
161474  -51.270  -18.272  -32.324 3.657427
161475  -50.695  -18.006  -32.174 3.331691
161477  -50.802  -14.944  -34.557 3.179860
161478  -50.717  -15.569  -34.057 3.282338
161480  -50.061  -15.527  -33.972 3.138223
161481  -50.580  -16.100  -33.538 3.310254
161482  -50.371  -16.680  -33.106 3.262137
161483  -50.203  -17.312  -32.591 3.144958
162223  -48.860  -41.475  -21.968 4.478744
162224  -48.462  -41.314  -21.666 4.148974
162225  -48.203  -41.034  -21.453 3.776397
162226  -48.359  -40.054  -22.917 4.504114
162227  -48.062  -40.483  -22.117 3.927751
162228  -47.956  -40.838  -21.285 3.380708
162232  -49.540  -37.776  -23.541 4.874484
162233  -48.893  -38.300  -23.242 4.350481
162234  -48.269  -38.677  -22.983 3.815142
162235  -48.227  -38.114  -22.595 3.411187
162236  -47.928  -38.589  -22.785 3.365501
162237  -47.600  -39.093  -22.729 3.290416
162250  -49.983  -31.837  -23.759 3.216811
162251  -49.623  -32.578  -23.229 3.104744
