#!ascii label , from subject fsaverage
627
313  -5.029  -66.464  22.713 3.681778
586  -5.378  -62.572  17.634 3.081266
587  -8.312  -59.375  11.315 3.242921
1301  -5.071  -64.575  20.452 2.816108
1326  -4.934  -57.326  13.722 2.546069
1715  -5.758  -61.595  26.963 2.917796
1716  -4.170  -67.544  25.617 3.513669
2396  -5.051  -58.404  17.528 2.582834
2397  -6.151  -60.789  14.591 3.291635
2426  -11.654  -58.096  9.979 2.632725
3817  -4.052  -65.531  29.207 2.573375
3818  -3.879  -65.190  27.580 3.254494
3819  -3.764  -67.903  27.236 2.873817
5340  -3.600  -64.395  24.628 3.855383
5341  -5.836  -61.293  25.611 2.534545
5342  -3.623  -63.900  23.111 3.268157
5343  -4.972  -63.517  19.133 2.862159
5344  -3.541  -62.373  20.281 2.530389
5345  -3.609  -61.761  18.656 2.747062
5347  -3.796  -61.198  16.790 3.108617
5348  -4.078  -60.557  15.116 3.362271
5349  -5.765  -61.713  16.164 3.219634
5417  -7.159  -58.405  9.990 3.216104
5418  -8.520  -57.381  9.435 3.163606
5419  -10.185  -58.925  10.351 2.916716
6948  -9.373  -65.815  22.384 2.704050
6949  -5.241  -65.775  21.631 3.142702
6950  -9.588  -64.553  21.586 2.517699
6951  -8.801  -63.292  20.893 2.525368
6952  -8.716  -61.924  19.635 2.662410
6953  -8.661  -60.797  18.306 2.697396
6996  -5.523  -58.974  11.583 3.382641
7842  -5.700  -62.186  28.298 2.717889
7843  -3.722  -64.884  26.006 3.868012
7844  -4.609  -67.079  24.102 3.897857
7846  -6.973  -67.757  24.976 2.762748
7847  -8.065  -66.800  23.558 2.857404
9741  -3.634  -63.164  21.689 2.699542
9747  -4.829  -57.830  15.669 2.708023
9748  -4.669  -59.775  13.303 3.457063
9749  -7.153  -59.820  12.888 3.365595
9750  -8.819  -60.065  16.763 2.598369
9751  -9.504  -59.348  14.833 2.576978
9752  -10.570  -59.441  12.870 2.578167
11497  -3.634  -66.923  29.096 2.558969
11498  -3.621  -66.751  28.174 2.798384
11499  -3.643  -68.089  28.128 2.623298
13020  -3.728  -65.828  23.410 3.898470
13021  -3.610  -64.200  23.859 3.599886
13022  -3.823  -65.502  22.761 3.620145
13023  -5.084  -63.051  18.369 2.969326
13024  -3.888  -62.954  18.582 2.874303
13025  -4.076  -62.526  17.788 3.015546
13026  -3.707  -61.558  17.715 2.929271
13027  -4.295  -62.130  17.017 3.159241
13028  -4.481  -61.728  16.226 3.278020
13029  -5.552  -62.123  16.931 3.167254
13097  -7.743  -58.956  10.598 3.334836
13098  -8.575  -58.703  10.161 3.207880
13099  -9.347  -59.277  10.756 3.088852
13100  -11.038  -59.574  10.668 2.652637
13101  -10.020  -59.630  11.352 2.837139
15421  -9.797  -65.193  21.960 2.595503
15426  -8.771  -62.578  20.252 2.592027
15500  -5.391  -58.121  11.230 2.967603
15501  -4.900  -58.266  12.421 3.055535
17215  -3.574  -66.462  26.464 3.501699
17216  -3.823  -65.010  26.821 3.611720
17217  -3.592  -66.221  25.692 3.825741
17218  -3.619  -66.091  24.894 4.026167
17219  -4.371  -67.278  24.843 3.770680
17226  -7.462  -67.333  24.243 2.843504
21788  -5.177  -65.222  21.113 2.931538
21789  -3.901  -64.757  21.443 3.020429
21790  -3.900  -64.297  20.744 2.831376
21804  -4.920  -58.078  16.632 2.690094
21805  -4.866  -61.086  14.553 3.433511
21806  -4.375  -60.249  14.215 3.428982
21807  -5.175  -60.558  13.766 3.488807
21808  -5.655  -60.029  12.849 3.523316
21809  -6.540  -60.210  13.829 3.336654
21811  -8.687  -60.423  17.597 2.651857
21816  -10.055  -59.266  13.800 2.595445
22014  -6.915  -55.935  8.939 2.599501
22015  -10.012  -57.805  9.725 3.023232
22016  -9.294  -56.978  9.290 3.203722
22017  -10.757  -57.284  9.683 2.980473
22019  -12.421  -57.393  10.023 2.536227
25304  -4.687  -63.883  28.706 2.785460
25305  -3.988  -65.467  28.305 2.882100
25306  -3.513  -66.643  27.307 3.132775
25307  -3.944  -67.726  26.381 3.190700
28044  -4.626  -63.108  25.883 3.527014
28045  -5.739  -61.426  26.302 2.783948
28046  -4.503  -62.867  25.210 3.321140
28047  -4.434  -62.640  24.405 3.011865
28048  -4.352  -62.205  23.727 2.682728
28049  -4.995  -63.991  19.789 2.799580
28050  -3.807  -63.775  20.041 2.751742
28051  -3.856  -63.341  19.323 2.774289
28052  -3.558  -61.992  19.550 2.601799
28056  -4.074  -60.174  18.030 2.716323
28057  -4.023  -59.893  17.099 2.918730
28058  -4.087  -59.592  16.200 3.068518
28059  -3.869  -60.852  15.929 3.256232
28060  -4.600  -61.396  15.358 3.366006
28061  -5.899  -61.307  15.370 3.254020
28183  -6.681  -57.571  9.509 2.896547
28184  -7.352  -57.116  9.101 2.955009
28185  -7.912  -57.924  9.621 3.166838
28186  -9.295  -58.201  9.947 3.098650
28187  -10.922  -58.576  10.063 2.759501
31572  -6.960  -66.446  22.500 3.253338
31573  -5.191  -66.109  22.132 3.414964
31574  -7.266  -65.929  22.064 3.043453
31575  -7.225  -65.390  21.683 2.854939
31576  -6.955  -64.810  21.231 2.733677
31579  -6.759  -64.155  20.658 2.695980
31580  -6.591  -63.545  20.017 2.731686
31581  -6.762  -62.929  19.353 2.812094
31582  -6.990  -62.320  18.646 2.899251
31583  -7.019  -61.869  17.932 2.959139
31584  -8.669  -61.343  18.993 2.703677
31684  -6.004  -57.868  10.199 2.905091
31685  -6.356  -58.728  10.673 3.297376
31686  -6.846  -59.294  11.292 3.447887
33902  -5.746  -61.841  27.668 2.893795
33903  -4.653  -63.659  27.913 3.137475
33904  -4.613  -63.437  27.162 3.422749
33905  -4.548  -63.240  26.575 3.565775
33906  -3.604  -64.682  25.246 3.956512
33907  -3.631  -65.958  24.101 4.051138
33908  -4.849  -66.806  23.366 3.862974
33909  -4.391  -68.925  27.490 2.564621
33910  -4.657  -68.623  26.657 2.780283
33911  -5.060  -68.337  25.884 3.032220
33913  -6.565  -68.110  25.823 2.633344
33914  -5.364  -67.993  25.142 3.268745
33915  -5.892  -67.639  24.422 3.435059
33916  -6.259  -67.327  23.721 3.489799
33917  -6.616  -66.892  23.043 3.420827
33918  -8.791  -66.252  22.929 2.803985
39459  -3.828  -65.165  22.048 3.300569
39460  -3.594  -63.526  22.441 2.946650
39462  -3.560  -62.814  20.942 2.558881
39479  -4.859  -57.588  14.708 2.650463
39480  -4.213  -59.276  15.294 3.152197
39481  -4.390  -58.962  14.376 3.171004
39482  -4.588  -58.637  13.406 3.133163
39483  -5.056  -59.382  12.413 3.441560
39484  -6.232  -59.625  12.047 3.514610
39485  -7.774  -59.560  12.088 3.340842
39486  -7.096  -61.484  17.224 2.977884
39487  -7.244  -61.044  16.468 2.969413
39488  -7.514  -60.569  15.659 2.963565
39490  -9.098  -59.696  15.870 2.569937
39491  -7.893  -60.102  14.876 2.981528
39492  -8.238  -59.707  13.901 3.015162
39493  -8.787  -59.543  12.954 3.025812
39494  -9.474  -59.579  12.118 2.970387
39733  -8.017  -56.557  8.971 3.077318
42217  -3.586  -67.622  29.051 2.522567
42218  -3.580  -67.530  28.593 2.605243
42219  -3.607  -68.170  28.569 2.535477
43740  -4.296  -66.275  22.993 3.820343
43741  -3.790  -65.678  23.073 3.770086
43742  -4.366  -66.104  22.677 3.689836
43743  -5.252  -62.802  18.007 3.027034
43744  -4.516  -62.890  18.014 3.008447
43745  -4.646  -62.673  17.631 3.073680
43746  -4.173  -62.348  17.392 3.089252
43747  -4.776  -62.432  17.279 3.135349
43748  -4.827  -62.243  16.900 3.190358
43749  -5.477  -62.338  17.282 3.128624
43817  -8.050  -59.174  10.950 3.314172
43818  -8.516  -59.089  10.685 3.242710
43819  -8.851  -59.301  11.008 3.170675
43820  -9.722  -59.488  11.051 2.977513
43821  -9.124  -59.443  11.337 3.058835
46220  -4.988  -57.774  12.406 2.766032
46221  -4.857  -57.822  13.063 2.816947
47935  -3.784  -67.032  26.007 3.538167
47936  -3.597  -66.348  26.106 3.674561
47937  -3.814  -66.937  25.610 3.697415
47938  -3.887  -66.810  25.223 3.832604
47939  -4.287  -67.397  25.242 3.654898
52500  -6.492  -60.920  27.355 2.528412
52508  -5.090  -64.906  20.763 2.861019
52509  -4.426  -64.865  20.869 2.903407
52510  -4.406  -64.575  20.486 2.839925
52524  -4.976  -58.227  17.127 2.647771
52525  -5.470  -61.012  14.541 3.387244
52526  -5.036  -60.809  14.193 3.462758
52527  -5.603  -60.745  14.173 3.412901
52528  -5.853  -60.411  13.769 3.437463
52529  -6.341  -60.495  14.246 3.314064
52734  -6.581  -56.210  9.114 2.506438
52735  -10.805  -57.979  9.845 2.850221
52736  -10.366  -57.566  9.696 2.998394
52737  -11.199  -57.705  9.909 2.809822
52738  -11.608  -57.320  9.910 2.776026
52739  -12.051  -57.756  10.013 2.581131
57532  -4.324  -64.841  29.408 2.533882
57533  -4.333  -64.802  28.916 2.687978
57534  -4.025  -65.510  28.757 2.715655
57535  -3.558  -67.370  27.649 2.855467
57536  -3.545  -66.721  27.747 2.956881
57537  -3.588  -67.303  27.225 3.014294
57538  -3.565  -67.210  26.773 3.186833
57539  -3.815  -67.850  26.785 3.027277
62100  -3.989  -63.706  25.315 3.727702
62101  -4.558  -62.946  25.574 3.441886
62102  -3.966  -63.577  24.969 3.627465
62103  -3.549  -64.035  23.422 3.437891
62104  -3.932  -63.408  24.142 3.337260
62105  -3.937  -63.181  23.789 3.168863
62106  -4.389  -62.409  24.084 2.844768
62107  -3.933  -63.036  23.433 2.999514
62108  -4.988  -63.745  19.464 2.822875
62109  -4.320  -63.761  19.480 2.804847
62110  -4.366  -63.514  19.167 2.837164
62111  -3.652  -62.402  18.560 2.828000
62112  -3.614  -62.561  18.952 2.759750
62113  -3.548  -61.859  19.131 2.667318
62115  -3.729  -61.208  19.269 2.542836
62117  -3.759  -61.052  18.814 2.634606
62118  -3.758  -61.374  17.250 3.021523
62119  -3.796  -60.951  17.803 2.837664
62120  -3.814  -60.749  17.365 2.938156
62121  -4.053  -60.042  17.562 2.822447
62122  -3.776  -60.611  16.884 3.031635
62123  -3.823  -60.416  16.459 3.114684
62124  -3.810  -61.020  16.344 3.187452
62125  -5.059  -61.808  16.143 3.275935
62126  -4.519  -61.569  15.787 3.325403
62127  -5.126  -61.628  15.713 3.308051
62128  -5.184  -61.449  15.289 3.335870
62129  -5.809  -61.551  15.740 3.237590
62332  -6.910  -58.019  9.738 3.079006
62333  -7.238  -57.772  9.503 3.073256
62334  -7.519  -58.208  9.816 3.186189
62335  -9.359  -58.841  10.288 3.091355
62336  -8.965  -58.491  10.017 3.149605
62337  -9.787  -58.620  10.131 3.019897
62338  -10.134  -58.417  10.028 2.955132
62339  -10.582  -58.744  10.169 2.834846
62340  -11.362  -58.894  10.129 2.611206
62341  -11.019  -59.060  10.278 2.700027
69300  -8.125  -66.174  22.446 2.986274
69301  -7.161  -66.169  22.257 3.149549
69302  -8.329  -65.880  22.210 2.903861
69303  -9.751  -64.855  21.781 2.550773
69304  -8.566  -65.288  21.807 2.748464
69305  -8.382  -65.004  21.649 2.687101
69306  -7.071  -65.124  21.447 2.784177
69307  -8.199  -64.750  21.487 2.641932
69313  -9.034  -63.621  21.113 2.503721
69314  -7.933  -64.110  21.082 2.605750
69315  -7.765  -63.786  20.815 2.613476
69316  -6.628  -63.838  20.343 2.706116
69317  -7.618  -63.444  20.514 2.635357
69318  -8.695  -62.247  19.986 2.628947
69319  -7.713  -62.755  19.830 2.706525
69320  -7.782  -62.428  19.503 2.746775
69321  -6.904  -62.606  18.990 2.857239
69322  -7.829  -62.125  19.142 2.783922
69323  -7.840  -61.857  18.810 2.813846
69324  -8.664  -61.660  19.272 2.688362
69540  -5.906  -57.382  10.114 2.642161
69541  -5.615  -57.522  10.579 2.652654
69542  -5.442  -58.599  11.373 3.206881
69543  -5.808  -58.488  10.879 3.165324
69544  -5.948  -58.937  11.090 3.341554
69545  -6.617  -59.054  10.963 3.405504
69546  -6.148  -59.218  11.377 3.450541
74684  -5.710  -62.001  27.959 2.822520
74685  -4.249  -64.527  28.145 3.046407
74686  -4.637  -63.771  28.289 2.964417
74687  -4.232  -64.430  27.745 3.231521
74688  -3.737  -64.940  26.410 3.757436
74689  -4.177  -64.243  26.973 3.559314
74690  -4.126  -64.177  26.571 3.680893
74691  -4.580  -63.344  26.864 3.515657
74692  -4.058  -64.150  26.187 3.762512
74693  -4.050  -63.981  25.919 3.798469
74694  -3.702  -64.798  25.617 3.935904
74695  -4.007  -66.711  24.436 3.997775
74696  -3.636  -66.021  24.507 4.062060
74697  -4.082  -66.604  24.068 4.016829
74698  -4.128  -66.496  23.687 3.991257
74699  -4.743  -66.976  23.723 3.900897
74704  -5.135  -68.894  26.922 2.563916
74705  -5.340  -68.711  26.529 2.659261
74706  -4.825  -68.497  26.246 2.904702
74707  -5.565  -68.518  26.170 2.760617
74713  -6.752  -67.976  25.380 2.702460
74714  -5.982  -68.129  25.463 2.959584
74715  -6.206  -67.946  25.043 3.045828
74716  -5.663  -67.800  24.785 3.363790
74717  -6.465  -67.771  24.663 3.116156
74718  -7.702  -67.073  23.918 2.859308
74719  -6.878  -67.380  23.941 3.192900
74720  -7.082  -67.183  23.635 3.194672
74721  -6.470  -67.183  23.383 3.470083
74722  -7.413  -66.906  23.289 3.171786
74723  -7.692  -66.648  22.963 3.126443
74724  -8.419  -66.529  23.218 2.838324
88388  -5.793  -61.366  25.961 2.669590
88403  -5.239  -65.907  21.896 3.274701
88404  -4.402  -65.745  22.055 3.390089
88405  -4.426  -65.572  21.775 3.242210
88406  -3.634  -64.035  21.475 2.883190
88407  -3.582  -64.229  21.841 3.006343
88408  -3.644  -63.315  22.085 2.811066
88409  -3.875  -62.576  22.758 2.694375
88410  -3.912  -62.466  22.361 2.571899
88411  -3.553  -63.135  20.063 2.660383
88412  -3.587  -63.351  20.448 2.674401
88413  -3.552  -62.572  20.633 2.531029
88454  -4.815  -57.725  15.175 2.687216
88455  -3.960  -60.096  15.592 3.242353
88456  -4.102  -59.463  15.746 3.118765
88457  -4.090  -59.993  15.150 3.286042
88458  -4.528  -60.004  13.798 3.448094
88459  -4.316  -59.616  14.285 3.334406
88460  -4.438  -59.418  13.809 3.339634
88461  -4.494  -58.807  13.864 3.158385
88462  -4.565  -59.232  13.296 3.332562
88463  -4.723  -59.069  12.849 3.313856
88464  -4.860  -59.551  12.846 3.455056
88465  -6.380  -59.934  12.865 3.470910
88466  -5.940  -59.811  12.455 3.525768
88467  -6.664  -59.765  12.447 3.471622
88468  -6.993  -59.564  12.063 3.456801
88469  -7.490  -59.659  12.489 3.361955
88470  -7.862  -61.371  18.140 2.841616
88471  -7.050  -61.673  17.601 2.973394
88472  -7.828  -61.186  17.753 2.838643
88473  -8.763  -60.228  17.176 2.623774
88474  -7.922  -60.740  17.022 2.810463
88475  -8.015  -60.544  16.624 2.793495
88476  -7.363  -60.831  16.074 2.964337
88477  -8.147  -60.342  16.225 2.780362
88483  -9.254  -59.493  15.363 2.569721
88484  -8.527  -59.934  15.366 2.776346
88485  -8.737  -59.727  14.873 2.785974
88486  -8.007  -59.880  14.392 2.998251
88487  -8.915  -59.553  14.366 2.799895
88488  -10.279  -59.337  13.338 2.594244
88489  -9.435  -59.448  13.394 2.818483
88490  -9.673  -59.429  12.956 2.810601
88491  -9.163  -59.530  12.509 3.008123
88492  -9.985  -59.485  12.499 2.784524
88493  -10.285  -59.583  12.102 2.738210
88494  -10.830  -59.510  12.409 2.543492
89085  -7.835  -57.162  9.273 3.104516
89086  -7.532  -56.695  9.051 3.008968
89087  -8.194  -56.986  9.182 3.140679
94423  -3.787  -66.220  29.133 2.578662
94424  -3.785  -66.174  28.651 2.704153
94425  -3.620  -66.790  28.646 2.664098
94426  -3.590  -67.402  28.146 2.717359
94427  -3.707  -67.987  27.674 2.737352
97164  -3.524  -65.153  23.947 3.911367
97165  -3.611  -64.301  24.234 3.742681
97166  -3.549  -65.015  23.597 3.789155
97167  -3.519  -64.896  23.230 3.640827
97168  -3.552  -64.747  22.865 3.477635
97169  -5.035  -63.255  18.776 2.912675
97170  -4.319  -63.347  18.819 2.885144
97171  -4.422  -63.085  18.431 2.943933
97172  -3.990  -62.737  18.195 2.942275
97173  -3.715  -62.218  18.129 2.906123
97174  -3.653  -61.651  18.200 2.836129
97175  -3.800  -62.070  17.706 2.989074
97176  -3.854  -61.909  17.272 3.071993
97177  -3.967  -61.708  16.851 3.150786
97178  -4.003  -61.533  16.399 3.222534
97179  -4.373  -61.952  16.610 3.222657
97180  -4.971  -61.995  16.539 3.237193
97181  -5.654  -61.941  16.525 3.197079
97303  -7.418  -58.770  10.258 3.302213
97304  -7.839  -58.546  10.065 3.252394
97305  -8.167  -58.853  10.359 3.270860
97306  -8.939  -58.999  10.472 3.166886
97307  -9.768  -59.143  10.559 3.002616
97308  -10.627  -59.280  10.500 2.793197
97309  -10.200  -59.454  10.782 2.887214
97310  -10.568  -59.642  10.999 2.748753
97311  -10.833  -59.768  11.294 2.590795
101485  -9.647  -65.491  22.175 2.648194
101494  -8.761  -62.946  20.594 2.556079
101496  -9.787  -62.095  20.384 2.510129
101497  -9.706  -61.745  20.080 2.541708
101498  -9.623  -61.401  19.759 2.565122
101628  -5.389  -57.640  11.170 2.679224
101629  -5.153  -57.725  11.749 2.718462
101630  -5.124  -58.204  11.808 3.010611
101631  -5.108  -58.671  11.914 3.248087
104714  -5.715  -62.312  28.640 2.587548
104715  -3.605  -65.857  26.997 3.406709
104716  -3.800  -65.107  27.193 3.440475
104717  -3.613  -65.742  26.655 3.588519
104718  -3.576  -65.621  26.287 3.751826
104719  -3.560  -65.542  25.836 3.886286
104720  -3.544  -65.482  25.450 3.982994
104721  -3.579  -66.133  25.272 3.945598
104722  -3.919  -66.729  24.814 3.934989
104723  -4.480  -67.144  24.464 3.853506
104734  -7.209  -67.559  24.600 2.810701
112946  -5.237  -65.491  21.402 3.026509
112947  -4.438  -65.343  21.515 3.107798
112948  -4.400  -65.162  21.207 2.993418
112949  -3.891  -64.563  21.081 2.912657
112950  -3.642  -63.801  21.139 2.785662
112976  -4.847  -57.928  16.206 2.709745
112977  -4.396  -60.877  14.756 3.425954
112978  -4.228  -60.423  14.686 3.400329
112979  -4.530  -60.728  14.340 3.459271
112980  -4.718  -60.470  13.937 3.486569
112981  -4.874  -60.231  13.491 3.507002
112982  -5.096  -59.967  13.028 3.518952
112983  -5.447  -60.242  13.347 3.509920
112984  -6.125  -60.141  13.309 3.458118
112985  -6.829  -59.980  13.357 3.355506
112986  -9.519  -60.235  18.441 2.535951
112987  -8.655  -60.605  17.929 2.677923
112988  -9.493  -60.007  18.083 2.501629
112996  -9.784  -59.234  14.274 2.587521
113355  -9.280  -57.640  9.582 3.133116
113356  -8.946  -57.264  9.343 3.179013
113357  -9.576  -57.410  9.534 3.127414
113358  -9.981  -57.132  9.486 3.129494
120483  -4.720  -64.041  29.094 2.611238
120484  -4.307  -64.702  28.539 2.861803
120485  -3.943  -65.319  27.961 3.064852
120486  -3.735  -66.147  28.207 2.857020
120487  -3.694  -66.054  27.833 3.030791
120488  -3.661  -65.965  27.398 3.217258
120489  -3.513  -66.547  26.849 3.317621
120490  -3.691  -67.132  26.374 3.364644
120491  -4.068  -67.627  25.993 3.355860
126876  -5.210  -62.381  26.476 3.254902
126877  -5.722  -61.491  26.595 2.868956
126878  -5.202  -62.314  26.089 3.187160
126879  -5.142  -62.221  25.763 3.082780
126880  -5.143  -62.154  25.395 2.950028
126881  -3.894  -63.524  24.570 3.493867
126882  -4.432  -62.843  24.771 3.174236
126883  -5.088  -62.033  25.008 2.798759
126884  -5.039  -61.854  24.660 2.639274
126887  -5.001  -64.316  20.098 2.796289
126888  -4.368  -64.272  20.166 2.803312
126889  -4.295  -63.995  19.803 2.792422
126890  -3.820  -63.534  19.680 2.751447
126891  -3.576  -62.926  19.716 2.671947
126892  -3.896  -63.119  18.982 2.816682
126893  -3.595  -62.741  19.323 2.706293
126894  -3.536  -62.174  19.900 2.554935
126902  -3.795  -60.988  18.319 2.734707
126903  -4.107  -60.257  18.493 2.605319
126905  -4.524  -59.421  18.255 2.567501
126906  -4.488  -59.289  17.795 2.675002
126907  -4.462  -59.157  17.342 2.769066
126908  -4.415  -59.007  16.864 2.845938
126909  -4.032  -59.739  16.650 3.001522
126910  -3.890  -60.244  16.037 3.185214
126911  -3.970  -60.669  15.521 3.314416
126912  -4.079  -61.353  15.992 3.285725
126913  -4.151  -61.178  15.580 3.340150
126914  -4.249  -61.025  15.124 3.386522
126915  -4.719  -61.219  14.934 3.401524
126916  -5.305  -61.259  14.905 3.361695
126917  -6.007  -61.058  14.961 3.271544
127201  -6.500  -57.083  9.346 2.677613
127202  -6.828  -56.846  9.151 2.725000
127203  -7.030  -57.340  9.285 2.917237
127204  -7.647  -57.548  9.341 3.081736
127205  -8.204  -57.623  9.526 3.159258
127206  -8.223  -58.324  9.901 3.208635
127207  -8.536  -58.037  9.793 3.173455
127208  -8.851  -57.774  9.712 3.148197
127209  -9.648  -57.998  9.826 3.056423
127210  -10.463  -58.203  9.912 2.898470
127211  -11.261  -58.394  9.973 2.692035
127213  -11.676  -58.708  10.090 2.529051
127216  -11.503  -59.410  10.338 2.553903
136164  -5.892  -66.519  22.559 3.489527
136165  -5.137  -66.269  22.424 3.554110
136166  -6.087  -66.317  22.291 3.370597
136167  -6.186  -66.085  22.069 3.245072
136168  -6.215  -65.915  21.851 3.122275
136169  -8.523  -65.584  22.003 2.822451
136170  -7.343  -65.638  21.848 2.943007
136171  -6.215  -65.624  21.648 3.010370
136172  -6.128  -65.371  21.404 2.915604
136173  -5.967  -65.092  21.124 2.842181
136174  -5.915  -64.745  20.842 2.792206
136181  -8.088  -64.426  21.292 2.614772
136182  -6.841  -64.490  21.008 2.704484
136183  -5.811  -64.456  20.514 2.765890
136184  -5.783  -64.114  20.194 2.761900
136185  -5.737  -63.831  19.859 2.777569
136186  -5.702  -63.587  19.517 2.809204
136187  -7.631  -63.080  20.166 2.667805
136188  -6.656  -63.240  19.677 2.768585
136189  -5.789  -63.293  19.195 2.852343
136190  -5.861  -63.037  18.823 2.901975
136191  -6.024  -62.757  18.478 2.952993
136192  -6.085  -62.528  18.099 3.000722
136193  -6.198  -62.272  17.751 3.041374
136194  -7.005  -62.079  18.285 2.934104
136195  -7.852  -61.591  18.493 2.833521
136196  -8.682  -61.061  18.676 2.706645
136197  -9.554  -61.107  19.460 2.577277
136198  -9.532  -60.788  19.186 2.576286
136199  -9.522  -60.479  18.803 2.561965
136468  -6.219  -57.295  9.667 2.650075
136469  -6.368  -57.817  9.783 2.892871
136470  -6.549  -58.190  10.018 3.097863
136471  -5.701  -58.008  10.713 2.931073
136472  -6.166  -58.328  10.396 3.127687
136473  -6.770  -58.562  10.293 3.254249
136474  -7.027  -58.878  10.590 3.354645
136475  -7.350  -59.151  10.891 3.395374
136476  -7.557  -59.338  11.271 3.376321
142801  -6.519  -61.093  27.736 2.521433
142802  -5.780  -61.673  27.360 2.926361
142803  -5.162  -63.113  28.857 2.645701
142804  -5.108  -63.006  28.460 2.811778
142805  -5.106  -62.873  28.093 2.966072
142806  -4.273  -64.328  27.381 3.406143
142807  -4.673  -63.501  27.559 3.293714
142808  -5.128  -62.728  27.763 3.098283
142809  -5.090  -62.622  27.473 3.199162
142810  -5.116  -62.490  27.177 3.261405
142811  -5.165  -62.420  26.844 3.280408
142812  -4.568  -63.135  26.261 3.569549
142813  -3.997  -63.821  25.660 3.786406
142814  -3.622  -64.530  24.938 3.928763
142815  -3.512  -65.386  25.057 4.035442
142816  -3.496  -65.325  24.639 4.040194
142817  -3.413  -65.269  24.231 3.997510
142818  -3.698  -65.895  23.761 3.994900
142819  -4.218  -66.388  23.333 3.923750
142820  -4.936  -66.683  23.001 3.787719
142821  -3.800  -68.685  28.167 2.523242
142822  -3.962  -68.570  27.753 2.611023
142823  -4.031  -68.446  27.329 2.721363
142825  -4.466  -68.795  27.063 2.665181
142826  -4.070  -68.373  26.880 2.850274
142827  -4.258  -68.224  26.476 2.992269
142828  -4.406  -68.123  26.061 3.140609
142829  -4.583  -68.002  25.686 3.287552
142835  -6.321  -68.311  26.164 2.559441
142836  -5.807  -68.354  25.811 2.862622
142837  -5.226  -68.162  25.507 3.155942
142838  -4.732  -67.852  25.331 3.424820
142839  -4.881  -67.764  24.910 3.544207
142840  -5.069  -67.525  24.592 3.638147
142841  -5.190  -67.386  24.206 3.700524
142842  -6.662  -67.583  24.287 3.166213
142843  -6.053  -67.485  24.047 3.477972
142844  -5.394  -67.293  23.863 3.727232
142845  -5.561  -67.128  23.510 3.716719
142846  -5.671  -66.987  23.101 3.670362
142847  -5.768  -66.745  22.839 3.592343
142848  -6.713  -66.695  22.751 3.346418
142849  -7.898  -66.402  22.699 3.062717
142850  -9.130  -66.051  22.638 2.757736
159333  -4.425  -65.906  22.380 3.542751
159334  -3.820  -65.354  22.407 3.459989
159335  -3.487  -64.616  22.474 3.310933
159336  -3.825  -64.975  21.747 3.151506
159337  -3.560  -64.420  22.175 3.151031
159338  -3.612  -63.740  22.777 3.101366
159339  -3.895  -62.805  23.089 2.838789
159340  -4.344  -62.040  23.391 2.533835
159342  -3.870  -64.039  20.410 2.777847
159343  -3.591  -63.585  20.777 2.715893
159344  -3.628  -62.998  21.320 2.615040
159395  -4.890  -57.431  14.255 2.601825
159396  -4.445  -58.849  16.425 2.903420
159397  -4.381  -58.689  15.945 2.940812
159398  -4.456  -58.539  15.489 2.958471
159399  -4.200  -59.830  14.692 3.316626
159400  -4.263  -59.094  14.845 3.169319
159401  -4.447  -58.424  14.996 2.957638
159402  -4.583  -58.292  14.511 2.940137
159403  -4.656  -58.150  14.039 2.908486
159404  -4.726  -58.010  13.544 2.866050
159405  -4.751  -58.472  12.905 3.097764
159406  -4.918  -58.886  12.364 3.284880
159407  -5.286  -59.180  12.005 3.416913
159408  -5.304  -59.748  12.556 3.520402
159409  -5.578  -59.559  12.156 3.509658
159410  -5.847  -59.358  11.774 3.486085
159411  -6.550  -59.425  11.676 3.488458
159412  -7.285  -59.446  11.669 3.424818
159413  -8.056  -59.481  11.695 3.300793
159414  -6.235  -62.078  17.419 3.072689
159415  -6.287  -61.895  17.066 3.094220
159416  -6.435  -61.657  16.677 3.107322
159417  -7.874  -60.980  17.391 2.826991
159418  -7.186  -61.257  16.848 2.975298
159419  -6.535  -61.458  16.301 3.114803
159420  -6.578  -61.239  15.913 3.120198
159421  -6.704  -61.001  15.503 3.127005
159422  -6.837  -60.729  15.105 3.137781
159428  -8.947  -59.870  16.327 2.579618
159429  -8.316  -60.155  15.798 2.774174
159430  -7.740  -60.349  15.264 2.969250
159431  -6.992  -60.472  14.744 3.153449
159432  -7.163  -60.204  14.367 3.172945
159433  -7.338  -59.966  13.881 3.193005
159434  -7.597  -59.794  13.399 3.208675
159435  -9.214  -59.462  13.869 2.812843
159436  -8.494  -59.588  13.402 3.026414
159437  -7.970  -59.671  12.935 3.214180
159438  -8.338  -59.626  12.498 3.204178
159439  -8.615  -59.556  12.090 3.175103
159440  -8.866  -59.522  11.704 3.126034
159441  -9.718  -59.573  11.726 2.912514
159442  -10.536  -59.728  11.715 2.672527
160153  -7.094  -56.531  9.000 2.791508
160154  -7.526  -56.323  8.850 2.875566
160156  -8.657  -56.827  9.107 3.188395
