#!ascii label , from subject fsaverage
782
109  -21.794  24.890  54.533 3.296419
496  -19.627  11.946  55.539 3.893948
497  -16.978  17.783  60.592 3.420246
1087  -18.238  27.791  54.362 2.860979
1089  -19.931  8.294  51.450 2.876491
1092  -17.569  11.422  62.385 3.112604
2134  -25.035  9.533  50.195 3.303132
2135  -22.075  13.547  52.435 4.394170
2136  -21.865  17.716  56.213 4.295813
2137  -19.496  8.610  60.537 3.381390
2138  -20.980  14.719  60.032 4.199116
2139  -19.856  22.290  59.059 4.242590
3005  -21.160  27.260  52.960 2.995893
3007  -20.680  27.270  55.571 3.364440
4706  -19.294  10.298  53.366 3.336220
4707  -20.735  10.939  51.667 4.199568
4708  -20.438  13.094  54.099 4.430695
4709  -21.794  15.682  54.203 4.346085
4710  -20.865  14.697  56.228 4.548811
4713  -19.823  7.326  63.596 3.147479
4714  -17.137  14.387  60.886 3.182760
4715  -19.139  13.452  61.285 3.625412
4716  -19.581  16.347  61.363 3.877055
4717  -21.378  17.916  60.147 4.377205
4718  -18.644  19.854  59.988 4.074903
4719  -17.369  22.678  57.634 3.660313
4720  -15.750  20.473  58.577 3.358480
6572  -18.743  9.040  64.544 3.088749
6576  -14.133  19.074  59.867 2.876456
7546  -21.490  22.280  52.968 2.818553
8969  -27.433  10.056  50.011 2.884412
8970  -24.762  11.251  48.361 3.251848
8971  -22.074  8.994  50.058 3.587568
8972  -22.758  11.278  50.337 4.084311
8973  -22.753  13.680  49.554 3.358794
8974  -22.007  16.445  51.723 3.348893
8975  -21.894  18.871  53.822 3.445568
8976  -22.341  21.456  55.633 3.711923
8979  -19.120  10.481  57.872 3.553037
8980  -19.347  10.098  61.930 3.493268
8981  -19.419  11.890  59.484 3.917893
8982  -20.487  13.228  57.747 4.294923
8983  -21.700  16.068  58.272 4.516532
8984  -21.772  20.047  58.049 4.320740
8985  -21.395  24.316  57.366 3.904803
8986  -18.688  25.172  56.846 3.649043
10683  -21.503  24.909  53.096 2.967996
10684  -21.276  25.863  52.422 2.890013
10685  -21.504  26.234  53.724 3.141329
10686  -21.224  27.566  54.372 3.176171
10687  -21.479  26.288  55.181 3.398734
12386  -19.321  11.227  54.407 3.603004
12387  -19.774  11.692  53.593 3.989679
12388  -19.887  12.494  54.805 4.165531
12389  -20.514  13.968  55.178 4.501087
12390  -20.218  13.248  55.937 4.334253
12392  -19.884  5.928  64.298 2.851164
12393  -19.738  6.822  64.915 2.980649
12394  -17.163  16.041  60.919 3.296788
12395  -18.324  15.481  61.392 3.520158
12396  -18.294  17.137  61.069 3.671338
12397  -19.236  18.118  60.879 4.021045
12398  -17.878  18.842  60.380 3.785195
12399  -17.273  20.184  59.258 3.763663
12400  -16.422  19.289  59.677 3.469376
13687  -28.047  11.205  48.464 2.835027
14778  -19.196  28.717  54.440 2.826253
19871  -25.756  8.754  50.981 2.815869
19873  -26.308  9.771  50.218 3.056788
19874  -26.178  10.599  48.847 3.108253
19875  -25.212  10.509  49.388 3.400097
19877  -21.683  7.714  50.117 2.993644
19878  -20.970  8.684  50.528 3.359492
19879  -21.354  12.239  52.094 4.484270
19880  -21.794  11.205  51.029 4.303009
19881  -22.252  12.315  51.353 4.304159
19882  -23.027  12.402  50.100 3.857364
19883  -22.591  13.798  51.108 3.947843
19884  -22.309  15.211  50.651 3.355722
19885  -22.273  15.048  52.012 3.958252
19886  -21.825  16.654  55.226 4.309038
19887  -22.096  17.188  54.037 3.915481
19888  -22.024  18.382  55.082 3.937885
19889  -22.161  20.063  54.663 3.567648
19890  -22.087  19.543  55.811 3.997319
19894  -19.708  7.366  61.252 2.979685
19896  -19.299  8.199  59.743 2.994146
19897  -18.911  9.010  58.342 3.020221
19898  -19.163  9.602  59.172 3.463408
19899  -18.138  10.322  63.495 3.119542
19900  -19.157  9.674  63.362 3.290645
19901  -18.724  10.969  62.558 3.327790
19902  -20.086  14.182  60.738 3.923306
19903  -19.485  12.674  60.471 3.817930
19904  -20.225  13.340  59.768 4.073982
19905  -20.064  12.516  58.679 4.116371
19906  -20.897  13.942  58.955 4.299433
19907  -21.292  14.685  58.106 4.469171
19908  -21.539  15.309  59.091 4.409169
19909  -20.836  20.129  59.802 4.368251
19910  -21.626  19.036  59.200 4.425815
19911  -21.239  21.291  58.902 4.317524
19912  -21.829  22.436  57.631 4.131435
19913  -20.644  23.426  58.245 4.124877
19914  -20.078  25.004  57.482 3.856476
19915  -19.288  23.887  58.025 3.993248
19916  -15.878  22.810  56.704 3.170820
19917  -16.791  23.873  56.179 3.242917
23840  -20.760  27.060  51.501 2.831571
23841  -20.668  28.265  51.946 2.853510
23843  -20.968  28.468  53.553 2.948009
23844  -20.479  28.342  54.767 3.066171
23845  -19.391  27.655  55.207 3.180761
26901  -24.335  8.440  50.318 3.002131
26902  -19.573  9.287  52.360 3.103911
26903  -20.264  9.657  51.403 3.626550
26904  -19.878  10.752  52.508 3.820323
26905  -20.457  12.029  52.898 4.340737
26906  -21.159  13.269  53.276 4.551877
26907  -21.770  14.685  53.209 4.389358
26908  -21.107  14.335  54.342 4.556801
26909  -21.189  15.332  55.288 4.539713
26910  -21.412  16.188  56.180 4.515952
26914  -19.795  6.636  62.935 2.938337
26915  -19.867  7.802  62.032 3.279956
26916  -17.211  12.789  61.367 3.121688
26917  -18.232  12.395  61.907 3.348347
26918  -18.182  13.965  61.458 3.404779
26919  -19.456  14.950  61.422 3.729485
26920  -20.557  15.563  60.939 4.049783
26921  -21.373  16.125  60.174 4.306805
26922  -20.603  17.137  60.898 4.183318
26923  -20.157  19.104  60.458 4.267656
26924  -19.381  20.945  59.615 4.231160
26925  -18.616  22.608  58.500 4.032989
26926  -17.925  21.301  58.937 3.958948
26927  -16.518  21.543  58.075 3.548061
26928  -14.926  21.831  57.429 3.066967
30689  -18.935  9.734  54.485 2.906034
30690  -18.924  10.554  55.454 3.296057
30692  -19.231  7.663  65.337 2.975793
30693  -18.171  8.187  65.283 2.863358
30694  -17.551  9.316  64.250 2.912208
30695  -16.976  10.365  62.932 2.905313
30698  -16.439  11.543  61.646 2.889532
30699  -16.134  13.098  60.647 2.905173
30700  -16.079  15.007  60.447 2.969114
30701  -15.943  16.683  60.463 3.065262
30702  -15.581  18.400  60.051 3.140573
30703  -14.572  17.418  60.199 2.850499
33100  -21.736  23.592  53.885 3.087181
37155  -28.332  10.424  50.178 2.800911
37156  -27.200  10.855  48.630 2.924623
37157  -25.728  11.299  47.670 2.941700
37158  -24.153  12.160  47.578 2.888326
37160  -22.954  8.120  49.945 3.106030
37161  -23.480  9.267  49.995 3.530715
37162  -21.318  9.958  50.622 3.958018
37163  -22.503  10.263  50.097 3.980235
37164  -23.887  10.266  49.905 3.739676
37165  -23.865  11.237  49.314 3.671893
37166  -23.471  12.259  48.632 3.330115
37167  -23.037  13.466  48.016 2.811362
37171  -22.137  16.242  53.084 3.931335
37172  -21.762  17.623  52.891 3.371652
37173  -21.467  19.326  52.619 2.884972
37174  -21.780  20.552  53.542 3.065455
37175  -22.091  21.767  54.446 3.279244
37176  -22.124  23.181  55.284 3.479452
37184  -18.801  9.768  56.822 3.106810
37185  -19.347  11.226  56.537 3.687207
37186  -19.552  8.259  64.173 3.182493
37187  -19.691  8.693  62.765 3.366620
37188  -19.533  9.151  61.211 3.537907
37189  -19.039  11.768  61.410 3.560999
37190  -19.130  10.887  60.516 3.705558
37191  -19.224  10.009  59.887 3.696181
37192  -19.314  11.073  58.723 3.841778
37193  -19.767  11.844  57.604 3.986691
37194  -20.050  12.514  56.585 4.149721
37195  -20.697  13.996  57.021 4.447712
37196  -21.269  15.403  57.327 4.554780
37197  -21.558  17.016  57.195 4.487476
37198  -21.750  16.967  59.176 4.453164
37199  -21.665  17.892  58.259 4.457652
37200  -21.851  18.866  57.108 4.304088
37201  -22.110  21.001  56.788 4.072942
37202  -22.133  22.990  56.629 3.839500
37203  -21.832  24.726  56.118 3.616933
37204  -20.983  25.866  56.568 3.647251
37205  -19.534  26.303  56.305 3.532900
37206  -18.342  26.418  55.457 3.257007
37207  -18.088  23.883  57.240 3.693283
37208  -17.486  25.171  55.755 3.276158
37209  -17.224  26.559  54.254 2.848404
37213  -14.906  19.773  59.150 3.116879
37214  -14.047  20.994  58.109 2.935362
41403  -21.682  24.882  53.777 3.132210
41404  -21.557  25.615  53.389 3.070588
41405  -21.617  25.580  54.103 3.216754
41406  -21.515  26.307  54.459 3.269767
41407  -21.670  25.603  54.834 3.363180
43106  -19.423  11.603  54.967 3.748170
43107  -19.569  11.885  54.578 3.906590
43108  -19.738  12.251  55.163 4.024343
43109  -20.062  12.905  55.414 4.253404
43110  -19.915  12.578  55.685 4.138461
43112  -19.698  6.107  65.297 2.851829
43113  -19.558  6.501  65.525 2.883089
43114  -17.150  16.953  60.818 3.361852
43115  -17.755  16.628  61.041 3.481902
43116  -17.657  17.511  60.840 3.551283
43117  -18.122  17.983  60.805 3.739076
43118  -17.446  18.308  60.474 3.606817
43119  -17.166  19.036  60.069 3.635611
43120  -16.746  18.572  60.137 3.460172
44405  -28.900  11.162  49.382 2.804805
44406  -28.445  11.352  48.480 2.811241
44407  -28.602  11.006  49.299 2.820081
45498  -18.750  28.264  54.485 2.848785
50591  -25.388  9.085  50.549 3.063109
50592  -26.170  9.292  50.832 2.956090
50593  -25.672  9.643  50.220 3.174555
50594  -25.784  10.128  49.676 3.236429
50595  -25.210  10.003  49.966 3.380912
50597  -20.730  8.051  50.569 2.998249
50598  -20.368  8.474  50.956 3.141728
50599  -21.691  12.861  52.317 4.488043
50600  -21.813  12.308  51.736 4.435655
50601  -22.089  12.922  51.795 4.364078
50602  -22.473  13.002  51.274 4.166268
50603  -22.346  13.621  51.789 4.200702
50604  -22.433  14.425  51.550 3.960880
50605  -22.261  14.297  52.306 4.211231
50606  -21.797  17.140  55.702 4.299275
50607  -21.966  17.472  55.193 4.131284
50608  -21.890  18.008  55.650 4.136536
50609  -21.997  18.978  55.441 3.963958
50610  -21.940  18.619  56.033 4.149576
50614  -19.595  7.975  60.885 3.189253
50615  -19.482  7.777  60.519 2.988288
50616  -19.381  8.442  60.141 3.214845
50617  -19.203  8.879  59.475 3.237976
50618  -19.275  9.083  59.862 3.423504
50619  -17.872  10.847  62.933 3.117289
50620  -18.434  10.674  63.014 3.221622
50621  -18.163  11.252  62.579 3.223186
50622  -20.577  14.449  60.456 4.066873
50623  -20.222  13.752  60.285 4.007403
50624  -20.591  14.048  59.912 4.138820
50625  -20.588  13.616  59.413 4.192180
50626  -21.004  14.302  59.524 4.258591
50627  -21.251  14.599  59.036 4.362638
50628  -21.323  14.919  59.602 4.314801
50629  -20.374  21.206  59.462 4.321354
50630  -21.015  20.736  59.368 4.361156
50631  -20.609  21.807  59.061 4.293093
50632  -20.971  22.432  58.585 4.231516
50633  -20.261  22.839  58.651 4.198411
50634  -19.952  23.723  58.220 4.078338
50635  -19.552  23.116  58.542 4.132295
50636  -15.004  22.977  56.390 2.912763
50637  -15.500  23.420  56.002 2.950930
55091  -21.240  26.585  52.702 2.962305
55092  -21.067  26.413  51.994 2.859118
55093  -21.041  27.112  52.216 2.912110
55094  -20.667  27.754  51.723 2.863614
55095  -20.955  27.752  52.414 2.924265
55096  -20.922  28.282  52.731 2.896998
55097  -21.081  27.820  53.250 2.990498
55098  -21.036  27.479  55.048 3.270692
55099  -20.951  28.074  54.638 3.138814
55100  -20.563  27.871  55.213 3.216434
55101  -19.952  28.087  55.083 3.126200
55102  -20.040  27.565  55.503 3.291257
60196  -19.413  9.794  52.845 3.216971
60197  -19.707  10.067  52.375 3.479915
60198  -19.572  10.513  52.831 3.579872
60199  -20.094  12.455  53.866 4.243760
60200  -20.064  11.874  53.275 4.179937
60201  -20.426  12.558  53.533 4.389359
60202  -20.824  12.663  53.181 4.491446
60203  -20.763  13.188  53.730 4.519203
60204  -21.123  13.792  53.779 4.559064
60205  -20.743  13.721  54.211 4.537621
60206  -20.582  14.428  55.697 4.529022
60207  -20.855  14.681  55.323 4.558733
60208  -20.984  15.160  55.817 4.562784
60209  -21.355  15.780  55.757 4.528460
60210  -21.136  15.501  56.241 4.561430
60214  -19.861  6.672  63.936 3.005883
60215  -19.837  6.309  63.563 2.900930
60216  -19.803  6.948  63.276 3.066792
60217  -19.859  7.234  62.529 3.117156
60218  -19.813  7.597  62.912 3.217862
60219  -17.135  13.621  61.032 3.144702
60220  -17.635  13.402  61.385 3.256484
60221  -17.628  14.162  61.237 3.293280
60222  -18.991  15.905  61.415 3.700289
60223  -18.930  15.228  61.493 3.626430
60224  -19.549  15.632  61.425 3.799561
60225  -19.973  15.253  61.238 3.893926
60226  -20.094  15.967  61.218 3.966379
60227  -20.647  16.323  60.948 4.118361
60228  -20.094  16.740  61.167 4.040973
60229  -18.966  19.022  60.482 4.065152
60230  -19.689  18.654  60.712 4.160976
60231  -19.391  19.555  60.296 4.184899
60232  -19.810  20.049  60.065 4.268342
60233  -19.049  20.383  59.824 4.171364
60234  -18.632  21.170  59.288 4.113958
60235  -18.330  20.565  59.478 4.041022
60236  -16.552  20.274  58.901 3.568729
60237  -16.846  20.838  58.703 3.680343
60238  -16.090  20.951  58.335 3.462147
60239  -15.726  21.667  57.742 3.310186
60240  -15.354  21.100  58.005 3.232749
67409  -18.894  10.166  54.975 3.096357
67410  -18.810  9.817  55.568 2.960140
67412  -18.335  7.507  65.753 2.807698
67416  -16.935  9.269  63.894 2.806311
67417  -17.257  9.809  63.636 2.912905
67418  -16.647  9.748  63.243 2.802667
67427  -16.255  12.258  61.081 2.891682
67430  -15.523  14.513  60.232 2.832958
67431  -15.510  15.391  60.254 2.869659
67432  -15.989  15.897  60.463 3.015634
67433  -15.415  16.272  60.268 2.911862
67434  -15.280  17.068  60.286 2.953680
67435  -14.713  16.599  60.168 2.816432
72786  -21.523  23.654  53.195 2.887864
72787  -21.591  22.940  53.466 2.956649
82658  -27.891  10.287  50.076 2.832996
82659  -27.810  10.710  49.390 2.876860
82660  -27.395  10.449  49.284 2.930087
82661  -25.588  10.832  48.536 3.189305
82662  -26.012  10.950  48.260 3.051275
82663  -25.305  11.179  48.013 3.079629
82664  -24.901  11.620  47.526 2.920774
82665  -24.506  11.690  47.975 3.091741
82669  -21.866  8.387  50.072 3.309615
82670  -22.354  7.952  49.965 3.083219
82671  -22.552  8.530  49.970 3.357759
82672  -23.191  8.751  49.983 3.340335
82673  -22.775  9.127  49.965 3.590087
82674  -20.488  10.311  51.463 3.942030
82675  -20.758  9.836  51.000 3.826724
82676  -20.930  10.441  51.117 4.094062
82677  -22.240  11.252  50.678 4.229211
82678  -22.072  10.693  50.471 4.159391
82679  -22.646  10.802  50.303 4.072735
82680  -23.176  10.299  50.008 3.883697
82681  -23.253  10.808  50.090 3.925897
82682  -23.949  10.737  49.745 3.742287
82683  -23.406  11.295  49.959 3.890103
82684  -22.915  13.061  49.779 3.633619
82685  -23.263  12.318  49.321 3.591456
82686  -23.097  12.863  49.041 3.349714
82687  -23.275  12.830  48.359 3.083675
82688  -22.867  13.525  48.845 3.070651
82690  -22.572  14.345  49.321 3.055904
82691  -22.178  15.848  51.180 3.350646
82692  -22.023  15.972  50.499 3.034182
82693  -21.822  16.612  51.110 3.034021
82695  -21.677  17.153  51.761 3.045358
82696  -21.787  15.213  53.724 4.369133
82697  -22.115  15.401  53.238 4.186393
82698  -22.060  15.916  53.697 4.165387
82699  -21.971  18.035  53.977 3.675281
82700  -21.940  17.459  53.461 3.657594
82701  -21.765  18.269  53.372 3.401778
82702  -21.569  18.398  52.845 3.111906
82703  -21.694  19.118  53.237 3.168725
82704  -21.622  19.938  53.081 2.968577
82705  -21.834  19.731  53.679 3.239759
82706  -22.288  20.770  55.118 3.639262
82707  -22.217  20.879  54.567 3.411033
82708  -22.348  21.627  55.022 3.501774
82709  -22.137  22.441  54.848 3.384190
82710  -22.298  22.279  55.473 3.588559
82729  -18.949  9.751  58.088 3.296560
82730  -18.831  9.356  57.609 3.052935
82731  -18.961  10.155  57.373 3.343195
82732  -19.001  10.516  56.630 3.408546
82733  -19.208  10.882  57.143 3.612310
82734  -19.026  8.371  64.965 3.044076
82735  -19.397  8.003  64.846 3.082979
82736  -19.212  8.710  64.436 3.148700
82737  -19.334  9.871  62.654 3.390790
82738  -19.477  9.180  63.104 3.344550
82739  -19.563  9.387  62.297 3.440326
82740  -19.702  8.914  61.923 3.453723
82741  -19.473  9.614  61.558 3.536080
82742  -18.702  12.930  61.590 3.482223
82743  -18.705  12.182  61.751 3.458877
82744  -19.035  12.621  61.296 3.590263
82745  -19.434  12.249  59.954 3.884884
82746  -19.251  11.812  60.386 3.765525
82747  -19.199  11.389  59.946 3.812714
82748  -19.135  10.453  60.169 3.725734
82749  -19.233  10.928  59.620 3.817491
82750  -19.180  10.556  59.253 3.770140
82751  -19.337  11.407  59.106 3.906106
82752  -20.408  12.873  58.270 4.208297
82753  -19.920  12.154  58.135 4.075023
82754  -20.187  12.519  57.620 4.157394
82755  -19.937  12.259  57.061 4.065034
82756  -20.253  12.944  57.186 4.239721
82757  -20.357  13.240  56.802 4.321705
82758  -20.598  13.681  57.352 4.375449
82759  -21.539  15.311  58.188 4.507699
82760  -21.358  14.958  57.692 4.524716
82761  -21.510  15.663  57.764 4.540260
82762  -21.409  16.183  57.300 4.539978
82763  -21.587  16.500  57.753 4.521013
82764  -21.453  16.964  60.186 4.349037
82765  -21.668  16.459  59.687 4.396094
82766  -21.668  17.454  59.680 4.417138
82767  -21.675  19.585  58.640 4.392257
82768  -21.732  18.460  58.721 4.442711
82769  -21.731  18.961  58.157 4.397146
82770  -21.738  18.435  57.668 4.400896
82771  -21.820  19.487  57.565 4.312651
82772  -21.989  19.867  56.931 4.190856
82773  -21.935  20.620  57.360 4.213240
82774  -21.632  23.377  57.526 4.022279
82775  -22.029  22.796  57.172 3.996424
82776  -21.861  23.732  57.031 3.883050
82777  -22.032  23.901  56.452 3.727039
82778  -21.655  24.642  56.781 3.767022
82779  -21.497  25.386  56.389 3.648059
82780  -21.137  25.130  57.052 3.779618
82781  -19.349  25.105  57.246 3.774427
82782  -19.779  25.644  56.917 3.699958
82783  -19.081  25.731  56.627 3.599155
82784  -18.909  26.355  55.970 3.414665
82785  -18.452  25.801  56.114 3.456018
82786  -17.974  22.677  58.123 3.865992
82787  -18.354  23.337  57.867 3.877360
82788  -17.739  23.281  57.429 3.686545
82789  -16.457  24.512  55.409 3.018096
82790  -17.159  24.534  55.942 3.265209
82791  -16.827  25.177  55.185 3.043553
82792  -17.318  25.803  54.945 3.060169
82793  -16.700  25.864  54.397 2.825666
82801  -14.912  18.735  59.931 3.003473
82802  -15.270  19.167  59.603 3.145984
82803  -14.501  19.411  59.509 2.992867
82805  -13.639  20.684  58.582 2.863759
92957  -21.350  24.807  52.499 2.804830
92959  -21.392  25.451  52.807 2.925548
92960  -21.399  26.131  53.089 3.014700
92961  -21.351  26.799  53.390 3.068103
92962  -21.220  27.414  53.690 3.083985
92963  -21.403  26.965  54.082 3.177006
92964  -21.331  26.963  54.825 3.288294
92965  -21.179  26.828  55.449 3.399894
96022  -19.277  10.791  53.888 3.464742
96023  -19.504  10.966  53.422 3.682755
96024  -19.496  11.434  54.004 3.791632
96025  -19.791  12.077  54.185 4.076505
96026  -20.152  12.757  54.478 4.306319
96027  -20.494  13.541  54.650 4.467774
96028  -20.208  13.199  55.000 4.367515
96029  -20.352  13.612  55.563 4.424552
96030  -20.530  14.007  56.140 4.472866
96034  -19.844  6.346  64.624 2.934257
96035  -19.773  7.073  64.292 3.068544
96036  -17.158  15.188  60.903 3.234769
96037  -17.698  14.986  61.237 3.345444
96038  -17.746  15.750  61.155 3.410285
96039  -18.370  16.247  61.261 3.594780
96040  -18.933  16.754  61.242 3.779524
96041  -19.429  17.193  61.178 3.954340
96042  -18.767  17.599  61.008 3.854689
96043  -18.551  18.495  60.642 3.913885
96044  -18.325  19.327  60.204 3.944245
96045  -18.024  20.032  59.642 3.934213
96046  -17.583  19.539  59.824 3.796842
96047  -16.850  19.697  59.479 3.625711
96048  -16.052  19.928  59.074 3.437461
98365  -27.390  11.429  47.716 2.815869
109498  -26.705  9.426  50.845 2.863815
109499  -26.847  9.912  50.117 2.958817
109500  -26.812  10.319  49.336 3.006825
109501  -26.294  10.207  49.522 3.109477
109502  -25.721  10.564  49.049 3.242282
109503  -24.979  10.830  48.773 3.356782
109506  -21.144  7.555  50.300 2.835001
109507  -21.269  8.207  50.235 3.188677
109508  -21.496  8.869  50.284 3.511266
109509  -21.010  11.630  51.874 4.384861
109510  -21.236  11.100  51.303 4.293097
109511  -21.568  11.706  51.604 4.410505
109512  -21.996  11.754  51.246 4.350266
109513  -22.379  11.749  50.721 4.211067
109514  -22.931  11.831  50.327 4.011392
109515  -22.672  12.378  50.764 4.103702
109516  -22.748  13.100  50.587 3.914278
109517  -22.593  13.811  50.310 3.658756
109518  -22.461  14.481  50.051 3.359756
109519  -22.492  14.575  50.962 3.669089
109520  -22.444  15.163  51.291 3.668325
109521  -22.196  15.796  51.747 3.661455
109522  -21.846  16.148  54.689 4.325060
109523  -22.002  16.396  54.188 4.146871
109524  -22.024  16.898  54.669 4.134825
109525  -22.045  17.791  54.619 3.921365
109526  -21.970  18.664  54.501 3.705064
109527  -21.990  19.476  54.223 3.501791
109528  -22.082  19.239  54.843 3.745833
109529  -22.163  19.905  55.245 3.795066
109530  -22.262  20.491  55.644 3.849235
109542  -19.094  8.602  59.016 3.002740
109543  -19.067  9.356  58.745 3.263377
109544  -19.118  10.106  58.532 3.505022
109545  -18.450  9.761  64.045 3.112231
109546  -18.989  9.433  63.996 3.190943
109547  -18.703  10.089  63.516 3.213281
109548  -18.956  10.374  62.878 3.315039
109549  -19.134  10.550  62.315 3.420488
109550  -19.645  13.877  61.069 3.774183
109551  -19.401  13.081  60.940 3.728254
109552  -19.780  13.477  60.618 3.868922
109553  -19.780  13.043  60.106 3.948009
109554  -19.747  12.670  59.609 4.001768
109555  -19.668  12.224  59.101 4.019437
109556  -20.141  12.910  59.216 4.113544
109557  -20.529  13.215  58.875 4.218110
109558  -20.759  13.579  58.351 4.313755
109559  -20.825  13.915  57.878 4.398701
109560  -21.099  14.259  58.477 4.392811
109561  -21.455  14.951  58.526 4.447020
109562  -21.662  15.678  58.623 4.477850
109563  -21.200  19.035  60.064 4.385454
109564  -21.610  18.529  59.661 4.420652
109565  -21.349  19.685  59.590 4.403027
109566  -21.443  20.182  59.169 4.382238
109567  -21.641  20.730  58.497 4.324283
109568  -21.808  21.267  57.836 4.231415
109569  -21.547  21.955  58.256 4.239842
109570  -21.284  23.021  58.040 4.139919
109571  -21.037  23.920  57.804 4.025624
109572  -20.816  24.781  57.524 3.898121
109573  -20.349  24.262  57.910 3.999082
109574  -19.628  24.434  57.780 3.935691
109575  -18.983  24.544  57.481 3.830194
109576  -16.642  22.701  57.139 3.424505
109577  -17.094  23.257  56.932 3.460732
109578  -16.304  23.297  56.402 3.211059
109579  -15.995  23.927  55.680 2.986495
109586  -13.702  19.739  59.482 2.851763
117067  -20.415  27.736  51.094 2.806842
117068  -20.339  28.359  51.312 2.816940
117071  -20.626  28.814  52.236 2.804518
117072  -20.764  28.861  53.000 2.834001
117073  -20.667  28.872  53.811 2.871958
117074  -21.116  28.060  53.969 3.062495
117075  -20.836  28.552  54.248 3.005377
117076  -20.329  28.806  54.375 2.915599
117077  -19.831  28.581  54.662 2.960676
117078  -19.304  28.186  54.811 3.002250
117079  -18.810  27.673  54.865 3.035595
124208  -25.042  8.606  50.636 2.910771
124209  -24.688  9.018  50.307 3.173877
124210  -19.732  8.734  51.914 2.992225
124211  -20.092  8.983  51.394 3.266836
124212  -19.896  9.494  51.856 3.377633
124213  -20.048  10.181  51.913 3.729603
124214  -20.271  10.848  52.045 4.034959
124215  -19.766  11.227  52.988 3.905255
124216  -20.128  11.362  52.678 4.112074
124217  -20.559  11.467  52.253 4.279636
124218  -20.870  12.127  52.490 4.448844
124219  -21.183  12.714  52.664 4.529223
124220  -21.535  13.363  52.823 4.512650
124221  -21.825  14.083  52.830 4.400181
124222  -21.477  13.925  53.268 4.516349
124223  -21.447  14.440  53.711 4.506379
124224  -21.480  15.002  54.282 4.489252
124225  -20.793  14.231  54.798 4.550285
124226  -21.121  14.841  54.829 4.549497
124227  -21.495  15.500  54.789 4.469936
124228  -21.537  15.960  55.204 4.451557
124229  -21.628  16.406  55.710 4.435671
124230  -21.680  16.835  56.219 4.422812
124239  -19.869  6.980  62.096 2.964021
124240  -19.821  7.532  61.662 3.157512
124241  -19.713  8.157  61.254 3.334142
124242  -17.378  12.062  61.836 3.112234
124243  -17.930  11.873  62.167 3.225380
124244  -17.707  12.609  61.721 3.234812
124245  -18.167  13.214  61.583 3.369699
124246  -18.730  13.725  61.535 3.516210
124247  -18.222  14.728  61.437 3.455343
124248  -18.797  14.483  61.542 3.564138
124249  -19.331  14.237  61.407 3.671103
124250  -19.838  14.606  61.166 3.829103
124251  -20.348  14.845  60.904 3.983661
124252  -20.793  15.113  60.538 4.127955
124253  -21.193  15.358  60.124 4.255629
124254  -20.982  15.888  60.577 4.189577
124255  -21.042  16.728  60.578 4.247952
124256  -21.052  17.533  60.552 4.297052
124257  -19.941  17.704  61.023 4.109323
124258  -20.450  18.112  60.755 4.236257
124259  -20.872  18.537  60.456 4.329408
124260  -20.532  19.577  60.198 4.337221
124261  -20.120  20.586  59.845 4.313694
124262  -19.675  21.540  59.382 4.254345
124263  -19.232  22.485  58.804 4.157885
124264  -18.968  21.770  59.106 4.152503
124265  -18.276  21.933  58.727 4.011016
124266  -17.597  22.025  58.311 3.829823
124267  -17.662  20.715  59.098 3.876086
124268  -17.227  21.422  58.549 3.767956
124269  -16.941  22.055  57.865 3.614242
124270  -16.198  22.186  57.440 3.374287
124271  -15.398  22.351  57.140 3.122718
124272  -14.563  22.486  56.804 2.872548
133763  -19.295  9.013  52.937 2.828506
133764  -19.221  9.541  53.376 2.961725
133767  -19.124  10.087  53.857 3.107392
133768  -19.099  10.500  54.386 3.266126
133769  -19.110  10.886  54.911 3.435600
133770  -19.263  11.264  55.453 3.610144
133772  -19.282  6.926  65.702 2.884723
133773  -18.912  7.264  65.758 2.858769
133774  -18.727  7.966  65.384 2.931203
133775  -18.442  8.610  64.977 2.980588
133777  -17.841  8.758  64.814 2.897285
133778  -18.146  9.231  64.536 3.008137
133779  -17.866  9.853  63.961 3.017776
133780  -17.521  10.397  63.290 3.015260
133781  -17.227  10.937  62.669 3.007241
133789  -16.622  10.920  62.273 2.895623
133790  -17.035  11.524  62.089 3.000301
133791  -16.816  12.175  61.469 3.000186
133792  -16.677  12.955  61.000 3.011210
133793  -16.625  13.811  60.701 3.035810
133794  -15.597  13.465  60.350 2.805500
133795  -16.085  14.108  60.457 2.931259
133796  -16.664  14.655  60.663 3.074233
133797  -16.588  15.483  60.691 3.124220
133798  -16.537  16.336  60.705 3.180896
133799  -16.480  17.334  60.564 3.236678
133800  -16.321  18.070  60.283 3.281592
133801  -15.829  17.539  60.338 3.110167
133802  -15.171  17.873  60.198 2.987273
133803  -14.439  18.271  60.129 2.873325
140480  -21.442  24.296  52.822 2.838809
140481  -21.624  24.285  53.478 3.020548
140482  -21.799  24.171  54.193 3.202621
152434  -28.202  10.858  49.318 2.842197
152435  -27.631  11.078  48.562 2.870727
152436  -26.968  11.270  47.800 2.868090
152437  -26.761  10.700  48.709 3.002508
152438  -26.527  11.104  48.048 2.944907
152439  -26.211  11.510  47.406 2.838250
152447  -22.769  7.521  49.974 2.838946
152448  -23.410  7.672  50.071 2.840653
152449  -23.642  8.262  50.062 3.073377
152450  -23.878  8.869  50.068 3.272622
152451  -24.245  9.490  50.103 3.428135
152452  -20.557  9.167  50.928 3.504778
152453  -21.132  9.333  50.565 3.683940
152454  -21.666  9.482  50.326 3.788960
152455  -21.536  10.587  50.778 4.168634
152456  -21.885  10.104  50.366 4.009042
152457  -22.303  9.592  50.069 3.814990
152458  -23.041  9.705  49.985 3.768852
152459  -23.702  9.809  49.943 3.666866
152460  -24.514  9.902  49.989 3.530395
152461  -24.631  10.377  49.741 3.571358
152462  -24.524  10.845  49.267 3.545853
152463  -24.299  11.231  48.793 3.453106
152464  -23.396  11.789  49.650 3.776293
152465  -23.664  11.716  48.882 3.531344
152466  -24.026  11.644  48.451 3.298103
152467  -23.818  12.186  48.062 3.091823
152468  -23.580  12.744  47.658 2.850174
152473  -22.291  15.172  49.848 3.042632
152479  -22.126  14.857  52.744 4.204027
152480  -22.191  15.611  52.537 3.946194
152481  -22.099  16.391  52.391 3.654040
152482  -22.141  16.662  53.581 3.919627
152483  -21.973  16.938  52.956 3.651356
152484  -21.836  17.069  52.322 3.354740
152485  -21.566  17.789  52.285 3.070819
152486  -21.355  18.640  52.185 2.817946
152489  -21.506  20.797  52.827 2.805840
152490  -21.644  21.420  53.270 2.925354
152491  -22.020  20.287  54.114 3.321967
152492  -21.926  21.189  54.022 3.170910
152493  -21.761  22.046  53.775 3.049764
152494  -21.863  22.621  54.212 3.172138
152495  -21.947  23.274  54.579 3.285414
152496  -21.939  24.060  54.980 3.382977
152520  -18.820  9.405  56.306 2.858391
152521  -18.875  10.161  56.120 3.186764
152522  -19.158  10.942  55.988 3.496777
152523  -19.463  11.582  55.998 3.780803
152524  -19.547  7.264  65.157 2.993397
152525  -19.677  7.528  64.574 3.092702
152526  -19.696  7.723  63.940 3.184164
152527  -19.358  8.943  63.821 3.247981
152528  -19.592  8.431  63.563 3.276499
152529  -19.741  7.966  63.238 3.268968
152530  -19.813  8.231  62.388 3.347820
152531  -19.783  8.471  61.564 3.420995
152532  -19.603  8.811  60.889 3.488622
152533  -18.444  11.630  62.209 3.336438
152534  -18.881  11.334  61.999 3.440661
152535  -19.130  10.905  61.618 3.531119
152536  -19.194  12.235  60.872 3.687677
152537  -19.142  11.315  60.936 3.646701
152538  -19.211  10.435  61.219 3.598474
152539  -19.281  9.983  60.854 3.631546
152540  -19.357  9.578  60.540 3.618845
152541  -19.454  9.199  60.227 3.551038
152542  -19.203  9.740  59.497 3.609342
152543  -19.151  10.457  58.922 3.665529
152544  -19.345  10.819  58.349 3.722634
152545  -19.596  11.810  58.635 3.991667
152546  -19.384  11.402  58.057 3.913100
152547  -19.399  11.181  57.672 3.784362
152548  -19.585  11.580  57.032 3.854545
152549  -19.706  11.917  56.544 3.936321
152550  -19.813  12.210  56.076 4.031285
152551  -20.113  12.874  56.218 4.240474
152552  -20.381  13.628  56.464 4.401096
152553  -20.714  14.354  56.664 4.507617
152554  -20.985  14.361  57.548 4.470456
152555  -21.035  14.712  57.261 4.525250
152556  -21.018  15.077  56.737 4.557828
152557  -21.256  15.874  56.734 4.553824
152558  -21.488  16.638  56.640 4.502176
152559  -21.671  17.387  56.741 4.412920
152560  -21.494  15.650  59.644 4.361082
152561  -21.728  16.026  59.109 4.439497
152562  -21.769  16.505  58.715 4.486622
152563  -21.736  17.927  59.224 4.449050
152564  -21.759  17.368  58.745 4.474542
152565  -21.725  16.966  58.280 4.498680
152566  -21.611  17.453  57.727 4.472467
152567  -21.739  17.920  57.153 4.405773
152568  -21.839  18.258  56.683 4.297837
152569  -21.977  19.249  56.479 4.168534
152570  -22.140  20.247  56.288 4.034913
152571  -22.285  21.198  56.180 3.904159
152572  -22.012  21.767  57.241 4.106931
152573  -22.189  21.999  56.680 3.954997
152574  -22.286  22.155  56.168 3.780504
152575  -22.192  23.047  55.987 3.665572
152576  -22.011  23.972  55.724 3.558940
152577  -21.909  24.795  55.366 3.458871
152578  -21.683  25.491  55.679 3.507939
152579  -21.399  26.134  55.958 3.525757
152580  -20.821  26.574  56.043 3.508511
152581  -20.484  25.498  57.096 3.758965
152582  -20.196  26.231  56.498 3.609983
152583  -20.097  26.894  55.947 3.453317
152584  -19.426  27.022  55.711 3.358716
152585  -18.855  26.966  55.412 3.225453
152586  -18.300  27.078  54.884 3.057188
152587  -18.951  23.247  58.229 4.026422
152588  -18.689  23.931  57.658 3.865024
152589  -18.379  24.593  57.084 3.680707
152590  -17.476  23.879  56.695 3.482744
152591  -17.784  24.560  56.489 3.489878
152592  -18.067  25.190  56.343 3.481185
152593  -17.899  25.822  55.562 3.273890
152594  -17.805  26.492  54.868 3.065301
152595  -17.752  27.285  54.240 2.860817
152605  -16.057  18.829  59.841 3.304258
152606  -15.675  19.537  59.364 3.293605
152607  -15.285  20.141  58.853 3.241278
152608  -14.090  20.039  59.063 2.947682
152609  -14.461  20.405  58.643 3.047047
152610  -14.912  20.714  58.325 3.143821
152611  -14.527  21.335  57.756 3.004028
152612  -14.076  22.037  57.227 2.830419
