#!ascii label , from subject fsaverage
1400
66  -55.460  -53.832  31.853 3.106139
184  -49.366  -55.492  41.961 4.562172
186  -51.576  -50.281  40.194 3.263832
188  -45.840  -58.462  42.013 4.026361
542  -56.800  -48.545  31.918 3.352573
664  -49.552  -53.804  45.647 3.793370
665  -49.091  -52.887  41.359 3.188838
666  -50.525  -51.584  44.990 3.779624
668  -48.062  -54.636  45.040 4.639520
1484  -49.052  -58.781  38.982 3.506301
1485  -49.814  -60.223  34.863 3.194613
1486  -48.289  -55.787  37.311 3.522276
1487  -49.387  -51.717  36.572 2.916261
1488  -54.112  -51.454  35.215 3.150074
1491  -45.517  -54.746  42.137 4.235294
1492  -48.891  -57.085  43.263 4.557592
2263  -52.477  -48.793  45.750 4.137207
2264  -54.440  -49.328  40.256 3.745007
2265  -56.719  -50.419  35.771 3.660599
2267  -57.709  -47.376  35.550 3.181849
2268  -58.089  -51.839  32.013 3.918100
2269  -59.112  -51.928  28.014 3.157188
2584  -48.940  -52.752  46.692 3.625020
2585  -49.657  -52.809  45.367 3.618057
2586  -49.869  -51.812  46.661 3.763285
2588  -48.114  -53.009  46.221 3.719016
2841  -55.732  -54.333  30.246 2.902859
3434  -49.313  -56.873  40.149 4.344542
3435  -48.730  -57.427  37.975 3.825407
3436  -48.785  -55.599  39.609 4.007293
3437  -49.669  -51.367  41.118 3.040886
3438  -48.921  -52.145  38.958 2.974242
3439  -50.290  -50.702  38.330 2.936078
3440  -51.579  -51.090  35.711 2.960598
3441  -52.849  -50.348  37.451 3.139859
3445  -49.376  -55.212  44.369 4.847608
3446  -48.522  -55.801  44.205 5.039010
3447  -49.646  -56.332  42.951 4.891407
3448  -49.436  -57.577  41.338 3.946777
4192  -48.717  -58.616  34.098 3.185459
4215  -44.968  -57.451  41.012 4.187337
5018  -51.276  -48.505  47.413 3.751102
5019  -52.598  -46.580  47.472 3.435768
5021  -54.219  -47.909  42.975 3.710748
5022  -54.750  -48.115  40.104 3.420978
5023  -55.363  -49.610  37.739 3.535400
5024  -56.071  -48.507  37.618 3.370046
5030  -57.555  -47.785  33.517 3.392597
5031  -58.055  -49.487  33.583 3.809645
5032  -58.288  -49.850  31.891 3.724038
5033  -58.628  -51.858  30.008 3.632641
5034  -58.247  -50.336  29.930 3.415062
5804  -49.367  -54.541  43.795 4.177865
5805  -48.947  -54.298  41.586 3.783371
5806  -49.426  -53.466  43.575 3.543528
5807  -49.609  -52.270  43.382 3.324397
5808  -50.754  -50.858  42.876 3.520183
5812  -49.125  -54.234  45.806 4.259600
6273  -46.908  -59.240  42.571 3.094276
6764  -56.275  -49.273  30.193 3.186980
7305  -50.526  -61.550  35.665 2.801366
7306  -49.313  -59.601  37.044 3.325017
7307  -48.696  -57.955  36.064 3.446496
7308  -47.979  -56.018  35.323 3.189710
7309  -48.587  -54.005  39.253 3.375880
7310  -48.441  -53.738  37.099 3.113302
7311  -48.186  -53.727  34.657 2.956471
7312  -50.008  -52.175  34.139 2.869426
7313  -52.576  -52.251  33.841 2.943603
7314  -54.926  -52.861  33.462 3.192729
7318  -44.754  -55.296  40.878 3.802057
7319  -45.855  -56.704  41.876 4.448411
7320  -46.559  -54.634  43.580 4.617289
7321  -46.968  -56.116  43.081 4.784678
7322  -47.179  -57.666  42.849 4.136501
7323  -48.362  -58.328  42.442 3.314332
9349  -50.429  -50.306  47.095 3.893395
9350  -51.450  -50.325  45.571 4.054200
9351  -52.313  -49.988  42.956 3.896764
9352  -53.674  -47.209  45.745 3.805330
9353  -53.563  -49.073  43.117 4.081568
9354  -53.383  -50.170  40.264 3.597938
9355  -54.463  -50.335  37.616 3.386887
9356  -55.673  -51.220  35.569 3.410498
9357  -56.547  -52.381  33.772 3.593119
9363  -56.743  -47.085  37.724 2.846916
9364  -57.427  -49.099  35.584 3.610216
9365  -57.531  -51.347  33.869 3.907999
9366  -57.103  -53.302  31.952 3.673818
9367  -57.550  -53.737  30.272 3.527837
9368  -58.351  -53.553  28.332 3.220887
9369  -58.974  -53.394  26.001 2.854150
9370  -58.141  -50.693  27.890 2.971238
10265  -49.289  -52.300  46.589 3.671922
10517  -54.455  -53.570  31.958 2.861485
10521  -55.602  -54.141  31.134 3.009215
11114  -49.358  -56.129  41.086 4.555193
11115  -49.071  -56.298  39.949 4.256739
11116  -49.099  -55.581  40.830 4.291297
11117  -50.479  -50.645  40.653 3.119347
11118  -49.841  -50.944  39.724 2.965702
11119  -50.920  -50.439  39.236 3.049787
11120  -51.539  -50.521  37.895 3.020884
11121  -52.181  -50.206  38.798 3.183258
11125  -49.455  -55.357  43.259 4.763936
11126  -49.479  -55.758  43.643 4.987422
11127  -49.564  -55.874  42.503 4.819885
11128  -49.553  -56.500  41.629 4.638410
11895  -45.376  -57.989  41.542 4.251743
12701  -54.665  -47.205  41.469 3.148805
12702  -54.946  -47.418  40.068 3.065361
12703  -55.298  -48.279  38.782 3.350194
12704  -55.588  -47.584  38.761 3.058815
12710  -57.189  -48.116  32.721 3.399984
12711  -57.917  -48.854  32.726 3.618957
12712  -57.702  -49.072  31.922 3.550638
12713  -58.293  -50.064  30.969 3.588679
12714  -57.531  -49.430  31.011 3.438296
13514  -49.585  -54.135  44.791 3.957387
13515  -49.410  -54.055  43.800 3.822008
13516  -49.594  -53.701  44.782 3.701729
13517  -50.036  -52.234  45.117 3.666552
13518  -49.729  -52.590  44.339 3.490900
13519  -50.053  -51.959  44.149 3.539343
13520  -50.050  -51.605  43.221 3.380383
13521  -50.610  -51.293  44.006 3.665787
13525  -49.037  -53.535  46.357 3.798183
13526  -48.653  -53.672  46.252 3.965816
13527  -49.369  -54.035  45.836 4.008164
13528  -49.495  -54.406  45.058 4.269613
16064  -49.440  -60.119  38.594 3.067408
16065  -49.698  -60.398  37.545 3.049381
16066  -49.078  -59.253  38.019 3.396539
16067  -48.466  -56.614  37.604 3.722662
16068  -48.675  -57.669  36.982 3.621214
16069  -48.355  -56.847  36.657 3.509972
16070  -48.281  -57.114  35.684 3.333976
16071  -48.098  -55.861  36.305 3.337393
16072  -48.949  -53.592  41.472 3.436174
16073  -48.738  -54.164  40.455 3.565151
16074  -48.787  -53.349  40.233 3.262725
16075  -48.984  -51.837  37.748 2.931966
16076  -48.651  -52.839  37.951 3.039576
16077  -48.752  -52.683  36.889 2.981927
16078  -48.216  -53.688  35.813 3.028507
16079  -48.816  -52.651  35.644 2.940634
16080  -48.930  -52.768  34.329 2.893305
16081  -49.873  -51.896  35.328 2.904679
16082  -52.844  -51.255  35.404 3.043841
16083  -52.175  -51.651  34.663 2.971202
16084  -53.448  -51.942  34.503 3.059603
16085  -53.818  -52.629  33.617 3.045332
16086  -54.562  -52.285  34.299 3.178420
16092  -45.116  -55.013  41.448 4.005795
16093  -45.270  -56.077  41.365 4.215744
16094  -45.678  -55.743  41.878 4.405888
16097  -47.247  -54.674  44.374 4.684139
16098  -48.774  -56.385  43.718 4.937386
16099  -47.707  -55.912  43.748 4.944591
16100  -47.983  -56.662  43.392 4.755733
16101  -47.251  -56.937  43.002 4.565144
16102  -48.090  -57.376  43.191 4.318113
16103  -47.902  -58.063  42.881 3.726524
16104  -48.719  -57.702  42.830 3.963938
16105  -49.231  -58.051  40.189 3.686096
16106  -49.087  -58.537  40.857 3.324235
16107  -49.161  -59.243  39.751 3.147293
18337  -50.245  -60.810  35.301 3.038971
18338  -50.772  -61.790  34.519 2.813014
18339  -50.481  -61.021  34.094 3.010573
20815  -51.945  -48.704  46.775 3.989676
20816  -51.370  -49.616  46.741 4.038620
20817  -51.869  -49.574  45.636 4.136014
20818  -51.797  -50.134  44.357 4.007658
20819  -52.360  -49.471  44.393 4.131805
20821  -53.846  -45.969  46.452 3.391360
20822  -54.206  -46.427  45.478 3.440051
20823  -54.273  -48.635  41.658 3.824896
20824  -53.902  -48.510  43.066 3.984087
20825  -53.997  -49.315  41.678 3.923238
20826  -53.542  -49.747  41.665 3.883503
20827  -54.000  -49.863  40.377 3.712574
20828  -53.934  -50.151  38.940 3.468712
20829  -54.480  -49.877  38.943 3.567508
20830  -56.075  -50.017  36.702 3.559882
20831  -55.659  -50.477  36.695 3.479191
20832  -56.273  -50.932  35.715 3.550436
20833  -56.111  -51.783  34.635 3.497153
20834  -56.727  -51.375  34.755 3.668360
20850  -57.316  -47.269  36.702 3.012714
20851  -57.114  -48.105  36.578 3.271060
20852  -57.658  -48.295  35.534 3.426138
20853  -58.126  -50.656  32.896 3.928656
20854  -57.848  -50.433  33.731 3.916041
20855  -57.826  -51.651  32.941 3.954800
20856  -57.478  -52.431  32.922 3.859337
20857  -57.706  -52.666  32.008 3.859804
20858  -57.246  -53.607  31.152 3.626943
20859  -57.939  -52.907  31.139 3.785696
20860  -58.875  -51.811  29.003 3.413674
20861  -58.642  -52.735  29.321 3.462941
20862  -58.976  -52.728  28.168 3.239730
20863  -58.680  -53.498  27.157 3.038160
20864  -59.152  -52.887  27.077 2.992942
20866  -57.376  -49.987  28.994 3.138311
23084  -49.284  -53.356  46.341 3.691400
23085  -49.567  -53.346  45.586 3.657941
23086  -49.457  -52.886  46.173 3.665617
23087  -49.796  -52.363  46.025 3.716974
23088  -50.359  -51.812  45.969 3.819801
23092  -48.496  -52.891  46.557 3.641607
23547  -56.125  -54.283  29.260 2.808042
24614  -49.107  -57.690  39.397 3.964669
24615  -48.908  -58.095  38.436 3.757067
24616  -49.005  -57.065  38.975 4.065936
24617  -48.737  -56.394  38.715 3.972592
24618  -48.467  -55.676  38.395 3.746310
24619  -49.276  -52.137  41.197 3.058132
24620  -48.954  -52.552  40.136 3.058006
24621  -49.222  -51.660  39.998 2.961455
24622  -49.324  -51.319  38.643 2.913133
24623  -49.695  -51.057  37.342 2.903119
24624  -50.321  -51.187  36.094 2.913001
24625  -50.820  -50.734  36.928 2.940526
24626  -52.135  -50.764  36.611 3.023792
24627  -53.509  -50.816  36.351 3.131574
24633  -48.966  -55.031  44.979 4.800554
24634  -48.287  -55.266  44.713 4.909553
24635  -49.206  -55.547  44.472 5.016800
24636  -49.293  -56.083  43.867 5.037209
24637  -49.460  -56.708  43.230 4.780344
24638  -49.348  -57.338  42.549 4.259979
24639  -49.609  -56.925  42.160 4.519809
24640  -49.402  -57.200  40.736 4.227257
25978  -49.350  -59.468  34.482 3.235778
25979  -50.095  -60.377  33.584 3.130626
25980  -49.497  -59.637  33.349 3.154233
26019  -44.452  -56.716  40.410 3.881889
27466  -51.918  -47.557  47.560 3.604175
27467  -52.482  -47.847  46.894 3.869272
27469  -54.445  -46.737  44.237 3.390003
27470  -54.593  -46.952  42.947 3.274910
27471  -54.467  -47.979  41.578 3.558854
27472  -54.608  -48.711  40.193 3.656052
27473  -54.838  -49.395  38.904 3.602183
27474  -55.099  -48.839  38.771 3.537750
27475  -55.722  -49.130  37.663 3.507058
27476  -56.475  -49.493  36.687 3.568146
27486  -57.781  -47.578  34.448 3.317325
27487  -57.907  -48.469  34.450 3.554658
27488  -58.015  -48.618  33.541 3.623081
27489  -58.230  -49.645  32.759 3.803593
27490  -58.353  -50.806  31.928 3.859160
27491  -58.380  -51.971  31.054 3.805205
27492  -58.489  -50.971  30.872 3.722175
27493  -58.646  -51.042  29.873 3.535548
27494  -58.781  -51.120  28.748 3.310046
28904  -49.289  -54.975  42.869 4.407229
28905  -49.104  -54.897  41.742 4.184955
28906  -49.201  -54.440  42.743 4.002149
28907  -49.124  -53.868  42.618 3.633966
28908  -49.179  -53.219  42.507 3.359079
28909  -49.582  -53.176  44.567 3.542299
28910  -49.435  -52.896  43.515 3.375371
28911  -49.309  -52.549  42.419 3.201965
28912  -49.615  -51.885  42.277 3.164235
28913  -50.186  -51.107  42.066 3.232155
28914  -51.124  -50.405  41.598 3.379154
28922  -48.666  -54.460  45.470 4.488031
28923  -49.304  -54.673  45.146 4.573380
28924  -49.465  -54.827  44.196 4.546870
29997  -46.400  -58.908  42.391 3.589187
31142  -56.432  -48.941  31.137 3.275396
31143  -55.400  -48.336  31.530 3.087252
32447  -49.987  -60.618  36.474 3.050089
32448  -49.601  -59.949  35.985 3.261695
32449  -48.852  -58.540  37.440 3.596015
32450  -49.072  -58.843  36.555 3.461372
32451  -49.251  -59.232  35.529 3.340835
32452  -48.739  -58.352  35.111 3.300205
32453  -48.201  -57.397  34.740 3.194529
32455  -48.839  -54.896  40.539 3.930271
32456  -48.612  -54.885  39.385 3.686011
32457  -48.448  -54.832  38.204 3.474599
32458  -48.668  -53.071  39.076 3.130131
32459  -48.522  -53.857  38.078 3.225934
32460  -48.240  -54.692  37.174 3.301985
32461  -48.033  -54.803  36.040 3.165458
32462  -47.902  -54.934  34.957 3.057341
32467  -50.944  -51.594  34.981 2.917187
32468  -51.235  -52.080  33.958 2.885726
32470  -53.001  -52.780  32.961 2.854692
32471  -54.147  -53.148  32.750 2.980274
32472  -55.230  -53.357  32.650 3.171138
32480  -44.306  -55.597  40.287 3.627212
32481  -44.830  -56.377  40.886 4.047088
32482  -45.370  -57.006  41.476 4.313974
32483  -45.900  -57.627  41.947 4.317331
32486  -45.989  -54.603  42.885 4.455316
32487  -47.484  -55.257  44.055 4.896485
32488  -46.700  -55.276  43.402 4.783776
32489  -46.149  -55.404  42.609 4.606659
32490  -46.393  -56.449  42.454 4.608225
32491  -46.531  -57.256  42.469 4.414736
32492  -46.428  -58.087  42.409 4.043894
32493  -47.047  -58.442  42.670 3.600255
32494  -47.696  -58.814  42.645 3.136251
32496  -49.019  -57.967  41.979 3.607110
32497  -48.681  -58.940  41.613 2.990295
38288  -50.187  -51.040  47.042 3.853825
38289  -50.759  -51.139  46.265 3.933431
38290  -50.782  -49.415  47.317 3.856468
38291  -51.033  -50.451  46.578 4.016145
38292  -51.027  -50.995  45.323 3.922381
38293  -51.253  -50.731  44.249 3.836514
38294  -51.555  -50.412  42.929 3.707812
38295  -51.972  -50.169  41.607 3.566945
38296  -53.312  -45.544  47.108 3.241808
38297  -53.210  -46.855  46.703 3.673844
38298  -53.087  -47.970  45.860 4.034259
38299  -54.006  -47.561  44.439 3.810785
38300  -53.513  -48.243  44.547 4.069113
38301  -53.019  -48.880  44.533 4.165387
38302  -53.043  -49.550  43.004 4.037183
38303  -52.813  -50.048  41.619 3.750186
38304  -52.552  -50.204  40.167 3.436476
38305  -53.150  -50.204  38.836 3.332658
38306  -53.735  -50.289  37.529 3.267742
38307  -54.332  -50.688  36.398 3.248688
38308  -55.044  -50.108  37.775 3.483490
38309  -55.071  -50.634  36.575 3.367494
38310  -54.963  -51.351  35.416 3.273228
38311  -55.449  -52.047  34.523 3.326303
38312  -55.773  -52.658  33.654 3.381669
38313  -56.066  -53.235  32.801 3.411423
38332  -56.431  -47.853  37.626 3.134799
38333  -56.813  -48.895  36.589 3.469897
38334  -57.116  -49.820  35.733 3.691924
38335  -57.788  -49.266  34.519 3.738281
38336  -57.545  -50.125  34.752 3.825978
38337  -57.225  -50.883  34.819 3.795075
38338  -57.114  -51.951  33.817 3.786624
38339  -56.859  -52.914  32.882 3.660529
38340  -56.310  -53.637  32.036 3.398875
38341  -56.436  -54.032  31.215 3.344351
38342  -56.657  -54.194  30.325 3.259357
38343  -57.070  -54.221  29.409 3.157168
38344  -58.220  -52.903  30.172 3.648879
38345  -57.981  -53.590  29.417 3.388493
38346  -57.528  -54.167  28.308 3.048669
38350  -57.402  -49.767  30.013 3.299915
38351  -58.190  -50.552  28.845 3.210709
38352  -58.841  -51.235  27.906 3.049338
38355  -59.187  -52.136  27.120 2.873477
41237  -54.975  -53.729  31.875 2.974765
41239  -55.111  -53.911  31.464 2.914678
41240  -55.197  -54.039  31.117 2.850094
41241  -55.535  -53.975  31.515 3.060367
41834  -49.375  -55.785  41.516 4.583173
41835  -49.236  -55.865  40.947 4.441464
41836  -49.251  -55.509  41.348 4.431607
41837  -50.955  -50.408  40.429 3.185579
41838  -50.661  -50.550  39.951 3.079149
41839  -51.210  -50.366  39.715 3.144027
41840  -51.513  -50.347  39.001 3.112467
41841  -51.834  -50.238  39.492 3.218937
41845  -49.440  -55.408  42.660 4.675371
41846  -49.502  -55.619  42.877 4.818190
41847  -49.488  -55.682  42.232 4.711444
41848  -49.485  -55.969  41.819 4.695750
42615  -45.597  -58.273  41.785 4.173316
43421  -54.941  -46.895  40.736 2.880924
43422  -55.028  -46.999  40.060 2.864679
43423  -55.231  -47.501  39.417 3.051418
43424  -55.396  -47.096  39.369 2.868171
43430  -56.978  -48.313  32.293 3.381653
43431  -57.462  -48.627  32.321 3.490219
43432  -57.273  -48.789  31.924 3.454863
43433  -57.635  -49.244  31.479 3.498628
43434  -57.143  -48.990  31.473 3.410208
44234  -49.592  -53.980  45.212 3.867051
44235  -49.613  -53.952  44.770 3.819298
44236  -49.591  -53.779  45.220 3.757763
44237  -50.276  -51.921  45.043 3.716995
44238  -50.062  -52.111  44.649 3.609974
44239  -50.283  -51.772  44.532 3.662575
44240  -50.307  -51.631  44.071 3.594648
44241  -50.558  -51.444  44.509 3.729396
44245  -49.363  -53.736  46.159 3.806850
44246  -49.229  -53.823  46.170 3.895975
44247  -49.469  -53.923  45.751 3.892919
44248  -49.547  -54.108  45.335 3.994422
46784  -49.221  -59.440  38.785 3.279191
46785  -49.279  -59.666  38.281 3.242323
46786  -49.055  -59.039  38.480 3.444426
46787  -48.340  -56.235  37.442 3.629356
46788  -48.410  -56.760  37.161 3.611711
46789  -48.276  -56.317  36.945 3.523269
46790  -48.200  -56.379  36.460 3.426829
46791  -48.196  -55.819  36.833 3.425002
46792  -49.032  -53.257  41.401 3.298411
46793  -48.871  -53.449  40.857 3.344959
46794  -48.961  -53.109  40.794 3.217479
46795  -49.140  -51.741  37.160 2.922035
46796  -48.866  -52.212  37.296 2.955561
46797  -49.031  -52.151  36.706 2.940855
46798  -48.760  -52.643  36.260 2.960518
46799  -49.129  -52.147  36.111 2.928780
46800  -49.277  -52.209  35.476 2.916265
46801  -49.637  -51.800  35.960 2.911611
46802  -53.518  -51.350  35.308 3.094625
46803  -53.201  -51.591  34.933 3.053838
46804  -53.810  -51.741  34.858 3.106208
46805  -54.029  -52.122  34.411 3.115296
46806  -54.357  -51.892  34.773 3.164416
46812  -45.305  -54.882  41.775 4.118901
46813  -45.388  -55.392  41.655 4.224332
46814  -45.619  -55.233  41.990 4.332722
46817  -47.669  -54.681  44.733 4.676002
46818  -48.862  -56.739  43.487 4.781254
46819  -48.410  -56.544  43.592 4.851939
46820  -48.489  -56.897  43.400 4.674045
46821  -48.078  -57.018  43.287 4.564542
46822  -48.510  -57.265  43.249 4.434421
46823  -48.448  -57.566  43.065 4.147583
46824  -48.832  -57.407  43.040 4.278810
46825  -49.133  -58.375  39.580 3.586015
46826  -49.157  -58.616  39.935 3.408891
46827  -49.100  -58.963  39.351 3.333373
46828  -49.258  -59.707  39.180 3.097006
49057  -50.024  -60.515  35.082 3.130498
49058  -50.349  -60.926  34.709 3.026321
49059  -50.146  -60.606  34.479 3.106729
51535  -52.239  -48.752  46.243 4.077425
51536  -51.941  -49.184  46.272 4.098853
51537  -52.161  -49.177  45.706 4.148240
51538  -52.083  -49.527  45.046 4.146499
51539  -52.356  -49.186  45.188 4.169383
51541  -54.303  -45.800  45.858 3.224684
51542  -54.428  -45.988  45.317 3.212521
51543  -54.372  -48.970  40.974 3.804103
51544  -54.159  -48.964  41.683 3.893941
51545  -54.215  -49.329  40.986 3.832973
51546  -54.017  -49.615  41.019 3.828927
51547  -54.249  -49.626  40.321 3.741476
51548  -54.201  -49.828  39.686 3.634314
51549  -54.422  -49.603  39.652 3.661656
51550  -56.432  -50.211  36.228 3.602823
51551  -56.206  -50.487  36.234 3.560909
51552  -56.536  -50.704  35.779 3.612173
51553  -56.509  -51.139  35.218 3.606217
51554  -56.758  -50.888  35.288 3.674252
51570  -57.532  -47.387  36.107 3.099293
51571  -57.504  -47.796  36.104 3.229028
51572  -57.721  -47.853  35.485 3.308792
51573  -58.136  -51.205  32.489 3.938809
51574  -58.007  -51.154  32.931 3.956308
51575  -57.951  -51.755  32.507 3.946853
51576  -57.763  -52.233  32.472 3.924031
51577  -57.914  -52.291  32.024 3.905348
51578  -57.826  -52.786  31.581 3.831479
51579  -58.043  -52.419  31.599 3.867205
51580  -59.004  -51.870  28.468 3.289582
51581  -58.947  -52.255  28.616 3.332087
51582  -59.101  -52.322  28.092 3.206329
51583  -59.090  -52.809  27.606 3.118279
51584  -59.213  -52.402  27.584 3.074101
53834  -49.122  -53.080  46.571 3.656143
53835  -49.363  -53.161  46.253 3.668079
53836  -49.253  -52.858  46.516 3.655267
53837  -49.563  -52.048  46.610 3.714352
53838  -49.607  -52.398  46.378 3.705804
53839  -49.879  -52.132  46.375 3.751220
53840  -50.060  -52.107  45.954 3.764291
53841  -50.157  -51.882  46.398 3.803599
53847  -48.713  -52.783  46.638 3.625122
53848  -48.936  -53.146  46.575 3.675944
54606  -55.907  -54.294  29.721 2.852986
56384  -49.231  -57.273  39.723 4.170865
56385  -49.143  -57.396  39.172 4.040778
56386  -49.184  -56.963  39.585 4.201113
56387  -48.935  -55.951  39.788 4.146980
56388  -48.904  -56.366  39.326 4.111038
56389  -48.760  -55.956  39.165 4.004910
56390  -48.575  -56.012  38.525 3.870505
56391  -48.594  -55.626  38.958 3.872639
56392  -49.448  -51.734  41.172 3.036130
56393  -49.230  -51.866  40.633 3.003506
56394  -49.436  -51.486  40.597 2.987795
56395  -50.056  -50.795  39.019 2.945748
56396  -49.546  -51.095  39.176 2.928227
56397  -49.723  -50.948  38.484 2.915278
56398  -49.480  -51.157  37.990 2.904309
56399  -49.982  -50.887  37.809 2.911483
56400  -50.274  -50.908  37.117 2.914702
56401  -50.571  -50.711  37.609 2.935039
56402  -52.201  -50.422  37.697 3.077824
56403  -51.833  -50.619  37.254 3.019127
56404  -52.518  -50.564  37.064 3.073299
56405  -52.854  -50.782  36.476 3.075772
56406  -53.192  -50.527  36.848 3.131665
56415  -49.216  -55.125  44.735 4.839681
56416  -49.034  -55.294  44.704 4.926558
56417  -49.294  -55.383  44.417 4.950883
56418  -49.580  -56.057  43.300 4.973750
56419  -49.485  -55.912  43.789 5.033965
56420  -49.545  -56.236  43.484 4.981056
56421  -49.404  -56.399  43.579 4.945595
56422  -49.547  -56.515  43.130 4.855441
56423  -49.547  -56.820  42.746 4.658822
56424  -49.615  -56.612  42.553 4.738173
56425  -49.424  -56.655  40.891 4.492384
56426  -49.492  -56.858  41.165 4.456993
56427  -49.351  -57.026  40.412 4.310982
56428  -49.242  -57.397  39.990 4.089685
58657  -49.051  -59.054  34.275 3.219230
58658  -49.438  -59.550  33.915 3.191605
58659  -49.073  -59.165  33.702 3.173659
58725  -44.705  -57.100  40.696 4.057800
61137  -52.270  -47.071  47.585 3.522283
61138  -52.227  -47.703  47.296 3.745952
61139  -52.547  -47.210  47.297 3.661851
61141  -54.690  -46.356  43.471 3.078605
61142  -54.775  -46.509  42.816 3.019079
61143  -54.625  -47.707  40.805 3.303946
61144  -54.508  -47.626  41.505 3.367581
61145  -54.570  -48.070  40.816 3.484297
61146  -54.493  -48.390  40.867 3.630631
61147  -54.689  -48.441  40.112 3.556664
61148  -54.832  -48.771  39.469 3.587563
61149  -54.919  -48.480  39.411 3.497922
61150  -55.645  -48.381  38.164 3.348666
61151  -55.510  -48.703  38.195 3.444082
61152  -55.913  -48.822  37.620 3.452603
61153  -56.118  -49.323  37.154 3.527216
61154  -56.293  -48.989  37.139 3.483496
61170  -57.704  -47.647  33.955 3.363481
61171  -57.889  -48.113  33.931 3.484802
61172  -57.831  -48.188  33.488 3.511857
61173  -58.095  -49.332  32.318 3.686148
61174  -58.121  -49.192  32.703 3.716561
61175  -58.262  -49.732  32.343 3.772053
61176  -58.342  -50.231  32.377 3.846098
61177  -58.372  -50.323  31.895 3.798316
61178  -58.426  -50.892  31.424 3.797899
61179  -58.456  -50.431  31.364 3.735115
61180  -58.267  -50.188  30.429 3.505883
61181  -58.456  -50.582  30.399 3.571943
61182  -58.492  -50.724  29.852 3.475603
61183  -58.693  -51.092  29.324 3.427327
61184  -58.506  -50.781  29.318 3.370725
63584  -49.270  -54.740  43.364 4.296041
63585  -49.227  -54.703  42.808 4.204927
63586  -49.300  -54.509  43.259 4.098301
63587  -49.473  -53.793  43.730 3.670303
63588  -49.277  -53.973  43.214 3.731881
63589  -49.277  -53.676  43.098 3.578558
63590  -49.146  -53.560  42.505 3.482673
63591  -49.277  -53.366  43.026 3.451813
63592  -49.620  -53.070  45.484 3.626043
63593  -49.604  -53.266  45.086 3.609077
63594  -49.631  -52.990  44.992 3.573043
63595  -49.680  -52.420  43.857 3.409509
63596  -49.564  -52.732  43.953 3.422052
63597  -49.508  -52.554  43.460 3.335555
63598  -49.367  -52.738  42.959 3.286825
63599  -49.447  -52.392  42.925 3.249495
63600  -49.431  -52.226  42.324 3.168721
63601  -49.581  -52.123  42.804 3.241139
63602  -50.377  -51.188  43.030 3.441759
63603  -50.102  -51.349  42.657 3.302923
63604  -50.489  -50.971  42.479 3.366890
63605  -50.644  -50.725  41.843 3.297920
63606  -50.953  -50.628  42.273 3.447421
63618  -48.900  -53.952  46.060 4.107888
63622  -48.902  -54.349  45.647 4.380493
63623  -49.033  -54.594  45.369 4.543779
63624  -49.231  -54.455  45.456 4.416832
63625  -49.492  -54.467  44.456 4.236025
63626  -49.495  -54.602  44.621 4.410093
63627  -49.422  -54.688  44.012 4.365758
63628  -49.388  -54.915  43.542 4.490051
65925  -46.635  -59.134  42.511 3.339294
68378  -55.565  -48.232  31.938 3.104210
71237  -49.514  -59.998  37.278 3.200596
71238  -49.888  -60.513  37.045 3.049817
71239  -49.667  -60.128  36.723 3.185948
71240  -49.779  -60.274  36.228 3.170425
71241  -49.456  -59.763  36.542 3.293595
71242  -48.841  -57.768  38.178 3.815429
71243  -48.831  -58.333  37.951 3.671984
71244  -48.795  -57.971  37.683 3.718478
71245  -48.687  -57.782  36.536 3.530406
71246  -48.849  -58.230  36.796 3.547335
71247  -48.906  -58.394  36.313 3.470448
71248  -49.161  -59.038  36.044 3.399534
71249  -48.939  -58.600  35.839 3.398696
71250  -48.991  -58.800  35.316 3.332428
71251  -48.718  -58.188  35.570 3.369629
71252  -48.110  -56.632  35.480 3.262429
71253  -48.240  -57.291  35.219 3.259747
71254  -48.042  -56.718  35.010 3.193943
71255  -47.975  -56.840  34.525 3.133867
71256  -47.904  -56.148  34.808 3.128342
71257  -49.006  -54.595  41.655 3.981554
71258  -48.950  -54.892  41.103 4.058553
71259  -48.870  -54.577  41.023 3.861591
71260  -48.645  -54.056  39.866 3.465882
71261  -48.659  -54.510  39.897 3.630379
71262  -48.606  -54.476  39.323 3.525488
71263  -48.539  -54.873  38.805 3.575551
71264  -48.534  -54.420  38.732 3.429963
71265  -48.905  -52.293  39.548 3.010339
71266  -48.818  -52.784  39.618 3.087929
71267  -48.800  -52.600  39.025 3.040230
71268  -48.548  -53.296  37.516 3.077792
71269  -48.548  -53.363  38.000 3.123498
71270  -48.447  -53.788  37.558 3.165406
71271  -48.383  -54.277  37.625 3.268371
71272  -48.243  -54.210  37.082 3.201591
71273  -48.133  -54.747  36.622 3.229583
71274  -48.187  -54.230  36.522 3.143005
71275  -48.202  -53.678  35.218 2.992034
71276  -48.025  -54.299  35.336 3.045135
71277  -48.011  -54.311  34.774 3.002393
71282  -49.470  -52.384  34.233 2.876407
71287  -50.914  -51.091  35.874 2.931381
71288  -50.670  -51.390  35.556 2.917641
71289  -51.269  -51.330  35.326 2.938346
71290  -52.409  -51.964  34.273 2.963912
71291  -51.736  -51.839  34.346 2.931018
71292  -51.896  -52.134  33.903 2.909341
71293  -51.322  -52.329  33.463 2.847957
71294  -52.043  -52.395  33.470 2.871627
71295  -52.252  -52.645  33.022 2.816216
71296  -52.788  -52.524  33.375 2.907653
71297  -54.355  -52.771  33.498 3.113347
71298  -53.974  -52.906  33.213 3.019886
71299  -54.498  -53.012  33.111 3.096876
71300  -54.724  -53.294  32.706 3.067999
71301  -55.079  -53.130  33.048 3.187345
71317  -44.509  -55.429  40.558 3.712137
71318  -44.555  -55.987  40.582 3.848038
71319  -44.814  -55.827  40.850 3.933446
71320  -45.547  -56.431  41.624 4.362040
71321  -45.313  -56.569  41.407 4.282812
71322  -45.603  -56.903  41.667 4.378567
71323  -45.623  -57.346  41.683 4.352551
71324  -45.896  -57.156  41.912 4.405522
71332  -46.252  -54.606  43.236 4.546344
71333  -48.392  -55.532  44.514 4.997585
71334  -47.899  -55.302  44.424 4.917297
71335  -47.994  -55.590  44.241 4.985168
71336  -47.299  -55.977  43.409 4.869526
71337  -47.151  -55.617  43.590 4.885644
71338  -46.815  -55.636  43.247 4.809168
71339  -46.412  -55.307  43.021 4.700762
71340  -46.506  -55.759  42.860 4.722190
71341  -46.227  -55.922  42.472 4.629892
71342  -46.679  -56.294  42.769 4.695973
71343  -47.236  -57.281  42.926 4.372427
71344  -46.843  -57.054  42.692 4.483229
71345  -46.849  -57.457  42.683 4.300466
71346  -46.495  -57.675  42.459 4.247068
71347  -46.789  -57.867  42.645 4.078981
71348  -46.745  -58.269  42.572 3.833793
71349  -47.093  -58.084  42.775 3.873080
71350  -48.173  -58.173  42.743 3.513789
71351  -47.776  -58.419  42.751 3.421830
71352  -48.035  -58.563  42.573 3.208575
71353  -47.898  -59.078  42.395 2.933661
71354  -48.195  -58.729  42.242 3.019049
71355  -49.414  -57.447  41.980 4.100312
71356  -49.228  -57.632  42.243 3.939118
71357  -49.256  -57.771  41.672 3.777102
71358  -48.963  -59.130  40.632 3.040256
71359  -48.912  -58.739  41.249 3.147830
71360  -48.812  -59.304  41.053 2.874715
78055  -50.918  -61.904  34.015 2.809469
78060  -50.257  -60.399  33.055 3.104171
78061  -50.474  -60.738  33.226 3.060439
85482  -50.266  -50.673  47.067 3.882398
85483  -50.502  -51.123  46.678 3.904801
85484  -50.614  -50.773  46.780 3.942008
85487  -50.991  -48.944  47.400 3.810803
85488  -51.420  -50.033  46.194 4.081437
85489  -51.171  -50.022  46.643 4.036020
85490  -51.249  -50.377  46.109 4.046356
85491  -51.099  -50.759  46.003 3.997524
85492  -51.266  -50.658  45.477 3.992237
85493  -51.130  -50.898  44.789 3.886933
85494  -51.409  -50.589  44.955 3.967034
85495  -52.061  -50.043  43.640 3.958553
85496  -51.732  -50.381  43.658 3.869835
85497  -51.933  -50.222  42.940 3.805263
85498  -51.731  -50.242  42.261 3.637299
85499  -52.165  -50.173  42.278 3.734879
85502  -53.665  -44.998  47.003 3.127975
85503  -53.767  -46.627  46.196 3.606471
85504  -53.553  -46.402  46.583 3.544257
85505  -53.524  -47.042  46.337 3.755039
85506  -53.137  -47.463  46.320 3.874742
85507  -53.395  -47.602  45.806 3.936728
85508  -54.342  -47.306  43.659 3.572019
85509  -54.241  -47.154  44.350 3.618500
85510  -54.134  -47.723  43.707 3.771179
85511  -53.746  -48.797  43.095 4.053281
85512  -53.704  -48.378  43.819 4.039427
85513  -53.519  -48.667  43.828 4.107387
85514  -53.351  -48.579  44.516 4.135828
85515  -53.282  -48.932  43.842 4.135715
85516  -53.005  -49.195  43.818 4.129497
85517  -53.310  -49.321  43.063 4.074283
85518  -53.463  -50.072  40.918 3.743752
85519  -53.209  -49.924  41.634 3.825804
85520  -53.086  -50.142  40.891 3.672916
85521  -52.689  -50.162  40.871 3.589767
85522  -52.964  -50.211  40.234 3.520921
85523  -52.838  -50.198  39.533 3.380380
85524  -53.268  -50.187  39.568 3.458161
85525  -54.184  -50.249  38.273 3.420642
85526  -53.822  -50.219  38.204 3.360356
85527  -54.101  -50.346  37.570 3.329237
85528  -54.047  -50.445  36.940 3.252352
85529  -54.444  -50.503  36.983 3.311721
85530  -55.090  -49.454  38.296 3.557659
85531  -54.913  -49.712  38.306 3.545694
85532  -55.198  -49.872  37.752 3.517040
85533  -55.709  -50.838  36.137 3.445573
85534  -55.390  -50.559  36.691 3.425239
85535  -55.386  -50.893  36.064 3.381926
85536  -55.007  -50.901  35.972 3.318309
85537  -55.328  -51.267  35.506 3.340427
85538  -55.240  -51.698  34.973 3.297648
85539  -55.575  -51.606  35.042 3.372067
85540  -56.331  -52.081  34.175 3.546448
85541  -55.984  -52.231  34.145 3.449373
85542  -56.203  -52.530  33.701 3.486613
85543  -55.921  -52.934  33.218 3.401189
85544  -56.330  -52.818  33.295 3.517362
85591  -56.205  -47.359  38.214 2.934805
85592  -56.587  -47.479  37.674 2.994251
85593  -57.289  -48.610  36.076 3.454273
85594  -57.013  -48.499  36.563 3.380902
85595  -57.153  -48.987  36.097 3.538232
85596  -56.995  -49.337  36.161 3.596047
85597  -57.274  -49.455  35.647 3.665678
85598  -58.005  -48.950  33.967 3.698744
85599  -57.866  -48.862  34.479 3.655784
85600  -57.918  -49.336  34.019 3.782984
85601  -57.690  -50.929  33.848 3.927353
85602  -57.695  -50.297  34.232 3.879294
85603  -57.545  -50.757  34.359 3.883499
85604  -57.402  -50.532  34.817 3.825002
85605  -57.396  -51.149  34.301 3.857545
85606  -57.175  -51.409  34.281 3.804675
85607  -57.352  -51.694  33.825 3.859617
85608  -57.323  -52.878  32.406 3.784516
85609  -57.223  -52.711  32.871 3.770071
85610  -57.003  -53.131  32.389 3.674762
85611  -56.599  -53.267  32.462 3.547337
85612  -56.725  -53.490  32.005 3.543349
85613  -56.397  -53.847  31.640 3.376275
85614  -56.831  -53.679  31.609 3.526499
85615  -57.369  -53.729  30.741 3.583179
85616  -56.951  -53.964  30.764 3.458287
85617  -57.123  -54.019  30.272 3.409868
85618  -56.847  -54.212  29.846 3.209674
85619  -57.318  -54.008  29.835 3.353901
85620  -58.485  -51.894  30.493 3.725410
85621  -58.298  -52.406  30.570 3.740027
85622  -58.481  -52.327  30.107 3.654934
85623  -58.526  -53.128  28.863 3.349548
85624  -58.332  -53.160  29.393 3.444710
85625  -58.169  -53.558  28.908 3.307447
85626  -57.770  -53.951  28.870 3.225023
85627  -57.953  -53.893  28.333 3.154884
85629  -58.139  -53.781  27.792 3.082881
85630  -58.815  -53.451  26.586 2.945539
85631  -58.512  -53.668  26.616 2.938985
85632  -58.674  -53.643  26.055 2.869434
85634  -58.806  -53.582  25.462 2.802483
85635  -56.340  -49.123  30.677 3.232234
85636  -56.906  -49.362  30.594 3.303496
85637  -56.862  -49.523  30.054 3.244219
85638  -57.776  -50.357  28.416 3.065926
85639  -57.818  -50.266  28.910 3.171222
85640  -58.187  -50.613  28.382 3.095961
85641  -58.554  -50.891  28.332 3.135644
85642  -58.533  -50.950  27.893 3.004688
85649  -59.016  -51.805  27.090 2.810668
92205  -49.101  -52.482  46.596 3.641102
92667  -55.627  -54.263  30.740 2.955748
93734  -49.338  -56.485  40.620 4.474984
93735  -49.238  -56.550  40.046 4.325345
93736  -49.223  -56.207  40.515 4.406503
93737  -49.089  -55.940  40.401 4.293974
93738  -48.980  -55.638  40.248 4.148068
93739  -50.010  -50.991  40.936 3.069756
93740  -49.733  -51.133  40.460 2.997182
93741  -50.165  -50.806  40.210 3.028823
93742  -50.379  -50.654  39.507 2.999508
93743  -50.632  -50.562  38.789 2.981100
93744  -50.911  -50.547  38.062 2.972432
93745  -51.218  -50.432  38.533 3.030680
93746  -51.849  -50.362  38.324 3.090590
93747  -52.542  -50.200  38.116 3.156928
93753  -49.482  -55.309  43.858 4.822335
93754  -49.432  -55.469  44.009 4.941161
93755  -49.466  -55.577  43.462 4.896346
93756  -49.513  -55.853  43.101 4.919352
93757  -49.626  -56.104  42.747 4.880584
93758  -49.645  -56.403  42.328 4.774416
93759  -49.580  -56.176  42.086 4.760792
93760  -49.472  -56.306  41.363 4.622684
95098  -48.380  -58.114  33.957 3.140373
95099  -48.706  -58.700  33.587 3.140358
95139  -45.178  -57.729  41.272 4.255467
96589  -54.838  -46.639  42.133 2.962477
96590  -54.879  -46.759  41.433 2.914745
96591  -54.803  -47.302  40.776 3.098994
96592  -54.838  -47.783  40.104 3.254291
96593  -55.003  -48.165  39.365 3.374931
96594  -55.105  -47.882  39.440 3.223444
96595  -55.426  -47.959  38.798 3.214322
96596  -55.800  -48.049  38.167 3.227682
96606  -57.403  -47.933  33.110 3.404399
96607  -57.705  -48.337  33.080 3.521070
96608  -57.597  -48.488  32.714 3.513214
96609  -57.831  -48.978  32.319 3.591686
96610  -58.085  -49.458  31.885 3.640626
96611  -58.298  -49.992  31.445 3.662083
96612  -58.021  -49.597  31.492 3.582625
96613  -57.975  -49.732  30.989 3.514690
96614  -57.968  -49.878  30.475 3.438878
98054  -49.461  -54.325  44.281 4.062533
98055  -49.369  -54.303  43.775 3.993585
98056  -49.498  -54.116  44.290 3.898783
98057  -49.538  -53.876  44.291 3.752311
98058  -49.531  -53.607  44.183 3.628697
98059  -49.815  -52.514  45.218 3.632428
98060  -49.695  -52.711  44.863 3.562389
98061  -49.868  -52.408  44.713 3.575506
98062  -49.868  -52.278  44.239 3.503722
98063  -49.802  -52.132  43.781 3.423234
98064  -49.784  -51.980  43.325 3.340169
98065  -50.029  -51.818  43.712 3.460840
98066  -50.328  -51.421  43.578 3.519196
98067  -50.664  -51.072  43.456 3.594357
98073  -48.590  -53.312  46.367 3.768463
98074  -48.382  -53.363  46.272 3.835808
98075  -48.912  -53.644  46.296 3.876615
98076  -49.085  -53.890  46.130 3.998381
98077  -49.280  -54.130  45.881 4.132859
98078  -49.373  -54.342  45.522 4.277375
98079  -49.478  -54.233  45.515 4.133755
98080  -49.546  -54.265  44.934 4.110065
99459  -47.190  -59.516  42.593 2.868927
102644  -49.715  -60.691  38.349 2.878426
102645  -49.839  -60.786  37.830 2.883850
102646  -49.573  -60.298  38.084 3.053412
102647  -49.378  -59.857  37.750 3.217838
102648  -49.157  -59.458  37.578 3.358171
102649  -48.635  -56.976  37.743 3.791576
102650  -48.715  -57.544  37.460 3.719276
102651  -48.562  -57.128  37.262 3.680546
102652  -48.521  -57.264  36.829 3.578082
102653  -48.487  -57.347  36.347 3.483910
102654  -48.479  -57.529  35.875 3.398017
102655  -48.296  -56.961  36.178 3.417383
102656  -48.155  -56.510  35.955 3.339945
102657  -48.051  -55.945  35.820 3.259136
102658  -48.921  -53.964  41.558 3.599349
102659  -48.844  -54.225  41.025 3.671955
102660  -48.825  -53.834  40.970 3.497765
102661  -48.728  -53.714  40.389 3.403238
102662  -48.653  -53.630  39.763 3.317896
102663  -48.922  -51.990  38.382 2.948658
102664  -48.806  -52.464  38.454 3.003217
102665  -48.792  -52.318  37.877 2.975592
102666  -48.663  -52.766  37.456 3.007516
102667  -48.557  -53.244  37.050 3.039606
102668  -48.315  -53.700  36.460 3.068246
102669  -48.456  -53.202  36.380 3.007099
102670  -48.461  -53.166  35.753 2.978073
102671  -48.418  -53.161  35.156 2.949981
102672  -48.482  -53.208  34.524 2.920031
102673  -48.823  -52.682  34.964 2.919282
102674  -49.376  -52.273  34.816 2.899959
102675  -49.922  -51.995  34.705 2.891834
102676  -52.194  -51.156  35.547 2.998683
102677  -51.862  -51.344  35.151 2.968874
102678  -52.562  -51.465  35.010 3.007769
102679  -52.852  -51.792  34.571 3.011445
102680  -53.039  -52.116  34.181 3.006204
102681  -53.235  -52.417  33.728 2.988820
102682  -53.619  -52.288  34.052 3.057788
102683  -54.197  -52.479  33.918 3.118689
102684  -54.776  -52.608  33.847 3.188893
102694  -44.942  -55.130  41.138 3.899687
102695  -45.034  -55.654  41.103 4.023608
102696  -45.220  -55.501  41.372 4.120568
102697  -45.454  -55.923  41.603 4.308107
102698  -45.764  -56.212  41.849 4.446896
102703  -46.858  -54.657  43.926 4.664100
102704  -48.673  -56.058  43.937 5.022031
102705  -48.141  -55.864  43.995 5.003346
102706  -48.279  -56.161  43.779 4.961333
102707  -47.845  -56.277  43.560 4.882829
102708  -47.457  -56.407  43.286 4.794644
102709  -47.157  -56.566  43.038 4.703976
102710  -47.605  -56.805  43.224 4.657706
102711  -47.635  -57.161  43.199 4.461767
102712  -47.628  -57.511  43.064 4.217000
102713  -47.528  -57.897  42.949 3.939402
102714  -48.046  -57.693  43.058 4.032147
102715  -48.343  -57.868  42.886 3.833463
102716  -48.539  -57.999  42.644 3.635271
102717  -49.312  -57.783  40.761 3.807052
102718  -49.252  -58.016  41.069 3.631742
102719  -49.209  -58.297  40.483 3.508248
102720  -49.091  -58.873  40.267 3.222262
102721  -49.090  -59.552  40.135 2.962464
102723  -49.253  -59.957  39.597 2.912295
102724  -49.451  -60.409  38.976 2.885973
106735  -50.416  -61.167  35.482 2.926229
106736  -50.664  -61.688  35.062 2.810877
106737  -50.555  -61.255  34.891 2.925075
106738  -50.635  -61.387  34.315 2.918415
106739  -50.785  -61.503  33.766 2.908406
111195  -51.604  -48.614  47.156 3.878696
111196  -51.322  -49.079  47.146 3.925218
111197  -51.632  -49.145  46.785 4.023171
111198  -51.666  -49.631  46.262 4.099662
111199  -51.609  -49.997  45.622 4.103515
111200  -51.595  -50.244  44.988 4.040572
111201  -51.826  -49.888  45.003 4.102060
111202  -52.061  -49.796  44.396 4.078465
111203  -52.380  -49.745  43.672 4.035306
111205  -53.907  -45.311  46.703 3.182416
111206  -54.125  -45.587  46.346 3.214954
111207  -54.033  -46.224  46.016 3.428971
111208  -53.921  -46.810  45.645 3.639223
111209  -54.232  -48.273  42.296 3.795756
111210  -54.057  -48.218  43.013 3.870159
111211  -54.088  -48.607  42.386 3.909903
111212  -53.963  -48.908  42.368 3.979664
111213  -53.789  -49.190  42.386 4.008527
111214  -53.569  -49.434  42.376 4.001770
111215  -53.801  -49.543  41.679 3.917863
111216  -53.763  -49.864  41.052 3.797424
111217  -53.721  -50.046  40.320 3.663228
111218  -53.667  -50.148  39.608 3.528770
111219  -53.988  -50.029  39.659 3.588694
111220  -54.243  -50.059  38.959 3.524241
111221  -54.521  -50.129  38.259 3.473449
111222  -55.697  -49.812  37.185 3.536446
111223  -55.487  -50.074  37.188 3.510467
111224  -55.872  -50.281  36.696 3.525742
111225  -55.976  -50.727  36.182 3.506627
111226  -55.976  -51.099  35.645 3.481576
111227  -55.893  -51.479  35.108 3.450243
111228  -56.201  -51.323  35.183 3.529659
111229  -56.430  -51.602  34.698 3.585037
111230  -56.663  -51.903  34.267 3.642188
111258  -57.040  -47.164  37.216 2.926962
111259  -56.953  -47.595  37.108 3.066393
111260  -57.223  -47.696  36.630 3.146417
111261  -57.387  -48.209  36.094 3.349189
111262  -57.544  -48.702  35.599 3.528611
111263  -58.096  -50.061  33.251 3.886111
111264  -57.974  -49.904  33.665 3.875509
111265  -57.997  -50.556  33.311 3.932958
111266  -57.876  -51.044  33.367 3.952383
111267  -57.704  -51.503  33.431 3.941467
111268  -57.497  -51.896  33.412 3.900058
111269  -57.641  -52.088  32.934 3.922186
111270  -57.581  -52.572  32.445 3.869260
111271  -57.428  -53.025  31.942 3.781485
111272  -57.188  -53.439  31.549 3.657608
111273  -57.523  -53.137  31.543 3.761067
111274  -57.646  -53.277  31.133 3.724263
111275  -57.782  -53.414  30.680 3.672608
111276  -58.780  -51.777  29.502 3.528352
111277  -58.646  -52.300  29.664 3.557718
111278  -58.805  -52.231  29.146 3.449681
111279  -58.790  -52.695  28.760 3.355234
111280  -58.708  -53.140  28.272 3.247418
111281  -58.516  -53.508  27.737 3.130522
111282  -58.839  -53.177  27.674 3.140169
111283  -58.973  -53.223  27.091 3.029812
111284  -59.069  -53.184  26.530 2.918369
111285  -56.247  -49.433  29.745 3.138025
111286  -56.866  -49.648  29.563 3.180419
111287  -56.801  -49.762  29.134 3.109604
111288  -57.286  -50.107  28.512 3.044238
111289  -57.729  -50.474  27.833 2.949342
115304  -49.441  -53.610  46.043 3.735724
115305  -49.546  -53.611  45.640 3.714102
115306  -49.477  -53.402  45.981 3.685737
115307  -49.531  -53.149  45.890 3.658285
115308  -49.600  -52.865  45.815 3.653295
115309  -49.403  -52.622  46.412 3.672553
115310  -49.578  -52.628  46.091 3.682795
115311  -49.716  -52.590  45.704 3.669259
115312  -49.941  -52.314  45.592 3.703497
115313  -50.205  -52.053  45.476 3.752283
115314  -50.499  -51.730  45.528 3.811131
115322  -48.295  -52.994  46.425 3.673607
115323  -48.765  -53.230  46.499 3.714046
115324  -49.158  -53.442  46.378 3.735351
118874  -49.035  -58.219  39.188 3.738790
118875  -48.965  -58.429  38.705 3.651566
118876  -49.034  -57.894  38.922 3.853956
118877  -48.968  -57.572  38.679 3.922377
118878  -48.855  -57.264  38.471 3.940682
118879  -49.057  -56.669  39.454 4.179535
118880  -48.876  -56.812  38.815 4.041082
118881  -48.735  -56.911  38.295 3.911647
118882  -48.606  -56.472  38.138 3.842956
118883  -48.427  -56.133  37.970 3.745134
118884  -48.368  -55.761  37.851 3.629390
118885  -49.146  -52.541  41.261 3.108716
118886  -49.030  -52.781  40.771 3.117646
118887  -49.092  -52.371  40.635 3.046390
118888  -49.057  -52.090  40.066 2.996308
118889  -49.020  -51.862  39.446 2.958482
118890  -49.471  -51.283  39.894 2.952011
118891  -49.228  -51.458  39.318 2.931660
118892  -49.071  -51.721  38.828 2.932186
118893  -49.132  -51.566  38.180 2.916066
118894  -49.274  -51.402  37.573 2.908227
118895  -49.535  -51.363  36.972 2.906292
118896  -49.848  -51.398  36.404 2.907404
118897  -50.030  -51.127  36.728 2.907021
118898  -50.576  -50.972  36.492 2.922349
118899  -51.171  -50.891  36.302 2.950035
118900  -51.189  -50.622  37.407 2.971987
118901  -51.435  -50.735  36.759 2.977838
118902  -51.837  -50.926  36.145 2.987654
118903  -52.484  -50.989  35.990 3.032853
118904  -53.202  -51.040  35.881 3.083600
118905  -53.806  -51.120  35.753 3.138319
118917  -48.572  -54.863  45.152 4.733065
118918  -48.207  -54.972  44.947 4.786757
118919  -48.649  -55.163  44.896 4.870882
118920  -48.746  -55.434  44.638 4.979001
118921  -48.871  -55.711  44.367 5.045201
118922  -49.392  -55.626  44.111 5.020168
118923  -49.233  -55.800  44.145 5.057901
118924  -48.956  -55.974  44.088 5.056705
118925  -49.059  -56.234  43.823 5.002334
118926  -49.209  -56.547  43.546 4.875514
118927  -49.238  -56.891  43.270 4.676954
118928  -49.197  -57.233  42.993 4.416004
118929  -49.488  -57.048  42.907 4.547110
118930  -49.508  -57.136  42.354 4.401334
118931  -49.518  -57.243  41.730 4.249740
118932  -49.605  -56.702  41.896 4.602252
118933  -49.539  -57.041  41.453 4.372966
118934  -49.457  -57.378  41.078 4.101673
118935  -49.305  -57.557  40.432 3.964508
118936  -49.164  -57.859  39.782 3.842905
122056  -49.604  -59.909  34.660 3.229128
122057  -49.930  -60.304  34.258 3.161366
122058  -49.703  -59.973  34.074 3.188960
122059  -49.831  -59.993  33.505 3.153792
122060  -49.973  -60.018  32.959 3.124764
122061  -49.127  -59.210  33.182 3.135799
122062  -49.634  -59.665  32.729 3.124073
122151  -44.212  -56.333  40.122 3.676071
125528  -51.596  -48.040  47.471 3.681128
125529  -51.932  -48.165  47.179 3.818429
125530  -52.246  -48.289  46.773 3.938386
125531  -52.501  -48.353  46.323 4.033985
125533  -54.541  -46.141  44.719 3.181120
125534  -54.619  -46.287  44.123 3.134681
125535  -54.539  -46.872  43.599 3.337466
125536  -54.410  -47.392  43.011 3.509504
125537  -54.636  -47.112  42.235 3.209613
125538  -54.488  -47.488  42.299 3.438653
125539  -54.358  -47.904  42.294 3.637138
125540  -54.376  -48.311  41.593 3.713021
125541  -54.422  -48.672  40.953 3.737555
125542  -54.544  -49.011  40.226 3.718017
125543  -54.627  -49.340  39.575 3.666138
125544  -54.740  -49.057  39.520 3.642857
125545  -54.983  -49.132  38.824 3.584544
125546  -55.226  -49.201  38.284 3.547340
125547  -55.188  -48.573  38.781 3.459410
125548  -55.375  -48.960  38.230 3.510371
125549  -55.525  -49.347  37.746 3.533640
125550  -55.919  -49.579  37.175 3.543724
125551  -56.306  -49.772  36.681 3.575832
125552  -56.645  -49.946  36.221 3.626146
125574  -57.773  -47.464  35.002 3.255811
125575  -57.823  -47.941  34.960 3.380692
125576  -57.905  -48.084  34.394 3.440428
125577  -57.988  -48.556  33.941 3.597694
125578  -58.074  -49.064  33.550 3.723743
125579  -57.957  -48.715  33.125 3.629981
125580  -58.118  -49.116  33.156 3.729577
125581  -58.185  -49.604  33.161 3.816539
125582  -58.228  -50.151  32.831 3.876005
125583  -58.272  -50.691  32.443 3.903511
125584  -58.266  -51.281  31.960 3.901033
125585  -58.229  -51.903  31.529 3.870176
125586  -58.357  -51.376  31.462 3.845022
125587  -58.468  -51.442  30.899 3.773134
125588  -58.581  -51.438  30.398 3.687589
125589  -58.447  -50.517  30.898 3.658953
125590  -58.566  -51.004  30.389 3.634186
125591  -58.684  -51.430  29.933 3.590152
125592  -58.780  -51.408  29.420 3.482097
125593  -58.858  -51.452  28.889 3.364301
125594  -58.938  -51.500  28.403 3.237406
128924  -49.339  -55.205  42.437 4.499942
128925  -49.231  -55.202  41.843 4.382593
128926  -49.244  -54.938  42.289 4.303414
128927  -49.137  -54.617  42.266 4.098016
128928  -49.071  -54.356  42.176 3.895192
128929  -49.272  -54.247  43.271 3.907338
128930  -49.144  -54.166  42.701 3.809102
128931  -49.021  -54.064  42.119 3.704630
128932  -49.036  -53.735  42.040 3.533769
128933  -49.092  -53.404  41.989 3.387859
128934  -49.150  -53.054  41.945 3.270164
128935  -49.586  -53.536  45.177 3.670946
128936  -49.582  -53.470  44.615 3.608679
128937  -49.509  -53.333  44.075 3.531478
128938  -49.610  -52.881  44.463 3.503234
128939  -49.513  -53.046  44.020 3.462470
128940  -49.413  -53.215  43.525 3.444741
128941  -49.305  -53.058  42.996 3.354216
128942  -49.247  -52.896  42.443 3.265274
128943  -49.203  -52.680  41.869 3.182357
128944  -49.278  -52.357  41.797 3.124803
128945  -49.462  -51.977  41.710 3.096825
128946  -49.631  -51.620  41.729 3.096846
128947  -49.809  -51.762  42.816 3.259844
128948  -49.855  -51.501  42.237 3.186358
128949  -49.907  -51.229  41.611 3.122469
128950  -50.325  -50.836  41.369 3.170519
128951  -50.786  -50.518  41.126 3.237063
128952  -51.317  -50.325  40.901 3.317503
128972  -48.395  -54.541  45.300 4.575911
128973  -48.843  -54.742  45.253 4.650990
128974  -49.161  -54.837  45.112 4.700029
128975  -49.328  -54.936  44.776 4.720664
128976  -49.434  -54.538  45.113 4.427121
128977  -49.442  -54.761  44.743 4.574829
128978  -49.446  -55.035  44.286 4.710621
128979  -49.458  -55.105  43.713 4.669064
128980  -49.398  -55.170  43.063 4.597476
131889  -46.097  -58.691  42.220 3.825162
134996  -56.618  -48.734  31.536 3.316163
134997  -56.092  -48.482  31.680 3.214673
134998  -55.913  -48.687  31.328 3.185296
134999  -55.801  -48.846  30.849 3.155749
135001  -55.286  -48.478  31.083 3.072445
135002  -55.722  -48.992  30.380 3.125723
138589  -49.968  -60.875  37.292 2.896248
138590  -50.160  -60.974  36.687 2.910078
138591  -50.299  -61.080  36.116 2.920972
138592  -50.096  -60.732  35.936 3.046977
138593  -49.917  -60.435  35.654 3.152067
138594  -49.735  -60.127  35.442 3.228534
138595  -48.906  -58.656  38.252 3.578890
138596  -48.909  -58.876  37.783 3.517334
138597  -49.045  -59.044  37.275 3.463212
138598  -48.843  -58.103  37.218 3.629668
138599  -48.959  -58.645  37.029 3.526492
138600  -49.177  -59.194  36.788 3.413351
138601  -49.320  -59.425  36.284 3.365490
138602  -49.460  -59.631  35.747 3.318603
138603  -49.547  -59.800  35.219 3.272816
138604  -49.313  -59.414  34.997 3.285900
138605  -49.009  -58.944  34.842 3.272346
138606  -48.757  -58.551  34.608 3.238716
138607  -48.489  -57.710  35.407 3.320592
138608  -48.478  -57.898  34.924 3.251874
138609  -48.436  -58.029  34.444 3.191895
138610  -48.136  -57.517  34.260 3.137864
138613  -49.050  -55.183  41.283 4.252548
138614  -48.962  -55.248  40.689 4.116745
138615  -48.827  -55.254  40.097 3.981042
138616  -48.757  -54.540  40.456 3.743258
138617  -48.697  -54.874  39.931 3.804951
138618  -48.665  -55.253  39.474 3.849846
138619  -48.539  -55.288  38.906 3.726005
138620  -48.438  -55.295  38.321 3.611147
138621  -48.358  -55.298  37.769 3.505998
138622  -48.885  -52.987  40.228 3.147018
138623  -48.711  -53.236  39.658 3.190951
138624  -48.587  -53.571  39.137 3.242805
138625  -48.649  -52.935  38.495 3.079974
138626  -48.563  -53.447  38.558 3.178162
138627  -48.534  -53.948  38.651 3.295902
138628  -48.474  -54.356  38.179 3.344300
138629  -48.361  -54.784  37.706 3.383480
138630  -48.266  -55.280  37.281 3.410699
138631  -48.151  -55.274  36.745 3.325047
138632  -48.050  -55.310  36.222 3.248596
138633  -47.993  -55.388  35.674 3.180685
138634  -48.084  -54.221  35.906 3.091378
138635  -47.977  -54.866  35.496 3.108510
138636  -47.916  -55.491  35.142 3.120368
138649  -50.139  -51.544  35.781 2.908271
138650  -50.353  -51.674  35.220 2.905261
138651  -50.468  -51.854  34.587 2.894570
138652  -51.508  -51.573  34.793 2.939496
138653  -51.068  -51.822  34.436 2.907779
138654  -50.608  -52.098  34.045 2.872486
138655  -50.776  -52.353  33.564 2.835756
138661  -53.435  -52.746  33.296 2.956872
138662  -53.596  -53.004  32.838 2.909147
138663  -53.765  -53.216  32.400 2.846030
138664  -54.343  -53.389  32.346 2.926832
138665  -54.884  -53.527  32.310 3.026781
138666  -55.361  -53.609  32.223 3.143750
138686  -44.145  -55.782  40.055 3.543248
138687  -44.381  -56.172  40.345 3.763742
138688  -44.630  -56.547  40.638 3.966050
138689  -44.892  -56.921  40.933 4.134188
138690  -45.048  -56.212  41.128 4.129262
138691  -45.091  -56.734  41.170 4.207855
138692  -45.187  -57.262  41.187 4.251607
138693  -45.391  -57.525  41.476 4.304016
138694  -45.614  -57.817  41.716 4.282876
138695  -45.875  -58.068  41.983 4.187954
138704  -45.769  -54.663  42.542 4.349541
138705  -47.787  -55.034  44.621 4.810887
138706  -47.368  -54.978  44.192 4.805956
138707  -46.980  -54.952  43.819 4.773725
138708  -47.568  -55.601  43.922 4.946139
138709  -46.995  -55.283  43.736 4.850580
138710  -46.667  -54.931  43.497 4.716983
138711  -46.330  -54.907  43.167 4.639472
138712  -46.073  -54.964  42.764 4.545882
138713  -45.852  -55.086  42.369 4.441699
138714  -45.944  -55.583  42.207 4.506725
138715  -45.995  -56.079  42.129 4.536916
138716  -46.131  -56.533  42.129 4.525048
138717  -46.808  -56.719  42.741 4.616657
138718  -46.506  -56.861  42.449 4.536732
138719  -46.226  -56.972  42.138 4.466319
138720  -46.217  -57.446  42.201 4.360065
138721  -46.171  -57.896  42.190 4.210788
138722  -46.109  -58.288  42.189 4.028069
138723  -46.448  -58.478  42.378 3.819333
138724  -46.724  -58.674  42.530 3.581792
138725  -47.002  -58.850  42.618 3.335696
138726  -47.429  -58.268  42.810 3.648159
138727  -47.380  -58.637  42.707 3.362402
138728  -47.319  -59.066  42.660 3.098568
138729  -47.535  -59.309  42.531 2.883714
138732  -49.083  -57.533  42.712 4.109786
138733  -48.906  -57.819  42.481 3.780108
138734  -48.729  -58.156  42.243 3.449519
138735  -49.073  -58.226  41.449 3.453344
138736  -48.843  -58.404  41.767 3.285129
138737  -48.547  -58.557  42.033 3.137792
138738  -48.419  -59.132  41.882 2.859957
146896  -50.329  -60.628  33.850 3.082644
146897  -50.640  -61.096  33.489 2.994062
155826  -50.049  -51.470  46.838 3.812101
155827  -50.378  -51.504  46.587 3.856839
155828  -50.583  -51.481  46.161 3.878021
155829  -50.722  -51.440  45.687 3.875051
155832  -50.596  -49.871  47.176 3.884706
155833  -51.086  -49.547  47.089 3.955959
155834  -50.891  -49.996  46.993 3.969229
155835  -50.770  -50.454  46.902 3.964331
155836  -50.913  -50.840  46.480 3.980905
155837  -50.918  -51.102  45.840 3.938863
155838  -50.770  -51.301  45.163 3.849768
155839  -50.840  -51.168  44.634 3.805887
155840  -50.919  -51.015  44.121 3.748168
155841  -51.025  -50.822  43.550 3.681596
155842  -51.542  -50.457  44.322 3.925020
155843  -51.394  -50.569  43.628 3.775430
155844  -51.167  -50.635  42.925 3.610749
155845  -51.348  -50.422  42.278 3.539464
155846  -51.523  -50.264  41.641 3.470708
155847  -51.803  -50.235  40.920 3.406716
155850  -52.946  -46.077  47.305 3.343224
155851  -53.588  -45.747  46.793 3.328009
155852  -53.269  -46.211  46.936 3.454978
155853  -52.889  -46.701  47.123 3.565470
155854  -52.834  -47.333  46.793 3.781576
155855  -52.791  -47.920  46.352 3.967061
155856  -52.797  -48.404  45.800 4.100154
155857  -54.333  -46.578  44.899 3.425939
155858  -54.079  -46.973  45.044 3.642442
155859  -53.812  -47.360  45.123 3.823450
155860  -53.925  -48.081  43.767 3.927830
155861  -53.748  -47.913  44.528 3.961421
155862  -53.580  -47.757  45.185 3.965452
155863  -53.342  -48.112  45.206 4.068275
155864  -53.066  -48.493  45.191 4.134168
155865  -52.727  -48.859  45.181 4.166578
155866  -52.683  -49.167  44.477 4.162431
155867  -52.702  -49.468  43.699 4.094183
155868  -52.713  -49.754  42.999 3.976063
155869  -53.307  -49.642  42.332 3.965254
155870  -52.945  -49.816  42.358 3.904774
155871  -52.557  -50.017  42.340 3.826042
155872  -52.431  -50.122  41.568 3.662034
155873  -52.279  -50.170  40.858 3.499287
155874  -52.085  -50.224  40.176 3.349149
155875  -52.355  -50.188  39.524 3.299246
155876  -52.687  -50.185  38.819 3.257962
155877  -53.007  -50.239  38.089 3.226042
155878  -53.561  -50.160  38.875 3.403916
155879  -53.429  -50.227  38.147 3.294743
155880  -53.324  -50.312  37.455 3.203985
155881  -53.629  -50.468  36.893 3.191923
155882  -53.936  -50.785  36.378 3.189569
155883  -54.232  -51.058  35.824 3.196015
155884  -54.668  -49.649  38.948 3.594927
155885  -54.750  -49.952  38.276 3.516220
155886  -54.822  -50.249  37.679 3.439048
155887  -55.331  -50.264  37.234 3.471048
155888  -55.088  -50.381  37.185 3.422793
155889  -54.784  -50.458  37.078 3.368983
155890  -54.717  -50.668  36.471 3.308240
155891  -54.625  -50.945  35.879 3.256135
155892  -54.562  -51.459  35.297 3.209681
155893  -54.800  -51.837  34.858 3.228271
155894  -55.034  -52.177  34.410 3.248867
155895  -55.246  -52.506  33.989 3.268137
155896  -55.795  -51.926  34.619 3.409747
155897  -55.613  -52.369  34.099 3.355566
155898  -55.374  -52.777  33.565 3.282738
155899  -55.498  -53.007  33.135 3.289731
155900  -55.644  -53.285  32.723 3.287043
155901  -55.777  -53.560  32.322 3.273739
155956  -55.832  -47.224  38.740 2.891925
155957  -55.997  -47.702  38.190 3.087299
155958  -56.234  -48.191  37.618 3.262281
155959  -56.825  -47.989  37.070 3.197689
155960  -56.647  -48.352  37.076 3.314939
155961  -56.455  -48.692  37.105 3.411893
155962  -56.649  -49.191  36.647 3.533101
155963  -56.799  -49.701  36.239 3.625129
155964  -56.951  -50.147  35.780 3.689089
155965  -57.805  -48.379  34.968 3.496240
155966  -57.734  -48.792  35.008 3.597639
155967  -57.654  -49.184  35.050 3.679007
155968  -57.818  -49.809  34.117 3.844829
155969  -57.690  -49.706  34.616 3.796484
155970  -57.520  -49.569  35.124 3.734800
155971  -57.344  -49.961  35.221 3.761316
155972  -57.228  -50.347  35.302 3.757839
155973  -56.995  -50.630  35.307 3.727036
155974  -57.000  -51.112  34.819 3.740718
155975  -56.920  -51.646  34.273 3.730578
155976  -56.856  -52.191  33.813 3.695408
155977  -57.285  -52.218  33.377 3.830948
155978  -57.034  -52.474  33.345 3.739438
155979  -56.707  -52.666  33.355 3.632426
155980  -56.464  -53.072  32.882 3.538342
155981  -56.200  -53.443  32.397 3.410794
155982  -55.857  -53.776  31.992 3.250068
155983  -55.943  -53.947  31.609 3.217365
155984  -55.967  -54.167  31.227 3.177627
155985  -56.055  -54.267  30.778 3.133150
155986  -56.873  -53.841  31.183 3.497684
155987  -56.542  -54.138  30.771 3.304789
155988  -56.193  -54.304  30.322 3.086161
155989  -56.385  -54.309  29.858 3.038610
155990  -56.600  -54.291  29.368 2.992059
155991  -56.878  -54.267  28.925 2.947746
155992  -58.182  -52.485  31.127 3.811429
155993  -58.040  -52.972  30.620 3.724224
155994  -57.921  -53.370  30.229 3.607736
155995  -58.428  -52.848  29.781 3.561305
155996  -58.133  -53.321  29.808 3.531264
155997  -57.756  -53.703  29.832 3.462450
155998  -57.582  -54.004  29.395 3.291824
155999  -57.334  -54.172  28.906 3.103101
156000  -57.120  -54.269  28.356 2.906637
156004  -58.337  -53.707  27.183 3.010480
156010  -56.998  -49.163  31.049 3.359072
156011  -57.461  -49.584  30.571 3.371729
156012  -57.873  -50.030  29.969 3.356403
156013  -57.390  -49.902  29.445 3.222638
156014  -57.830  -50.185  29.403 3.267475
156015  -58.229  -50.438  29.400 3.316769
156016  -58.508  -50.846  28.781 3.257500
156017  -58.795  -51.173  28.349 3.183999
156018  -59.012  -51.549  27.944 3.102118
156021  -58.075  -50.772  27.382 2.835396
156024  -58.481  -51.005  27.429 2.864327
156025  -58.851  -51.297  27.481 2.906470
156026  -59.043  -51.642  27.506 2.959421
156027  -59.163  -52.010  27.549 3.017913
156028  -59.228  -52.516  27.089 2.937370
156029  -59.219  -52.865  26.495 2.865907
156030  -59.160  -53.116  25.959 2.807714
