#!ascii label , from subject fsaverage
933
54  45.729  24.429  30.707 4.337936
109  40.119  14.473  41.530 3.672214
494  41.321  19.705  34.693 4.510288
884  40.456  22.860  29.410 4.064713
1083  41.157  18.743  41.498 4.476436
1084  41.901  22.522  37.447 4.408835
1085  38.681  17.800  37.871 3.890099
1588  43.224  16.369  44.584 4.982806
2127  48.434  25.081  34.098 4.940749
2129  45.468  24.101  36.199 4.603316
2130  44.418  21.490  32.865 4.861845
2131  38.025  19.492  31.448 3.907966
2135  42.865  13.794  48.822 4.149715
2136  40.666  11.143  44.987 3.730429
2804  43.332  23.715  30.248 4.366240
3003  41.038  16.419  41.260 4.516594
3004  40.033  18.085  39.679 4.440926
3005  39.144  15.944  39.781 3.643982
3606  41.904  18.404  44.953 4.173218
3607  43.204  17.714  46.390 4.229670
4686  47.595  28.084  33.489 4.462092
4687  46.384  27.089  34.462 4.374202
4691  42.305  21.014  36.191 4.734891
4692  43.789  23.648  36.429 4.511114
4693  44.236  21.349  35.773 4.835371
4694  45.820  21.951  35.198 4.862721
4695  42.949  20.367  33.713 4.697175
4696  41.423  20.694  31.906 4.479688
4697  39.727  19.533  33.069 4.179761
4709  41.873  12.262  46.655 4.138868
6557  40.301  21.230  41.331 3.600530
6558  40.640  23.090  39.299 3.503137
6559  40.716  20.649  39.540 4.356660
6560  40.283  19.974  37.624 4.572852
6561  39.730  19.199  35.918 4.226064
6562  38.472  18.411  34.280 3.850187
7262  47.497  25.913  30.829 4.083987
7544  40.949  19.507  43.295 3.872720
7545  42.357  17.261  42.976 4.818626
7546  41.891  14.984  43.054 4.711708
8947  47.966  29.840  32.062 3.808156
8948  48.950  26.181  32.410 4.654133
8949  47.640  24.047  32.353 4.897678
8953  41.973  24.774  37.471 3.562738
8954  43.410  25.723  36.156 3.764741
8955  44.831  26.352  35.409 4.046680
8956  47.003  24.699  35.606 4.750311
8957  47.156  22.759  34.086 4.967182
8958  45.405  22.997  31.981 4.920151
8959  42.473  22.289  31.166 4.714911
8960  39.156  21.115  30.094 4.179284
8961  36.766  19.372  29.212 3.507370
8962  36.652  18.052  32.642 3.663665
8972  42.100  15.283  51.171 3.756383
8973  42.869  16.976  48.570 4.089379
8974  43.325  15.449  46.453 4.721260
8975  42.243  13.846  44.934 4.631743
8976  40.660  12.586  43.439 3.831581
10480  46.151  25.598  29.868 3.736287
10482  45.132  24.846  29.786 3.813030
10483  43.945  24.444  29.717 3.834447
10484  44.624  23.980  30.532 4.386178
10683  40.546  15.422  41.413 4.144677
10684  40.152  16.128  40.487 4.096674
10685  39.607  15.160  40.713 3.623037
11286  42.196  18.735  46.762 3.678358
11287  42.487  18.651  47.456 3.655746
12366  45.629  28.299  33.835 3.963656
12367  44.928  27.705  34.260 3.818057
12371  41.928  20.135  35.496 4.663225
12372  43.339  21.144  35.998 4.798215
12373  42.827  20.335  35.145 4.745582
12374  43.654  20.537  34.751 4.796826
12375  42.069  19.911  34.224 4.615705
12376  41.301  19.957  33.305 4.465389
12377  40.534  19.447  33.844 4.337092
14170  41.306  23.684  28.982 3.666495
14174  39.099  22.345  28.714 3.799347
14768  40.770  19.912  41.433 4.091912
14769  40.577  20.864  40.447 4.013791
14770  40.753  19.651  40.580 4.383823
14771  39.266  17.874  38.843 4.193646
14772  39.792  19.012  38.734 4.492697
14773  39.338  18.845  37.754 4.311618
14774  40.101  19.603  36.767 4.438139
14775  39.140  18.675  36.846 4.060346
14776  38.676  18.438  35.980 3.820397
14777  38.286  17.692  36.871 3.612071
15974  48.133  27.082  30.900 3.839086
16578  42.897  17.394  44.647 4.696996
16579  42.252  17.849  43.902 4.591612
16580  42.839  16.746  43.804 4.954502
16581  42.250  16.146  42.895 4.928322
16582  42.653  15.577  43.820 4.991125
19817  46.627  30.674  32.165 3.652687
19818  48.297  26.491  33.881 4.795667
19819  48.725  27.008  33.183 4.673656
19820  48.796  25.391  33.261 4.901928
19821  48.448  24.839  32.379 4.826880
19822  48.434  24.178  33.241 4.981867
19831  41.177  22.836  38.266 3.999675
19832  41.195  24.014  38.239 3.513000
19833  42.068  23.714  37.320 4.038392
19834  44.737  23.914  36.320 4.559798
19835  43.894  24.749  36.412 4.180326
19836  44.692  25.077  36.218 4.265685
19837  44.089  26.057  35.821 3.896795
19838  45.427  25.462  36.029 4.360983
19839  46.143  25.785  35.731 4.479039
19840  46.223  24.439  36.023 4.660772
19841  45.266  21.404  34.002 4.875296
19842  46.567  22.249  34.855 4.905331
19843  45.823  22.014  33.589 4.937523
19844  46.395  22.768  32.967 4.979453
19845  44.976  22.325  32.542 4.932899
19846  43.995  22.701  31.619 4.859548
19847  43.531  21.885  32.023 4.821985
19848  39.724  20.117  31.619 4.197981
19849  40.373  20.922  31.032 4.358899
19850  38.725  20.253  30.645 4.050497
19851  37.924  20.278  29.523 3.844079
19852  37.215  19.424  30.297 3.740003
19853  37.118  17.602  34.148 3.554212
19854  37.588  18.207  33.447 3.741840
19855  36.255  17.239  33.322 3.520863
19879  42.443  12.844  50.016 3.726712
19880  42.213  13.679  51.159 3.627154
19881  42.735  14.631  49.862 4.009354
19882  42.541  16.207  49.836 3.960521
19883  43.003  15.435  48.640 4.287259
19884  43.372  16.175  47.347 4.483131
19885  43.095  14.672  47.557 4.475918
19886  41.258  11.701  45.858 3.983021
19887  42.160  13.165  45.739 4.435800
19888  41.404  12.545  44.903 4.196019
19889  41.399  13.123  44.225 4.294458
19890  40.729  11.858  44.096 3.836016
23479  42.628  24.070  29.374 3.787346
23480  41.988  23.370  29.862 4.259436
23837  41.254  17.474  41.298 4.642876
23838  40.692  18.385  40.567 4.550240
23839  40.472  17.152  40.450 4.446032
23840  39.674  16.997  39.741 4.113419
23841  38.820  16.902  38.820 3.740184
24922  40.957  19.451  45.315 3.588255
24923  41.555  19.025  46.133 3.661472
24924  42.660  18.044  45.648 4.236646
24925  43.409  17.039  45.437 4.702069
26866  46.451  29.787  32.937 3.928722
26867  46.101  28.952  33.388 4.020018
26868  47.113  27.481  34.001 4.481592
26869  47.661  26.273  34.535 4.747573
26875  42.416  21.871  36.901 4.661249
26876  42.832  23.226  36.779 4.457391
26877  43.516  22.195  36.527 4.713960
26878  44.400  22.489  36.402 4.754003
26879  45.157  22.708  36.224 4.774222
26880  45.882  22.893  35.931 4.788706
26881  45.014  21.645  35.531 4.848072
26882  44.612  20.973  34.379 4.830729
26883  43.712  20.881  33.270 4.774914
26884  42.934  21.177  32.375 4.710384
26885  42.133  20.521  32.768 4.585723
26886  40.577  20.032  32.462 4.326675
26887  38.935  19.525  32.385 4.043460
26906  42.205  12.020  48.946 3.765475
26907  42.519  13.044  47.696 4.192413
26908  41.623  11.272  47.854 3.744906
26909  40.983  10.692  46.877 3.657540
30661  40.296  22.118  40.319 3.531211
30662  40.650  21.774  39.295 3.988503
30663  41.065  21.589  38.572 4.372092
30664  40.404  19.336  39.617 4.527161
30665  40.578  20.329  38.567 4.555150
30666  41.367  21.226  37.590 4.605774
30667  41.302  20.632  36.711 4.657109
30668  40.977  19.956  35.973 4.557446
30669  40.502  19.467  35.145 4.377836
30670  39.842  19.122  34.379 4.187326
30671  39.190  18.823  35.124 4.014209
30672  37.954  18.031  35.078 3.646474
32329  46.953  26.484  29.975 3.607072
32330  46.723  25.064  30.644 4.239390
33093  40.644  20.255  42.371 3.716443
33094  41.136  19.045  42.407 4.231921
33095  41.286  18.873  44.161 4.040239
33096  41.703  18.289  43.277 4.415815
33097  41.732  17.896  42.338 4.634957
33098  41.847  16.774  42.168 4.788393
33099  41.520  15.754  42.289 4.624358
33100  41.061  14.668  42.294 4.227135
37089  48.669  29.192  31.590 3.734103
37090  47.876  28.882  32.902 4.245253
37091  48.853  27.997  32.461 4.315727
37092  48.807  27.338  31.738 4.160629
37093  48.408  25.839  31.626 4.442348
37094  47.562  24.875  31.573 4.601806
37095  46.682  24.156  31.565 4.691215
37108  42.938  24.406  36.702 4.101355
37109  42.692  25.291  36.729 3.650298
37113  44.205  27.176  34.595 3.635739
37114  45.583  26.738  34.954 4.212806
37115  46.916  26.025  35.195 4.618931
37116  47.772  24.870  34.948 4.861092
37117  46.666  23.243  35.633 4.826401
37118  47.422  23.474  35.057 4.898511
37119  48.087  23.760  34.145 4.974618
37120  47.551  23.351  33.201 4.993252
37121  46.600  23.454  32.251 4.924670
37122  45.561  23.720  31.427 4.739413
37123  44.351  23.396  31.100 4.736373
37124  42.933  23.105  30.750 4.654610
37125  41.430  22.650  30.333 4.478425
37126  41.979  21.488  31.524 4.627221
37127  40.865  21.748  30.654 4.481057
37128  39.816  22.047  29.757 4.216554
37129  38.445  21.312  29.061 3.895652
37130  37.440  20.428  28.479 3.546015
37132  38.978  18.902  33.623 4.025747
37133  38.166  18.963  32.888 3.898045
37134  37.249  18.794  32.197 3.782607
37136  35.782  17.812  31.894 3.572948
37137  36.468  18.620  31.228 3.645548
37165  41.641  16.771  50.955 3.502063
37166  42.031  17.681  49.819 3.569636
37167  42.346  18.328  48.500 3.616488
37168  43.309  17.424  47.300 4.175331
37169  43.614  16.618  46.337 4.621997
37170  43.465  15.926  45.553 4.895919
37171  42.748  13.859  46.601 4.528155
37172  43.039  14.712  45.750 4.778074
37173  42.974  15.203  44.839 4.938742
37174  42.243  14.427  44.089 4.723091
37175  41.400  13.820  43.311 4.293589
37176  40.599  13.427  42.440 3.758757
41200  45.962  24.967  30.284 4.057528
41201  45.676  25.200  29.852 3.780934
41202  45.433  24.633  30.280 4.097254
41203  44.849  24.364  30.188 4.123705
41204  45.186  24.196  30.651 4.369130
41403  40.309  14.933  41.485 3.911218
41404  40.135  15.313  41.032 3.881589
41405  39.841  14.789  41.137 3.640329
43086  44.543  28.272  33.960 3.568785
43091  41.664  19.914  35.134 4.592689
43092  42.433  20.234  35.328 4.708120
43093  42.073  20.022  34.926 4.643414
43094  42.469  20.109  34.702 4.686378
43095  41.686  19.787  34.476 4.566649
43096  41.304  19.657  33.993 4.484828
43097  40.935  19.474  34.288 4.423235
44890  40.936  23.308  29.211 3.896575
44891  40.661  23.558  28.741 3.580900
44892  40.255  23.133  28.928 3.790652
44893  39.607  22.916  28.616 3.669802
44894  39.780  22.678  29.077 3.939361
45488  40.878  19.336  41.470 4.304156
45489  40.783  19.801  41.039 4.252727
45490  40.932  19.190  41.056 4.421088
45491  38.902  17.836  38.350 4.043415
45492  39.184  18.348  38.329 4.249938
45493  38.956  18.315  37.825 4.114811
45494  39.196  18.796  37.282 4.189315
45495  38.853  18.253  37.358 3.974634
45496  38.641  18.256  36.871 3.839363
45497  38.471  17.772  37.375 3.743598
46694  48.371  27.873  30.895 3.673710
47298  43.142  16.879  44.591 4.879136
47299  42.892  17.069  44.223 4.857505
47300  42.997  16.553  44.229 4.983894
47301  42.769  16.162  43.781 5.016586
47302  42.963  16.009  44.209 5.024230
50538  48.457  25.791  34.021 4.887619
50539  48.702  25.893  33.695 4.873551
50540  48.694  25.139  33.674 4.942313
50541  48.677  24.729  33.259 4.955171
50542  48.590  24.547  33.717 4.978302
50551  41.562  22.731  37.859 4.220257
50552  41.599  23.312  37.794 4.015783
50553  42.009  23.153  37.360 4.240706
50554  45.127  23.984  36.263 4.581343
50555  44.787  24.518  36.297 4.422760
50556  45.184  24.625  36.251 4.455156
50557  45.096  25.255  36.180 4.311269
50558  45.515  24.805  36.160 4.490124
50559  45.884  24.989  36.029 4.530257
50560  45.776  24.260  36.122 4.628764
50561  44.836  21.402  33.408 4.870831
50562  45.534  21.676  33.812 4.905435
50563  45.134  21.714  33.253 4.907640
50564  45.443  22.134  33.051 4.940811
50565  44.706  21.937  32.777 4.902778
50566  44.240  22.122  32.289 4.887341
50567  43.997  21.708  32.470 4.846941
50568  38.873  19.830  31.559 4.051419
50569  39.239  20.140  31.132 4.129050
50570  38.407  19.813  31.039 3.977857
50571  37.970  19.885  30.497 3.893446
50572  37.603  19.484  30.906 3.830247
50574  36.697  17.424  33.758 3.532867
50599  42.648  13.291  49.314 3.950502
50600  42.630  13.711  49.890 3.901664
50601  42.914  14.201  49.202 4.092459
50602  42.865  15.069  49.261 4.160501
50603  43.026  14.672  48.644 4.257346
50604  43.094  15.080  48.076 4.398544
50605  42.971  14.215  48.174 4.324219
50606  40.951  11.415  45.432 3.867515
50607  41.363  12.177  45.350 4.104116
50608  41.030  11.824  44.943 3.962964
50609  41.066  12.182  44.486 4.027829
50610  40.713  11.549  44.560 3.798647
54490  43.645  24.027  29.966 4.128057
54491  43.298  24.260  29.569 3.820130
54492  42.995  23.870  29.825 4.101374
54493  42.275  23.678  29.639 4.053656
54494  42.670  23.568  30.068 4.324271
55088  41.187  16.909  41.303 4.616698
55089  40.903  17.297  40.851 4.566893
55090  40.779  16.793  40.860 4.473979
55091  39.684  16.017  40.107 3.867935
55092  39.928  16.548  40.119 4.096273
55093  39.441  16.486  39.728 3.888185
55094  39.216  16.952  39.355 3.926089
55095  38.980  16.442  39.274 3.683514
56898  42.745  18.249  46.548 3.962285
56899  42.479  18.373  46.232 3.963734
56900  42.980  17.879  46.013 4.240726
56901  43.092  17.542  45.478 4.494735
56902  43.318  17.372  45.904 4.483949
60136  45.585  29.755  33.082 3.726233
60137  45.364  29.357  33.263 3.727015
60138  46.080  27.665  34.147 4.190884
60139  46.332  27.879  33.931 4.246162
60140  46.787  27.272  34.230 4.438834
60141  47.447  26.875  34.267 4.637992
60142  47.072  26.741  34.553 4.584489
60151  42.423  21.452  36.555 4.719457
60152  42.994  22.046  36.689 4.688434
60153  42.971  21.587  36.409 4.749612
60154  43.798  21.224  35.888 4.820567
60155  43.947  21.779  36.270 4.797828
60156  44.370  21.916  36.197 4.812950
60157  44.784  22.614  36.316 4.766331
60158  44.773  22.068  36.094 4.821692
60159  45.149  22.159  35.936 4.826005
60160  44.612  21.493  35.673 4.843576
60161  43.342  20.403  34.211 4.751012
60162  44.184  20.754  34.551 4.814148
60163  43.761  20.640  34.000 4.777566
60164  44.144  20.881  33.810 4.804947
60165  43.355  20.639  33.478 4.735095
60166  42.945  20.694  33.016 4.691131
60167  42.549  20.439  33.204 4.640936
60168  40.513  19.755  33.185 4.325614
60169  40.908  20.013  32.875 4.393906
60170  40.150  19.781  32.784 4.253014
60171  39.757  19.779  32.430 4.184907
60172  39.360  19.546  32.722 4.109774
60202  42.094  11.559  49.685 3.520421
60203  41.870  11.201  49.122 3.524098
60204  41.934  11.685  48.387 3.762991
60205  41.651  10.786  48.570 3.515857
60209  40.763  10.464  46.385 3.587145
67345  40.209  21.693  40.844 3.560297
67346  40.624  20.730  39.992 4.198982
67347  40.573  21.319  39.890 3.995629
67348  40.693  21.220  39.430 4.192099
67349  40.850  21.692  38.913 4.194784
67350  40.845  21.121  39.067 4.360635
67351  40.375  18.235  40.062 4.516906
67352  40.479  18.866  40.121 4.530594
67353  40.214  18.718  39.647 4.517367
67354  39.950  19.494  38.182 4.531084
67355  40.155  19.629  38.618 4.555954
67356  40.414  20.121  38.090 4.586361
67357  40.926  20.795  38.065 4.579113
67358  40.841  20.587  37.583 4.619663
67359  41.360  20.996  37.107 4.653677
67360  40.793  20.369  37.130 4.615381
67361  39.952  19.408  36.304 4.336482
67362  40.541  19.835  36.311 4.499125
67363  40.335  19.540  35.924 4.406326
67364  40.768  19.650  35.589 4.472837
67365  40.096  19.336  35.521 4.303946
67366  39.807  19.171  35.151 4.200788
67367  39.486  19.047  35.525 4.116213
67368  38.173  17.994  35.934 3.614258
67369  38.338  18.284  35.519 3.723250
67370  37.823  17.805  35.509 3.534165
70960  47.549  26.634  30.415 3.758598
70961  47.280  27.000  29.993 3.517713
70962  47.245  26.157  30.426 3.859231
70963  46.855  25.719  30.312 3.940234
70964  47.104  25.395  30.780 4.170456
72768  40.653  20.137  43.346 3.593095
72769  40.472  20.515  42.863 3.518117
72770  40.787  19.890  42.844 3.790766
72771  40.886  19.637  42.371 3.980502
72772  41.006  19.245  42.847 4.062376
72773  41.390  18.888  45.227 3.878377
72774  41.120  19.118  44.756 3.818890
72775  41.550  18.627  44.581 4.113877
72776  42.387  17.540  43.476 4.734626
72777  41.976  18.038  43.617 4.508887
72778  42.088  17.773  43.167 4.645391
72779  41.782  18.099  42.812 4.549474
72780  42.095  17.546  42.714 4.727847
72781  41.872  17.318  42.221 4.750337
72782  42.170  17.009  42.592 4.836906
72783  42.079  15.544  43.028 4.855669
72784  41.878  15.885  42.634 4.806407
72785  41.704  15.352  42.667 4.674551
72786  41.254  15.165  42.368 4.444858
72787  41.488  14.807  42.718 4.486900
82488  47.365  30.778  31.707 3.512321
82490  47.924  30.435  31.578 3.521332
82492  48.457  29.496  31.918 3.797810
82493  47.022  28.955  33.236 4.217104
82494  47.169  29.337  32.935 4.116622
82495  47.751  28.461  33.218 4.381430
82496  48.927  26.527  32.837 4.690961
82497  48.833  27.483  32.824 4.525719
82498  49.004  27.034  32.435 4.507894
82499  48.930  27.590  32.116 4.263097
82500  48.899  26.710  32.080 4.436768
82501  48.660  26.496  31.706 4.319556
82502  48.729  25.936  32.037 4.569162
82503  48.030  24.400  32.330 4.870531
82504  47.988  24.839  31.965 4.731708
82505  47.615  24.442  31.952 4.778002
82506  47.150  24.461  31.571 4.652494
82507  47.176  24.082  31.933 4.810779
82534  41.566  24.421  37.824 3.532780
82539  43.320  23.463  36.580 4.484242
82540  42.867  23.844  36.691 4.294306
82541  43.377  24.084  36.491 4.325713
82542  43.768  25.238  36.405 3.981632
82543  43.295  25.058  36.586 3.931481
82544  43.041  25.509  36.410 3.704962
82548  43.009  26.072  35.904 3.530987
82549  44.432  26.210  35.631 3.969338
82550  43.701  26.419  35.455 3.683867
82551  44.114  26.572  35.190 3.767269
82552  43.792  26.970  34.785 3.542362
82553  44.531  26.748  34.949 3.854538
82554  44.898  26.956  34.740 3.944118
82555  45.189  26.537  35.165 4.128405
82556  46.642  25.309  35.699 4.632911
82557  46.524  25.934  35.502 4.547464
82558  47.028  25.392  35.455 4.694537
82559  47.416  25.465  35.146 4.758605
82560  47.402  24.736  35.342 4.805333
82561  45.888  22.357  35.611 4.836463
82562  46.267  23.056  35.787 4.803132
82563  46.326  22.537  35.519 4.850617
82564  46.837  22.471  34.515 4.936266
82565  47.071  22.812  35.048 4.905032
82566  47.369  22.979  34.651 4.940585
82567  47.757  23.577  34.629 4.939764
82568  47.682  23.227  34.156 4.973545
82569  47.896  23.460  33.673 4.994477
82570  47.412  23.054  33.643 4.989674
82571  45.919  22.864  32.438 4.961371
82572  46.531  23.096  32.607 4.969672
82573  46.027  23.197  32.126 4.927375
82574  46.041  23.632  31.825 4.849727
82575  45.492  23.347  31.728 4.855422
82576  44.990  23.548  31.275 4.745986
82577  44.870  23.200  31.523 4.847984
82578  43.243  22.516  31.392 4.798753
82579  43.466  22.907  31.184 4.777829
82580  42.690  22.725  30.973 4.709135
82581  42.210  22.906  30.553 4.578340
82582  41.916  22.497  30.752 4.616654
82583  42.201  20.952  32.132 4.603781
82584  42.516  21.320  31.966 4.673309
82585  41.761  21.079  31.697 4.556467
82586  39.752  21.014  30.562 4.279540
82587  40.607  21.332  30.835 4.429483
82588  39.986  21.437  30.357 4.336607
82589  40.324  21.889  30.218 4.366645
82590  39.480  21.557  29.941 4.215581
82591  39.079  21.698  29.418 4.061523
82592  38.770  21.210  29.595 4.052649
82593  37.321  19.817  29.354 3.674304
82594  37.649  20.326  29.033 3.707722
82595  37.118  19.881  28.834 3.532943
82598  39.142  18.793  34.320 4.016429
82599  39.416  18.912  33.999 4.101844
82600  38.665  18.635  33.958 3.941252
82601  37.113  18.134  32.987 3.701470
82602  37.843  18.570  33.102 3.822755
82603  37.416  18.542  32.757 3.773175
82604  37.740  18.908  32.553 3.840803
82605  36.954  18.467  32.433 3.724077
82611  35.542  17.722  31.426 3.509583
82612  36.095  18.195  31.581 3.607500
82613  35.844  18.113  31.079 3.531039
82614  36.199  18.531  30.678 3.558455
82677  42.226  14.519  51.170 3.737363
82678  41.893  14.019  51.831 3.550380
82679  41.855  14.777  51.792 3.617138
82681  41.654  15.487  51.729 3.584224
82683  41.899  16.011  51.056 3.675294
82684  42.707  16.630  49.193 4.032085
82685  42.338  16.973  49.804 3.800142
82686  42.528  17.354  49.110 3.842517
82687  42.196  18.017  49.133 3.594315
82688  42.732  17.640  48.414 3.876953
82689  42.877  17.911  47.859 3.906037
82690  43.128  17.229  47.877 4.136320
82691  43.378  15.799  46.895 4.623147
82692  43.536  16.436  46.796 4.559017
82693  43.544  16.084  46.366 4.711549
82694  43.611  16.277  45.897 4.784400
82695  43.432  15.709  46.014 4.817845
82696  42.218  12.639  47.168 4.178077
82697  42.627  13.441  47.081 4.371425
82698  42.354  13.076  46.583 4.350992
82699  42.223  13.531  45.351 4.546577
82700  42.647  13.932  45.787 4.627352
82701  42.709  14.328  45.299 4.730746
82702  43.072  15.021  45.303 4.870566
82703  42.703  14.616  44.883 4.809667
82704  42.637  14.802  44.449 4.862382
82705  42.272  14.181  44.539 4.690721
82706  41.039  12.809  43.831 4.072958
82707  41.414  13.470  43.795 4.304776
82708  41.019  13.158  43.391 4.060487
82709  40.997  13.601  42.899 4.031586
82710  40.665  12.983  42.955 3.800408
92598  44.551  24.592  29.727 3.831475
92599  44.255  24.178  30.091 4.134794
92600  44.034  23.835  30.386 4.386182
92957  40.806  15.920  41.304 4.353345
92958  40.586  16.251  40.797 4.317714
92959  40.344  15.786  40.907 4.113791
92960  39.924  15.650  40.544 3.866119
92961  39.386  15.548  40.226 3.623723
94044  42.377  18.679  47.108 3.670435
94045  42.901  18.180  46.875 3.950256
95986  45.149  28.966  33.512 3.696744
95987  44.888  28.596  33.761 3.641854
95988  45.304  27.995  34.057 3.898378
95989  45.678  27.439  34.391 4.117430
95995  42.114  20.530  35.867 4.713521
95996  42.825  21.073  36.099 4.769129
95997  42.623  20.611  35.741 4.752769
95998  43.175  20.707  35.628 4.785535
95999  43.531  20.725  35.425 4.810462
96000  43.931  20.853  35.280 4.827516
96001  43.222  20.414  34.944 4.774869
96002  42.908  20.195  34.460 4.721674
96003  42.506  20.109  33.967 4.658422
96004  42.108  20.150  33.473 4.591510
96005  41.688  19.887  33.731 4.540342
96006  40.908  19.681  33.559 4.403344
96007  40.151  19.472  33.425 4.255405
99241  38.951  22.582  28.260 3.536693
99242  38.488  21.938  28.326 3.647748
100310  40.578  20.520  41.363 3.853682
100311  40.395  21.012  40.885 3.811134
100312  40.668  20.387  40.963 4.045258
100313  40.686  20.256  40.537 4.218281
100314  40.631  20.120  40.040 4.363256
100315  39.606  17.945  39.295 4.329838
100316  39.859  18.576  39.198 4.461325
100317  39.510  18.413  38.847 4.369053
100318  39.563  18.900  38.308 4.416333
100319  39.812  19.418  37.667 4.467817
100320  40.202  19.813  37.182 4.520454
100321  39.692  19.284  37.237 4.375184
100322  39.531  19.197  36.761 4.263835
100323  39.386  19.003  36.379 4.144637
100324  39.181  18.847  35.982 4.027340
100325  38.920  18.585  36.425 3.934685
100326  38.457  18.118  36.398 3.717221
100327  38.033  17.593  36.424 3.501690
102481  47.848  27.302  30.427 3.634338
102482  47.839  26.448  30.864 3.975027
103567  40.829  19.696  43.801 3.671299
103568  42.445  17.927  44.697 4.453873
103569  42.077  18.138  44.365 4.400279
103570  42.578  17.615  44.241 4.656152
103571  42.680  17.317  43.824 4.807878
103572  42.635  16.999  43.395 4.897240
103573  42.464  16.730  42.942 4.916474
103574  42.608  16.401  43.349 4.979098
103575  42.450  15.783  43.362 4.972933
103576  42.304  15.209  43.415 4.884364
109399  47.361  30.230  32.178 3.760088
109400  48.021  27.260  33.697 4.655440
109401  48.239  27.572  33.396 4.597905
109402  48.557  26.700  33.536 4.761284
109403  48.807  26.127  33.271 4.811168
109404  48.869  25.739  32.843 4.808437
109405  48.742  25.450  32.410 4.757906
109406  48.712  25.015  32.805 4.884887
109407  48.447  24.418  32.742 4.930149
109408  48.082  24.033  32.732 4.954496
109423  40.894  22.934  38.746 3.757082
109424  40.893  23.543  38.790 3.503256
109425  41.272  23.442  38.297 3.766502
109426  41.675  23.898  37.790 3.784217
109427  42.097  24.289  37.293 3.810232
109428  44.269  23.792  36.332 4.536559
109429  43.886  24.264  36.373 4.358311
109430  44.359  24.394  36.332 4.390809
109431  44.311  24.903  36.294 4.222386
109432  44.127  25.436  36.280 4.034598
109433  43.779  25.892  35.985 3.828728
109434  44.477  25.618  36.125 4.090405
109435  44.811  25.798  35.963 4.149898
109436  45.159  25.972  35.788 4.214298
109437  45.492  26.117  35.596 4.284333
109438  45.781  25.634  35.882 4.416620
109439  46.297  25.145  35.861 4.577647
109440  46.618  24.597  35.830 4.701296
109441  45.605  21.562  34.674 4.873838
109442  46.223  22.096  35.060 4.879983
109443  45.938  21.737  34.464 4.896876
109444  46.203  22.037  34.204 4.925721
109445  46.515  22.352  33.896 4.955978
109446  46.811  22.671  33.520 4.980289
109447  46.160  22.394  33.337 4.965177
109448  45.725  22.511  32.745 4.962143
109449  45.226  22.671  32.252 4.942375
109450  44.723  22.848  31.774 4.898927
109451  44.467  22.519  32.052 4.908341
109452  43.716  22.306  31.790 4.855281
109453  43.039  22.093  31.585 4.780607
109454  40.580  20.413  31.724 4.342605
109455  40.944  20.818  31.488 4.423574
109456  40.108  20.504  31.287 4.279348
109457  39.529  20.595  30.815 4.207218
109458  38.956  20.688  30.330 4.120505
109459  38.540  20.735  29.780 4.013666
109460  38.296  20.327  30.106 3.957101
109461  37.583  19.811  29.892 3.793570
109462  36.946  19.363  29.761 3.633365
109463  37.772  18.049  34.231 3.694685
109464  38.050  18.306  33.863 3.790021
109465  37.332  17.896  33.793 3.652868
109466  36.870  17.750  33.380 3.622280
109467  36.396  17.622  32.905 3.597208
109511  42.297  13.229  50.636 3.685187
109512  42.517  14.173  50.512 3.831446
109513  42.487  14.987  50.500 3.898021
109514  42.332  15.758  50.494 3.870027
109515  42.680  15.462  49.913 4.031882
109516  42.818  15.826  49.309 4.141403
109517  42.999  16.225  48.615 4.230699
109518  43.185  16.592  47.927 4.304221
109519  43.183  15.812  47.992 4.393490
109520  43.188  15.466  47.495 4.519410
109521  43.200  15.095  46.990 4.607514
109522  41.552  11.983  46.233 4.073899
109523  42.035  12.743  46.066 4.299800
109524  41.700  12.509  45.721 4.217288
109525  41.779  12.890  45.320 4.333536
109526  41.808  13.200  44.993 4.422420
109527  41.797  13.454  44.615 4.484056
109528  41.405  12.835  44.613 4.259024
109529  41.078  12.500  44.167 4.063519
109530  40.745  12.168  43.767 3.845445
116226  41.958  23.869  29.178 3.735857
116227  41.625  23.481  29.457 3.984964
116228  41.227  23.114  29.646 4.172296
117059  41.256  18.081  41.452 4.593693
117060  40.989  18.529  41.052 4.536802
117061  40.945  17.923  40.900 4.587857
117062  40.587  17.752  40.395 4.533100
117063  40.237  17.616  40.070 4.435078
117064  40.350  16.666  40.495 4.295972
117065  40.087  17.075  40.126 4.290826
117066  39.845  17.517  39.732 4.302689
117067  39.463  17.426  39.344 4.146842
117068  39.026  17.386  38.907 3.979089
117069  38.663  17.320  38.386 3.810488
117070  38.423  17.288  37.886 3.650821
117071  38.470  16.862  38.385 3.565405
119592  41.225  19.237  45.758 3.632114
119593  41.786  18.689  45.563 3.923102
119594  41.899  18.827  46.432 3.676311
119595  42.162  18.517  45.894 3.951406
119596  42.288  18.206  45.280 4.214533
119597  42.792  17.729  45.104 4.485458
119598  43.204  17.199  45.039 4.711934
119599  43.342  16.708  44.977 4.872222
124126  45.771  30.708  32.565 3.610349
124127  45.696  30.249  32.847 3.688716
124128  46.284  29.352  33.180 3.996047
124129  46.878  28.487  33.475 4.267788
124130  45.877  28.624  33.581 4.006763
124131  46.624  28.140  33.706 4.274747
124132  47.390  27.726  33.762 4.492638
124133  47.736  27.020  34.005 4.665317
124134  47.999  26.363  34.206 4.787187
124135  48.131  25.708  34.382 4.865215
124147  42.221  22.244  37.157 4.557418
124148  42.384  22.910  37.052 4.431955
124149  42.743  22.530  36.863 4.582463
124150  43.301  22.709  36.647 4.607798
124151  43.800  22.906  36.518 4.632187
124152  43.492  21.662  36.335 4.776283
124153  43.988  22.338  36.476 4.736310
124154  44.239  23.099  36.439 4.654088
124155  44.622  23.227  36.358 4.672326
124156  44.992  23.324  36.275 4.686881
124157  45.370  23.433  36.203 4.699374
124158  45.769  23.572  36.163 4.712948
124159  45.524  22.784  36.084 4.780365
124160  45.511  22.249  35.766 4.829481
124161  45.404  21.780  35.341 4.853048
124162  44.372  21.037  35.163 4.838591
124163  44.863  21.239  35.004 4.847267
124164  45.253  21.402  34.859 4.857825
124165  44.943  21.200  34.219 4.850321
124166  44.517  21.132  33.592 4.835831
124167  44.079  21.168  33.055 4.817691
124168  43.713  21.338  32.609 4.796640
124169  43.328  20.980  32.821 4.743384
124170  42.543  20.817  32.591 4.647603
124171  41.790  20.620  32.355 4.532500
124172  41.703  20.231  32.998 4.525438
124173  41.320  20.307  32.579 4.462405
124174  40.993  20.331  32.138 4.402250
124175  40.164  20.048  32.029 4.262402
124176  39.323  19.801  32.005 4.118926
124177  38.503  19.538  31.961 3.977555
124218  42.267  11.992  50.184 3.505972
124219  42.359  12.439  49.449 3.753275
124220  42.542  12.870  48.804 3.979778
124221  42.711  13.366  48.190 4.182820
124222  42.346  12.492  48.280 3.990279
124223  42.042  12.137  47.728 3.981788
124224  41.706  11.728  47.199 3.953462
124226  41.296  10.943  47.378 3.710073
124227  41.368  11.358  46.790 3.904243
124228  41.116  11.152  46.344 3.833513
124229  40.837  10.932  45.900 3.741631
124230  40.565  10.719  45.434 3.630436
133689  40.441  22.619  39.794 3.512380
133690  40.419  21.443  40.381 3.781694
133691  40.500  21.923  39.817 3.763835
133692  40.649  22.442  39.249 3.756013
133693  40.848  22.313  38.778 3.990340
133694  41.144  22.202  38.378 4.204680
133695  41.418  22.060  37.927 4.388630
133696  40.753  19.001  40.607 4.498137
133697  40.583  19.501  40.112 4.477160
133698  40.617  20.019  39.566 4.471496
133699  40.149  19.171  39.204 4.531651
133700  40.441  19.833  39.046 4.536640
133701  40.719  20.503  39.061 4.477621
133702  40.846  20.906  38.566 4.491878
133703  41.243  21.406  38.065 4.511176
133704  41.708  21.849  37.573 4.533417
133705  41.877  21.606  37.172 4.633458
133706  41.888  21.256  36.775 4.687195
133707  41.791  20.841  36.396 4.697187
133708  40.651  20.100  36.712 4.572236
133709  41.144  20.301  36.308 4.622136
133710  41.635  20.447  36.045 4.669508
133711  41.452  20.052  35.706 4.612487
133712  41.257  19.744  35.303 4.535347
133713  40.939  19.609  34.904 4.446980
133714  40.584  19.418  34.507 4.355028
133715  40.199  19.304  34.787 4.280608
133716  39.501  18.979  34.728 4.103522
133717  38.840  18.614  34.720 3.924809
133718  38.904  18.671  35.586 3.919697
133719  38.555  18.443  35.149 3.827016
133720  38.166  18.223  34.697 3.751975
133721  37.541  17.808  34.626 3.590732
133724  38.177  17.203  37.371 3.508107
138252  46.577  26.013  29.872 3.678923
138253  46.427  25.332  30.239 4.005455
138254  46.248  24.700  30.691 4.294581
140461  40.472  20.741  41.821 3.652600
140462  40.734  20.058  41.868 3.910254
140463  40.937  19.474  41.917 4.154480
140464  41.140  18.879  41.971 4.372667
140465  40.754  19.678  44.869 3.531651
140466  40.942  19.371  44.285 3.748277
140467  41.139  19.123  43.741 3.957784
140468  41.710  18.355  44.048 4.327915
140469  41.506  18.540  43.704 4.242685
140470  41.236  18.859  43.295 4.151758
140471  41.387  18.623  42.871 4.320947
140472  41.436  18.466  42.417 4.456077
140473  41.381  18.287  41.936 4.548947
140474  41.547  17.663  41.805 4.666599
140475  41.556  17.077  41.732 4.711854
140476  41.448  16.553  41.718 4.678137
140477  42.083  16.480  42.522 4.863796
140478  41.698  16.226  42.201 4.744261
140479  41.269  16.074  41.730 4.569038
140480  41.020  15.568  41.833 4.397898
140481  40.778  15.036  41.874 4.184526
140482  40.564  14.553  41.904 3.950225
152235  48.679  28.967  31.232 3.625038
152236  46.583  30.182  32.547 3.814363
152237  47.286  29.754  32.581 3.963691
152238  47.977  29.349  32.512 4.052652
152239  48.392  27.949  33.103 4.484547
152240  48.459  28.475  32.717 4.311332
152241  48.478  28.977  32.331 4.079871
152242  48.808  28.513  32.083 4.048289
152243  48.821  28.258  31.696 3.964319
152244  48.695  28.038  31.341 3.836483
152245  48.518  27.164  31.413 4.016666
152246  48.259  26.423  31.321 4.163576
152247  47.920  25.889  31.255 4.279261
152248  48.452  25.312  32.006 4.664907
152249  47.966  25.351  31.593 4.534073
152250  47.526  25.374  31.207 4.368672
152251  47.127  24.903  31.168 4.437879
152252  46.710  24.560  31.154 4.492205
152253  46.218  24.338  31.147 4.534980
152290  42.431  23.517  36.992 4.265598
152291  42.500  24.105  36.957 4.067171
152292  42.535  24.639  37.038 3.844220
152293  43.357  24.617  36.513 4.139592
152294  42.900  24.872  36.802 3.885156
152295  42.386  25.068  37.099 3.602322
152302  43.345  26.256  35.683 3.605010
152308  44.565  27.407  34.418 3.728859
152309  45.278  27.194  34.603 4.033202
152310  45.979  26.930  34.748 4.296486
152311  45.866  26.276  35.358 4.359572
152312  46.306  26.441  35.100 4.437841
152313  46.686  26.592  34.853 4.514932
152314  47.290  26.143  34.872 4.688215
152315  47.759  25.600  34.776 4.818502
152316  48.116  24.988  34.522 4.909675
152317  46.119  23.698  36.015 4.731277
152318  46.494  23.844  35.845 4.757492
152319  46.878  23.977  35.643 4.793017
152320  46.727  22.671  35.340 4.873755
152321  47.058  23.368  35.396 4.858965
152322  47.263  24.048  35.412 4.836867
152323  47.653  24.130  35.054 4.885239
152324  48.057  24.252  34.620 4.931470
152325  48.394  24.404  34.116 4.966273
152326  48.310  23.953  33.698 4.992636
152327  48.040  23.699  33.204 4.992109
152328  47.608  23.671  32.775 4.966326
152329  47.044  22.990  33.131 4.988969
152330  47.111  23.360  32.747 4.970846
152331  47.148  23.720  32.337 4.914696
152332  46.616  23.821  31.890 4.834306
152333  46.119  24.014  31.505 4.720315
152334  45.648  24.096  31.091 4.566995
152335  45.115  23.874  30.994 4.586812
152336  44.549  23.695  30.852 4.591476
152337  43.893  23.551  30.683 4.577535
152338  44.192  23.057  31.365 4.823324
152339  43.660  23.255  30.925 4.706839
152340  43.123  23.428  30.520 4.542007
152341  42.474  23.263  30.317 4.483014
152342  41.722  23.037  30.113 4.400275
152343  40.922  22.782  29.882 4.294994
152344  43.266  21.512  32.212 4.770653
152345  42.809  21.685  31.808 4.735159
152346  42.261  21.849  31.343 4.683602
152347  41.212  21.234  31.275 4.500490
152348  41.448  21.615  31.101 4.565564
152349  41.695  22.031  30.922 4.608320
152350  41.157  22.168  30.454 4.501584
152351  40.626  22.372  30.066 4.356785
152352  40.138  22.508  29.589 4.169620
152353  39.415  22.207  29.222 4.027427
152354  38.761  21.797  28.900 3.871967
152355  38.157  21.367  28.542 3.706709
152356  38.192  20.808  29.270 3.882069
152357  37.921  20.854  28.771 3.722693
152358  37.689  21.006  28.166 3.534844
152362  40.175  19.234  34.153 4.265243
152363  39.784  19.176  33.709 4.181278
152364  39.364  19.226  33.308 4.104711
152365  38.298  18.593  33.528 3.877503
152366  38.577  18.932  33.200 3.958551
152367  38.954  19.273  32.966 4.035148
152368  38.541  19.275  32.648 3.970625
152369  38.098  19.206  32.315 3.907914
152370  37.631  19.155  31.838 3.843055
152372  35.849  17.166  32.905 3.511133
152373  36.005  17.566  32.552 3.571151
152375  35.598  17.446  32.163 3.537551
152376  36.213  17.973  32.293 3.622684
152377  36.458  18.323  32.013 3.670459
152378  36.812  18.728  31.721 3.718981
152379  37.199  19.112  31.345 3.771729
152380  36.839  19.050  30.761 3.689679
152381  36.558  18.943  30.219 3.593107
152464  42.132  16.506  50.427 3.745890
152465  41.819  17.306  50.469 3.540058
152470  42.468  18.568  47.938 3.637144
152471  42.948  18.081  47.330 3.930731
152472  43.333  17.586  46.799 4.206923
152473  43.394  16.867  47.296 4.365546
152474  43.504  17.037  46.777 4.416464
152475  43.478  17.172  46.359 4.456698
152476  43.544  16.820  45.901 4.670749
152477  43.492  16.481  45.460 4.839270
152478  43.374  16.137  45.060 4.952312
152479  42.820  13.807  47.622 4.362226
152480  42.937  14.255  47.051 4.519427
152481  43.068  14.754  46.519 4.656293
152482  42.498  13.496  46.167 4.500680
152483  42.893  14.314  46.160 4.663602
152484  43.218  15.153  46.093 4.774061
152485  43.246  15.443  45.633 4.872410
152486  43.225  15.583  45.187 4.949234
152487  43.125  15.755  44.706 5.001054
152488  42.847  15.384  44.359 4.979692
152489  42.512  14.980  43.961 4.887346
152490  42.074  14.643  43.513 4.729368
152491  41.817  13.775  44.210 4.519151
152492  41.795  14.038  43.688 4.529214
152493  41.679  14.404  43.152 4.517006
152494  41.290  14.245  42.765 4.265722
152495  40.822  14.062  42.390 3.992573
152496  40.403  13.927  41.941 3.713724
152559  40.277  10.476  44.979 3.503341
152568  40.324  10.857  44.568 3.576634
152569  40.387  11.251  44.181 3.617828
152570  40.420  11.540  43.710 3.629294
152571  40.445  11.896  43.342 3.615500
152574  40.333  12.332  42.905 3.582679
152575  40.246  12.810  42.441 3.537970
