#!ascii label , from subject fsaverage
523
606  49.531  -11.522  -36.184 4.272864
633  53.967  -24.282  -28.097 3.522650
1348  45.281  -7.105  -38.775 3.607478
1349  50.321  -7.009  -38.996 4.262075
1440  57.179  -20.559  -31.121 3.960581
1441  57.210  -27.849  -27.569 4.770352
2560  54.087  -12.888  -35.359 4.375187
2561  52.663  -17.040  -31.513 3.318787
3268  47.901  -4.786  -40.316 3.387550
3360  58.719  -25.550  -27.850 3.973003
3361  57.921  -28.439  -25.953 3.673866
5485  47.319  -9.311  -37.421 4.259101
5687  54.031  -31.435  -25.177 3.727974
5755  54.020  -10.521  -35.478 3.284800
5756  55.941  -13.622  -33.816 3.357088
5757  55.946  -22.718  -29.801 3.967145
5758  55.174  -18.711  -31.489 3.798426
5759  53.599  -20.777  -29.619 3.207088
7035  45.496  -5.209  -40.681 3.467837
7036  47.926  -7.097  -39.586 4.403696
7037  50.322  -9.119  -38.062 5.024858
7198  58.040  -17.799  -31.798 3.449028
7199  59.043  -21.936  -30.151 3.727057
7200  57.760  -24.471  -29.124 4.387912
7201  55.434  -25.901  -28.104 4.597913
10153  56.343  -30.849  -26.548 4.266775
10154  54.671  -28.893  -26.516 4.664125
10155  53.093  -26.843  -25.996 3.733171
10235  52.449  -9.815  -37.431 4.616161
10236  51.717  -12.389  -36.166 4.803201
10237  56.093  -16.057  -33.088 4.018708
10238  53.599  -14.882  -33.805 4.204031
10239  50.829  -14.492  -34.036 3.793002
13165  48.541  -10.503  -36.746 4.355451
13166  47.160  -10.205  -35.967 3.705089
13167  48.195  -11.378  -35.399 3.673687
13169  49.017  -12.574  -34.947 3.525915
13437  55.026  -23.573  -29.065 3.826414
13438  54.879  -21.830  -29.757 3.609840
13439  53.933  -22.628  -28.988 3.326749
15565  49.182  -5.788  -39.644 3.832057
15566  48.003  -5.799  -40.099 3.985414
15567  49.181  -7.015  -39.455 4.474514
15568  49.042  -8.042  -38.954 4.816998
15569  50.392  -7.952  -38.754 4.832520
15836  59.379  -22.267  -29.408 3.341479
15837  58.008  -26.859  -27.678 4.428781
15838  58.307  -25.077  -28.570 4.317369
15839  57.256  -26.037  -28.267 4.650957
15840  56.510  -25.238  -28.602 4.575089
15841  56.381  -27.050  -27.855 4.847374
22215  44.246  -6.119  -39.221 3.226165
22817  57.027  -31.343  -25.878 3.625523
22818  56.152  -32.213  -26.075 3.741625
22819  53.262  -30.633  -24.758 3.580260
22820  54.380  -30.247  -25.848 4.272635
22821  53.576  -29.288  -25.492 4.045012
22822  53.923  -27.853  -26.333 4.323732
22823  52.756  -28.343  -25.216 3.550847
23022  54.152  -11.769  -35.607 3.998441
23023  53.333  -10.426  -36.615 4.028903
23024  53.248  -11.686  -36.424 4.538728
23025  52.094  -11.089  -36.930 4.894372
23026  52.970  -12.739  -35.942 4.686687
23027  57.741  -19.260  -31.529 3.802306
23028  57.113  -17.004  -32.528 3.783238
23029  56.713  -18.356  -32.026 3.930102
23030  53.999  -17.674  -31.551 3.607816
23031  54.549  -16.519  -32.596 3.947354
23032  53.273  -15.832  -32.812 3.808248
23033  52.198  -14.547  -33.870 4.091805
23034  51.914  -15.493  -32.811 3.527816
24317  50.121  -5.923  -38.798 3.422462
24478  59.434  -24.074  -28.126 3.426311
24479  58.802  -25.735  -26.970 3.380098
24480  58.247  -27.181  -27.010 3.906923
24481  57.779  -28.349  -26.891 4.352513
28305  46.346  -8.227  -38.154 3.985733
28306  45.217  -7.790  -37.101 3.346252
28307  46.053  -8.913  -36.672 3.589368
28667  54.818  -32.520  -25.457 3.584440
28791  54.907  -11.928  -34.529 3.330269
28792  55.131  -13.113  -34.620 3.921708
28793  56.742  -21.689  -30.581 4.003413
28794  56.253  -19.732  -31.350 3.913397
28795  55.524  -20.850  -30.521 3.799514
28796  54.352  -19.862  -30.575 3.533698
28797  53.247  -18.839  -30.592 3.204262
31774  44.198  -5.278  -40.394 3.251643
31775  45.415  -6.270  -39.909 3.636130
31776  46.777  -4.935  -40.684 3.521802
31777  46.852  -6.115  -40.243 3.906295
31778  46.661  -7.192  -39.308 4.092070
31779  47.580  -8.190  -38.850 4.512205
31780  48.812  -9.273  -38.016 4.773289
31781  50.031  -10.196  -37.215 4.817015
32154  58.570  -19.953  -30.896 3.564196
32155  58.246  -21.253  -30.699 3.916739
32156  59.081  -23.783  -29.055 3.889852
32157  58.602  -23.322  -29.799 4.110959
32158  57.739  -22.508  -30.255 4.124571
32159  57.065  -23.689  -29.595 4.245857
32160  56.020  -24.605  -28.847 4.269787
32161  54.924  -25.265  -28.127 4.113801
40693  57.436  -30.064  -25.299 3.308418
40694  57.376  -29.869  -26.268 4.067240
40695  56.804  -29.197  -27.012 4.641010
40696  55.271  -31.270  -26.120 4.162246
40697  55.510  -29.907  -26.706 4.644692
40698  55.978  -28.504  -27.309 4.895231
40699  55.047  -27.576  -27.332 4.775357
40700  54.211  -26.484  -27.249 4.330463
40701  53.480  -25.559  -27.048 3.699573
40938  51.316  -7.357  -38.428 3.761818
40940  52.323  -8.699  -37.638 3.965786
40941  51.468  -8.273  -38.403 4.538669
40942  51.465  -9.377  -37.889 4.967387
40943  51.179  -10.568  -37.116 5.001688
40944  50.690  -11.903  -36.160 4.669397
40945  57.093  -15.592  -32.807 3.387338
40946  56.235  -14.735  -33.615 3.836590
40947  55.150  -14.187  -34.209 4.184346
40948  55.623  -17.393  -32.329 3.978582
40949  54.853  -15.357  -33.510 4.165384
40950  53.867  -13.921  -34.717 4.421504
40951  52.438  -13.738  -35.109 4.511591
40952  51.318  -13.395  -35.255 4.401742
40953  50.221  -13.042  -35.205 4.062567
40954  49.741  -13.947  -33.998 3.316273
43885  49.029  -10.900  -36.464 4.334119
43886  48.400  -10.986  -36.125 4.037976
43887  48.835  -11.417  -35.813 3.992110
43888  48.632  -11.986  -35.158 3.611142
43889  49.258  -12.100  -35.585 3.914944
44157  54.459  -23.888  -28.622 3.698027
44158  54.457  -23.060  -29.076 3.579662
44159  53.936  -23.388  -28.563 3.419826
44161  53.520  -23.788  -27.980 3.221200
46285  49.729  -6.437  -39.336 4.058927
46286  49.218  -6.373  -39.593 4.182282
46287  49.760  -6.976  -39.266 4.405171
46288  49.755  -7.486  -39.142 4.678248
46289  50.371  -7.524  -38.907 4.589854
46557  57.693  -27.441  -27.608 4.618238
46558  57.728  -26.531  -27.967 4.579447
46559  57.330  -27.026  -27.905 4.737261
46560  56.844  -26.520  -28.128 4.773064
46561  56.808  -27.507  -27.721 4.852659
52935  44.751  -6.540  -39.056 3.411716
52937  44.771  -6.825  -38.285 3.328558
53537  56.501  -32.492  -25.914 3.445771
53538  55.867  -32.726  -25.943 3.459996
53539  52.886  -30.205  -24.587 3.408952
53540  53.548  -29.945  -25.131 3.827288
53541  53.107  -29.470  -24.992 3.632157
53542  53.147  -28.791  -25.319 3.823186
53543  52.673  -28.914  -24.810 3.386191
53742  54.146  -12.366  -35.510 4.230712
53743  53.710  -11.713  -36.009 4.287889
53744  53.592  -12.273  -35.833 4.463754
53745  53.101  -12.269  -36.260 4.656686
53746  53.416  -12.872  -35.629 4.551503
53747  57.506  -20.006  -31.278 3.900344
53748  57.298  -18.835  -31.800 3.877444
53749  56.937  -19.541  -31.517 3.928672
53750  53.351  -17.305  -31.579 3.476976
53751  53.583  -16.807  -32.112 3.694587
53752  52.957  -16.406  -32.078 3.570455
53753  52.529  -15.760  -32.661 3.687108
53754  52.364  -16.141  -32.251 3.413561
53755  51.675  -16.146  -32.147 3.223298
55888  49.480  -5.308  -39.098 3.229368
56157  58.056  -27.845  -26.031 3.439434
56158  58.268  -27.147  -26.561 3.563104
56159  58.097  -27.812  -26.566 3.810044
56160  58.037  -27.772  -26.963 4.143045
56161  57.918  -28.468  -26.487 4.037066
62535  46.756  -8.682  -37.933 4.141523
62536  46.199  -8.730  -37.343 3.819387
62537  46.683  -9.190  -37.125 3.935249
62538  47.079  -10.555  -35.138 3.357813
62539  46.473  -9.863  -35.568 3.350650
63344  55.380  -12.738  -34.109 3.344766
63345  54.999  -12.587  -34.681 3.666569
63346  55.498  -13.315  -34.187 3.651848
63347  56.352  -22.249  -30.173 3.995389
63348  56.109  -21.309  -30.529 3.909842
63349  55.808  -21.839  -30.163 3.862983
63350  54.201  -21.275  -29.640 3.413053
63351  54.585  -20.862  -30.100 3.552546
63352  54.106  -20.358  -30.140 3.377817
63353  53.812  -19.316  -30.533 3.377552
69730  44.748  -4.750  -40.948 3.297909
69731  44.215  -4.838  -40.820 3.217058
69732  44.874  -5.256  -40.574 3.378396
69733  44.923  -5.744  -40.133 3.431006
69734  45.575  -5.742  -40.385 3.571311
69735  47.238  -4.326  -40.546 3.205764
69736  46.666  -4.384  -40.785 3.295552
69737  47.382  -4.912  -40.515 3.479870
69738  48.002  -6.423  -39.876 4.226253
69739  47.394  -5.929  -40.223 3.972489
69740  47.347  -6.525  -39.948 4.155792
69741  46.740  -6.591  -39.850 4.031536
69742  47.183  -7.061  -39.609 4.274345
69743  47.078  -7.725  -39.035 4.315025
69744  47.785  -7.667  -39.248 4.502431
69745  49.672  -8.549  -38.553 4.950703
69746  48.939  -8.633  -38.504 4.845200
69747  49.606  -9.089  -38.095 4.936362
69748  49.476  -9.622  -37.639 4.822337
69749  50.200  -9.612  -37.669 4.968962
70542  59.103  -21.210  -30.222 3.476155
70543  58.844  -20.246  -30.571 3.391081
70544  58.805  -20.937  -30.528 3.641628
70545  58.542  -20.625  -30.755 3.763562
70546  58.759  -21.591  -30.473 3.844171
70547  59.119  -24.761  -28.045 3.711415
70548  59.315  -23.967  -28.628 3.686535
70549  58.998  -24.646  -28.474 3.946599
70550  58.064  -24.834  -28.858 4.384073
70551  58.541  -24.246  -29.258 4.218853
70552  58.227  -23.969  -29.511 4.259857
70553  58.165  -22.919  -30.074 4.139061
70554  57.839  -23.595  -29.713 4.248458
70555  57.307  -23.072  -29.938 4.194728
70556  57.402  -24.120  -29.379 4.338474
70557  56.058  -25.636  -28.357 4.615028
70558  56.305  -24.905  -28.736 4.445529
70559  55.799  -25.292  -28.439 4.440886
70560  55.574  -24.943  -28.486 4.220682
70561  55.241  -25.609  -28.106 4.377342
91489  56.740  -31.080  -26.268 3.970478
91490  57.233  -30.645  -26.117 3.860755
91491  56.961  -30.422  -26.455 4.199003
91492  57.162  -29.617  -26.691 4.387178
91493  56.603  -30.092  -26.741 4.479968
91494  54.485  -32.096  -25.334 3.692331
91495  55.078  -31.977  -25.875 3.876576
91496  54.655  -31.439  -25.787 3.982661
91497  54.591  -29.541  -26.180 4.497006
91498  55.002  -30.051  -26.334 4.506266
91499  55.067  -29.430  -26.679 4.701940
91500  55.719  -29.128  -26.994 4.805943
91501  55.288  -28.664  -26.962 4.830497
91502  55.454  -28.033  -27.344 4.881571
91503  54.910  -28.187  -26.897 4.759160
91504  53.591  -27.366  -26.260 4.049513
91505  54.010  -27.088  -26.832 4.361608
91506  53.636  -26.675  -26.715 4.068589
91507  53.845  -25.974  -27.167 4.027935
91508  53.347  -26.108  -26.529 3.741121
92100  51.101  -6.955  -38.256 3.285500
92101  51.704  -7.648  -38.088 3.419809
92104  53.483  -9.910  -36.004 3.248071
92105  52.926  -10.086  -37.073 4.347443
92106  52.872  -9.442  -37.157 4.012430
92107  52.488  -9.280  -37.620 4.334698
92108  51.922  -8.430  -38.107 4.283136
92109  51.947  -8.962  -37.910 4.600892
92110  51.499  -8.892  -38.153 4.801442
92111  51.949  -9.551  -37.648 4.825592
92112  51.940  -11.841  -36.575 4.892412
92113  51.603  -11.016  -37.031 4.982763
92114  51.505  -11.539  -36.653 4.919299
92115  50.962  -11.228  -36.662 4.877029
92116  51.257  -12.214  -36.214 4.769898
92119  57.510  -16.695  -32.246 3.412485
92120  56.573  -16.463  -32.818 3.912149
92121  56.680  -15.807  -32.990 3.803247
92122  56.194  -15.411  -33.367 3.960982
92123  55.674  -14.382  -33.917 4.023226
92124  55.642  -15.023  -33.649 4.095084
92125  55.649  -19.247  -31.406 3.864290
92126  55.929  -18.580  -31.849 3.928076
92127  55.436  -18.077  -31.960 3.901752
92128  54.034  -15.634  -33.179 4.065517
92129  54.638  -15.898  -33.098 4.076056
92130  54.307  -15.011  -33.676 4.200597
92131  54.464  -14.563  -34.151 4.288430
92132  53.708  -14.392  -34.209 4.340583
92133  53.213  -13.785  -34.898 4.488226
92134  53.151  -14.179  -34.418 4.355407
92135  51.463  -14.567  -34.144 3.966560
92136  51.669  -14.042  -34.703 4.247499
92137  51.087  -13.998  -34.701 4.115649
92138  50.807  -13.358  -35.234 4.260508
92139  50.527  -13.754  -34.654 3.930968
92140  49.949  -13.526  -34.648 3.697952
92141  50.307  -14.137  -34.130 3.573961
93601  57.809  -28.436  -25.425 3.285594
97425  47.976  -9.856  -37.110 4.331195
97426  47.219  -9.687  -36.834 4.011994
97427  47.853  -10.382  -36.355 4.045996
97428  47.705  -10.731  -35.724 3.706769
97429  47.663  -11.061  -34.990 3.333894
97431  48.018  -11.794  -34.682 3.283103
97432  48.360  -12.427  -34.422 3.211221
97913  55.602  -23.170  -29.457 3.913419
97914  55.499  -22.314  -29.814 3.795637
97915  55.039  -22.681  -29.450 3.703178
97916  54.479  -22.315  -29.346 3.481842
97917  53.803  -21.868  -29.121 3.253658
101743  44.714  -4.367  -41.146 3.201653
101744  45.452  -4.719  -40.897 3.339304
101745  48.572  -5.192  -39.988 3.601636
101746  47.953  -5.232  -40.254 3.699453
101747  48.658  -5.797  -39.998 3.940005
101748  48.633  -6.439  -39.814 4.236814
101749  48.568  -7.001  -39.574 4.472489
101750  48.450  -7.620  -39.287 4.630208
101751  49.134  -7.545  -39.232 4.690658
101752  49.711  -7.989  -38.977 4.863314
101753  50.383  -8.433  -38.506 4.979333
102231  59.285  -21.499  -29.828 3.265850
102232  59.269  -22.104  -29.791 3.559622
102233  58.394  -26.230  -27.759 4.212223
102234  58.533  -25.309  -28.224 4.180802
102235  58.101  -25.917  -28.101 4.391916
102236  57.783  -25.555  -28.354 4.496224
102237  57.470  -25.202  -28.649 4.528135
102238  57.188  -24.859  -28.857 4.495127
102239  56.746  -25.565  -28.461 4.646948
102240  56.280  -25.941  -28.277 4.729568
102241  55.914  -26.503  -27.986 4.759204
114797  57.238  -31.525  -25.462 3.252314
114798  56.840  -32.059  -25.747 3.373394
114799  56.596  -31.856  -26.099 3.714850
114800  56.245  -31.513  -26.237 4.015526
114801  53.593  -31.100  -24.965 3.689475
114802  54.254  -30.875  -25.618 4.009855
114803  53.886  -30.525  -25.310 3.956602
114804  54.018  -29.833  -25.633 4.198959
114805  54.180  -29.023  -26.001 4.397378
114806  54.289  -28.349  -26.422 4.534433
114807  53.803  -28.500  -25.879 4.215469
114808  53.344  -28.012  -25.737 3.966208
114809  52.925  -27.658  -25.592 3.669301
115166  54.151  -11.137  -35.589 3.679748
115167  53.608  -10.401  -36.073 3.670899
115168  53.687  -11.028  -36.066 4.022092
115169  53.306  -11.118  -36.547 4.329175
115170  52.890  -10.805  -36.964 4.592419
115171  52.264  -10.459  -37.197 4.803170
115172  52.733  -11.517  -36.768 4.743602
115173  52.510  -12.117  -36.468 4.802284
115174  52.391  -12.630  -36.095 4.773222
115175  57.921  -18.508  -31.690 3.655262
115176  57.594  -17.402  -32.126 3.629771
115177  57.495  -18.066  -32.054 3.781616
115178  56.922  -17.673  -32.284 3.882597
115179  56.405  -17.195  -32.518 3.961726
115180  54.598  -18.192  -31.546 3.713904
115181  54.898  -17.581  -31.956 3.856344
115182  54.259  -17.097  -32.201 3.788599
115183  53.853  -16.114  -32.692 3.893615
115184  53.476  -15.299  -33.299 4.022900
115185  53.004  -14.613  -33.886 4.169654
115186  52.771  -15.209  -33.359 3.942896
115187  51.998  -15.056  -33.263 3.821303
115188  51.368  -14.957  -33.298 3.656318
115189  50.642  -14.851  -33.614 3.449396
115190  51.249  -15.430  -32.706 3.330655
118178  48.400  -4.673  -39.923 3.242263
118179  49.073  -5.236  -39.627 3.444958
118180  49.647  -5.912  -39.288 3.659185
118181  50.245  -6.463  -38.934 3.865573
118554  59.205  -24.890  -27.577 3.421430
118555  58.779  -25.684  -27.383 3.700826
118556  58.573  -26.418  -26.575 3.302806
118557  58.573  -26.474  -26.958 3.651324
118558  58.536  -26.397  -27.369 3.961174
118559  58.128  -27.034  -27.398 4.201314
118560  57.888  -27.692  -27.308 4.417464
118561  57.539  -28.132  -27.264 4.601337
127485  45.836  -7.734  -38.434 3.803193
127486  45.211  -7.460  -38.003 3.504652
127487  45.709  -8.064  -37.765 3.672218
127488  45.541  -8.432  -36.964 3.480271
127489  45.510  -8.683  -36.042 3.239300
127490  46.583  -9.667  -36.333 3.665765
127491  46.083  -9.382  -35.735 3.310665
128327  55.297  -32.914  -25.543 3.411212
128328  54.540  -33.177  -25.061 3.300297
128329  54.114  -32.727  -24.932 3.405162
128330  53.727  -32.316  -24.749 3.444222
128333  53.367  -31.811  -24.482 3.415453
128334  52.967  -31.375  -24.339 3.321669
128617  54.469  -11.279  -35.004 3.311138
128618  54.570  -11.907  -35.110 3.677013
128619  54.642  -12.425  -35.101 3.963417
128620  54.632  -12.958  -35.018 4.163805
128621  57.030  -21.110  -30.800 3.992721
128622  56.678  -20.274  -31.140 3.946075
128623  56.415  -20.794  -30.918 3.938062
128624  55.887  -20.399  -30.832 3.866145
128625  55.300  -19.888  -30.928 3.778390
128626  55.274  -21.366  -30.117 3.714596
128627  54.953  -20.410  -30.518 3.674072
128628  54.762  -19.291  -30.964 3.674494
128629  54.221  -18.712  -31.085 3.552911
128630  53.613  -18.261  -31.126 3.411425
128631  52.952  -17.889  -30.932 3.247867
136713  44.200  -5.665  -39.940 3.257226
136714  44.886  -6.176  -39.640 3.444753
136715  45.405  -6.658  -39.414 3.650678
136717  46.083  -4.581  -40.914 3.339250
136718  46.110  -5.053  -40.781 3.516681
136719  47.424  -5.354  -40.467 3.741173
136720  46.794  -5.451  -40.532 3.730842
136721  46.150  -5.578  -40.460 3.672773
136722  46.126  -6.146  -40.105 3.792223
136723  46.066  -6.785  -39.649 3.860467
136724  45.982  -7.208  -39.080 3.866136
136725  46.527  -7.704  -38.804 4.077938
136726  46.883  -8.259  -38.508 4.270695
136727  47.393  -8.867  -38.131 4.429659
136728  48.384  -8.173  -38.861 4.697623
136729  48.207  -8.813  -38.325 4.668446
136730  48.044  -9.384  -37.752 4.543545
136731  48.684  -9.903  -37.425 4.606183
136732  49.239  -10.313  -37.065 4.616930
136733  49.820  -10.877  -36.715 4.579805
137737  58.301  -18.177  -31.380 3.239355
137739  58.625  -19.308  -30.879 3.310852
137740  58.321  -18.891  -31.332 3.499390
137741  58.219  -19.628  -31.219 3.699769
137742  57.964  -20.325  -31.102 3.847456
137743  57.852  -20.885  -30.920 3.952899
137744  59.386  -23.252  -28.693 3.397644
137745  59.256  -23.079  -29.191 3.632931
137746  59.100  -22.887  -29.707 3.813049
137747  58.789  -24.491  -28.885 4.116260
137748  58.899  -23.659  -29.398 4.030489
137749  58.838  -22.571  -30.039 3.936048
137750  58.542  -22.200  -30.296 4.006833
137751  58.052  -21.842  -30.562 4.033965
137752  57.463  -21.466  -30.730 4.026610
137753  57.186  -22.066  -30.405 4.076821
137754  56.813  -22.628  -30.095 4.107859
137755  56.569  -23.240  -29.742 4.119412
137756  56.989  -24.521  -29.053 4.406928
137757  56.475  -24.071  -29.207 4.273952
137758  56.027  -23.636  -29.367 4.106340
137759  55.590  -24.114  -28.979 4.059665
137760  54.950  -24.383  -28.608 3.968643
137761  54.420  -24.832  -28.186 3.823969
163035  57.706  -29.266  -25.531 3.504200
163036  57.305  -30.711  -25.679 3.485433
163037  57.451  -30.014  -25.789 3.700378
163038  57.635  -29.245  -26.111 3.887210
163039  57.513  -29.148  -26.593 4.234081
163040  57.284  -28.933  -27.007 4.523753
163041  56.878  -28.533  -27.233 4.739320
163042  55.453  -32.362  -25.934 3.698518
163043  55.684  -31.815  -26.160 3.985570
163044  55.862  -31.116  -26.312 4.257112
163045  54.876  -30.808  -26.000 4.260144
163046  55.364  -30.578  -26.393 4.424379
163047  55.917  -30.441  -26.636 4.496347
163048  56.153  -29.594  -26.939 4.686574
163049  56.419  -28.800  -27.215 4.813677
163050  56.520  -28.115  -27.450 4.869153
163051  56.081  -27.663  -27.605 4.907427
163052  55.484  -27.111  -27.690 4.854434
163053  55.212  -26.783  -27.714 4.716728
163054  54.496  -27.653  -26.893 4.598281
163055  54.564  -26.972  -27.285 4.586301
163056  54.900  -26.367  -27.726 4.506783
163057  54.584  -25.863  -27.711 4.241640
163058  54.154  -25.308  -27.614 3.940373
163059  53.818  -24.929  -27.541 3.621342
163079  52.294  -27.850  -25.055 3.247642
163080  52.535  -27.280  -25.428 3.345867
163083  52.610  -26.295  -25.851 3.396327
163084  52.983  -25.703  -26.315 3.399902
163085  53.035  -25.022  -26.904 3.363743
163086  53.382  -24.531  -27.448 3.299581
163769  50.672  -6.678  -38.580 3.605034
163770  50.878  -7.250  -38.692 4.045964
163774  53.197  -9.671  -36.579 3.645712
163775  52.843  -8.886  -37.185 3.598673
163776  52.170  -8.187  -37.587 3.524491
163777  51.859  -7.992  -38.167 3.883102
163778  51.437  -7.763  -38.473 4.187167
163779  50.967  -7.753  -38.691 4.425126
163780  50.985  -8.204  -38.593 4.723595
163781  50.956  -8.595  -38.397 4.929102
163782  50.900  -9.092  -38.095 5.035079
163783  51.782  -10.263  -37.376 4.952828
163784  51.339  -9.936  -37.522 5.033655
163785  50.765  -9.732  -37.665 5.039906
163786  50.569  -10.428  -37.155 4.946639
163787  50.357  -11.079  -36.568 4.763156
163788  50.140  -11.757  -36.096 4.501987
163791  56.503  -14.534  -33.282 3.370135
163792  57.119  -16.227  -32.652 3.620854
163793  56.615  -15.151  -33.183 3.624627
163794  56.111  -14.125  -33.748 3.636491
163795  55.653  -13.840  -34.078 3.877825
163796  55.159  -13.649  -34.459 4.092784
163797  54.641  -13.459  -34.869 4.279879
163798  56.518  -19.103  -31.699 3.937115
163799  56.224  -17.875  -32.170 3.963479
163800  55.814  -16.669  -32.739 4.020861
163801  54.979  -16.950  -32.488 3.974233
163802  55.383  -16.236  -32.926 4.059769
163803  55.467  -15.688  -33.335 4.103586
163804  54.994  -14.733  -33.856 4.205078
163805  54.565  -14.002  -34.511 4.318327
163806  54.035  -13.375  -35.043 4.436206
163807  53.394  -13.299  -35.319 4.556912
163808  52.592  -13.323  -35.518 4.635349
163809  52.126  -13.163  -35.655 4.663951
163810  52.339  -14.229  -34.521 4.326292
163811  51.824  -13.732  -35.163 4.484610
163812  51.539  -12.918  -35.748 4.635677
163813  50.985  -12.896  -35.728 4.545580
163814  50.452  -12.544  -35.718 4.392395
163815  49.858  -12.399  -35.627 4.179452
163816  49.579  -12.856  -35.138 3.814202
163817  49.369  -13.249  -34.433 3.425244
163819  50.013  -14.585  -33.379 3.205616
