#!ascii label , from subject fsaverage
444
337  24.211  -3.113  -32.128 6.728545
816  20.954  -6.149  -27.451 4.944484
817  23.451  -3.894  -29.154 5.132227
1757  19.524  -8.860  -27.416 4.960230
1758  23.032  -6.586  -30.707 7.050014
2444  24.595  -0.604  -28.935 6.527543
2445  25.975  1.344  -33.240 5.892406
3888  22.103  -4.802  -29.730 6.080784
3889  21.108  -5.952  -28.925 6.088389
3890  23.574  -4.954  -31.394 7.038089
3891  26.812  -5.368  -31.931 6.557290
3892  26.783  -3.091  -32.642 6.167788
5467  25.160  2.243  -31.500 6.925332
5468  24.508  0.521  -31.080 6.397360
5469  26.573  3.373  -34.312 5.616328
6078  22.339  -5.286  -28.373 4.973442
6079  23.207  -3.077  -30.663 6.028224
7938  20.069  -11.313  -27.341 4.891314
7939  20.784  -9.479  -28.565 5.804179
7940  20.014  -7.080  -27.260 4.928264
7941  20.644  -7.304  -28.711 6.009282
7942  23.467  -8.564  -30.253 6.723366
7943  27.012  -7.877  -31.284 6.453774
9891  24.015  -2.290  -29.161 5.627720
9892  23.783  -1.422  -30.810 6.094740
9893  25.092  -0.990  -32.578 6.284847
9896  27.706  -0.262  -33.334 5.478397
11568  23.171  -3.989  -31.084 6.576847
11569  22.625  -4.802  -30.592 6.657973
11570  24.012  -4.078  -31.836 6.913424
11571  25.272  -4.247  -32.266 6.880683
11572  25.411  -3.150  -32.602 6.644432
13148  25.790  2.771  -33.060 6.309111
13968  23.645  -5.192  -28.344 4.627016
13969  23.063  -5.757  -27.990 4.554252
13970  23.043  -4.543  -28.856 5.022272
13971  22.704  -4.098  -29.629 5.503717
13972  23.125  -3.324  -29.875 5.554551
17418  19.657  -9.932  -26.903 4.668550
17419  19.808  -11.092  -26.766 4.688231
17420  19.630  -10.116  -27.471 4.959773
17421  20.159  -10.357  -27.962 5.295847
17422  19.883  -9.153  -28.008 5.382349
17423  20.501  -6.828  -26.956 4.538368
17424  20.079  -7.198  -26.774 4.543894
17425  20.411  -6.627  -27.264 4.932862
17426  21.713  -6.210  -29.726 6.684476
17427  20.719  -6.545  -28.765 6.058919
17428  21.586  -6.818  -29.615 6.622509
17429  21.729  -7.777  -29.523 6.507425
17430  23.255  -7.540  -30.472 6.929012
17431  25.103  -8.349  -30.845 6.798728
17432  24.945  -7.288  -31.223 6.987148
22162  25.148  -2.198  -28.577 5.915043
22163  24.816  -3.013  -28.664 5.429431
22164  24.322  -1.413  -29.099 6.031729
22165  25.081  0.896  -32.262 6.209698
22166  24.170  -0.455  -31.008 6.214065
22167  24.682  -0.174  -31.953 6.221345
22168  24.374  -1.168  -31.786 6.274223
22169  25.614  0.180  -32.845 6.075294
22176  28.008  1.017  -33.721 5.113137
23359  24.186  -4.647  -28.598 4.784777
25429  19.570  -8.736  -26.902 4.613342
25430  21.373  -5.511  -28.448 5.481869
25431  20.864  -5.938  -28.094 5.469726
25432  21.533  -5.450  -29.168 6.096170
25433  22.111  -5.509  -30.032 6.696036
25434  23.291  -5.750  -30.995 7.085865
25435  24.924  -6.236  -31.631 7.063778
25436  25.098  -5.193  -31.936 7.026273
25437  26.795  -4.297  -32.386 6.416846
28273  24.562  0.878  -29.843 6.930511
28274  24.287  0.040  -29.850 6.498564
28275  24.846  1.402  -31.267 6.640037
28276  25.469  1.853  -32.570 6.240351
28277  26.281  2.382  -33.798 5.739708
29539  21.316  -6.431  -27.190 4.535780
29541  22.328  -6.216  -27.481 4.534658
29542  21.581  -5.744  -27.821 4.955496
29543  22.015  -4.956  -28.981 5.488110
29544  22.720  -3.927  -30.347 6.051193
29545  23.596  -3.053  -31.439 6.470073
34161  20.297  -12.346  -26.626 4.615996
34162  20.773  -12.613  -27.355 4.713966
34163  20.869  -11.664  -27.992 5.121235
34164  21.323  -10.844  -28.581 5.603295
34165  22.324  -10.210  -29.123 6.083879
34167  19.779  -7.843  -26.778 4.566407
34168  19.589  -7.793  -27.325 4.939593
34169  20.397  -6.508  -27.958 5.451478
34170  20.044  -7.069  -27.972 5.434062
34171  19.845  -7.945  -27.968 5.417048
34172  20.460  -8.285  -28.620 5.931074
34173  21.878  -8.877  -29.304 6.331595
34174  23.873  -9.799  -29.894 6.434411
34175  25.517  -9.568  -30.583 6.506638
34176  27.349  -9.136  -30.845 6.212545
34177  29.083  -8.366  -31.014 5.583806
34178  26.866  -6.610  -31.582 6.571007
39910  24.506  -3.787  -28.699 5.049533
39911  23.754  -3.086  -29.166 5.328902
39912  24.005  -0.871  -29.872 6.135139
39913  23.674  -1.757  -29.922 5.857045
39914  23.392  -2.526  -30.017 5.666309
39915  23.534  -2.241  -30.886 6.036336
39916  24.002  -2.062  -31.908 6.361858
39917  24.718  -2.128  -32.447 6.509676
39924  26.702  0.564  -33.424 5.704087
39925  26.295  -0.685  -33.107 6.023561
39926  25.913  -1.989  -32.843 6.347013
39927  27.235  -1.668  -32.881 5.841861
42288  23.695  -3.537  -31.595 6.711180
42289  23.552  -4.028  -31.482 6.781207
42290  24.144  -3.607  -31.970 6.827029
42291  24.702  -3.674  -32.281 6.851792
42292  24.736  -3.112  -32.397 6.736244
44688  23.514  -4.533  -28.743 4.870783
44689  23.333  -4.861  -28.551 4.814272
44690  23.271  -4.160  -29.017 5.067805
44691  23.062  -3.895  -29.389 5.285539
44692  23.272  -3.556  -29.539 5.334454
48138  19.564  -9.448  -27.133 4.794328
48139  19.583  -10.025  -27.180 4.806552
48140  19.587  -9.507  -27.445 4.965386
48141  19.721  -9.591  -27.738 5.152360
48142  19.649  -8.987  -27.721 5.164828
48143  20.655  -6.485  -27.222 4.723666
48144  20.400  -6.698  -27.083 4.720767
48145  20.452  -6.361  -27.444 4.938509
48146  22.314  -6.372  -30.263 6.910579
48147  21.620  -6.397  -29.696 6.659847
48148  22.249  -6.687  -30.130 6.874758
48149  22.311  -7.134  -30.070 6.821775
48150  23.079  -7.037  -30.505 7.000173
48151  24.035  -7.444  -30.829 7.014253
48152  23.951  -6.953  -31.042 7.079598
52882  24.750  -1.323  -28.738 6.235327
52883  24.652  -1.800  -28.759 5.975335
52884  24.400  -0.948  -29.027 6.269843
52885  25.490  1.135  -32.807 6.070459
52886  24.874  0.369  -32.085 6.210194
52887  25.263  0.555  -32.586 6.117414
52888  25.127  0.003  -32.420 6.173049
52889  25.755  0.733  -33.059 5.980158
54291  24.332  -5.302  -28.372 4.534441
54292  24.685  -4.980  -28.494 4.637671
57741  19.655  -9.198  -26.638 4.507969
57742  19.727  -8.723  -26.620 4.472496
57743  21.692  -5.177  -29.037 5.781490
57744  21.409  -5.433  -28.816 5.782014
57745  21.823  -5.132  -29.437 6.091135
57746  23.016  -4.837  -31.012 6.886167
57747  22.384  -5.189  -30.320 6.683036
57748  22.872  -5.252  -30.795 6.916890
57749  22.653  -5.579  -30.573 6.931474
57750  23.444  -5.347  -31.229 7.072194
57751  24.076  -5.518  -31.511 7.124579
57752  24.305  -5.083  -31.719 7.089797
57753  26.111  -3.740  -32.524 6.586528
57754  26.015  -4.272  -32.355 6.699256
57755  26.895  -3.686  -32.512 6.304201
62482  24.763  1.580  -30.634 6.989488
62483  24.643  1.167  -30.539 6.800589
62484  25.003  1.824  -31.374 6.779109
62485  26.144  3.051  -33.714 5.969133
62486  25.644  2.292  -32.879 6.270516
62487  25.989  2.554  -33.450 5.982147
62488  25.860  2.103  -33.184 6.003021
62489  26.439  2.868  -34.024 5.674504
64941  21.355  -6.907  -26.761 4.374547
64942  21.829  -6.757  -27.045 4.367140
64946  22.663  -5.491  -28.154 4.752708
64947  22.679  -6.025  -27.743 4.539988
64948  22.259  -5.775  -27.900 4.739614
64949  21.903  -5.935  -27.612 4.732960
64950  21.947  -5.590  -28.082 4.962404
64951  21.718  -5.423  -28.315 5.210876
64952  22.095  -5.088  -28.626 5.218604
64953  22.938  -3.554  -30.221 5.776275
64954  22.680  -3.986  -29.997 5.772728
64955  22.998  -3.479  -30.566 6.037314
64956  23.134  -3.445  -30.915 6.293075
64957  23.333  -3.055  -31.002 6.261267
75296  19.889  -11.184  -27.062 4.784693
75297  20.047  -11.730  -26.733 4.666832
75298  20.113  -11.811  -26.992 4.737562
75299  20.443  -12.466  -26.986 4.659804
75300  20.393  -11.955  -27.355 4.817818
75301  20.777  -12.174  -27.697 4.905431
75302  20.337  -11.419  -27.610 5.005686
75303  20.417  -9.907  -28.268 5.540666
75304  20.590  -10.539  -28.245 5.460253
75305  21.061  -10.193  -28.559 5.714494
75306  21.827  -10.525  -28.872 5.850689
75307  21.440  -9.795  -28.831 5.972253
75311  20.040  -7.084  -27.053 4.720780
75312  19.911  -7.519  -26.768 4.552161
75313  19.814  -7.436  -27.011 4.727062
75314  19.643  -7.802  -27.043 4.738897
75315  19.671  -7.351  -27.386 4.931828
75316  20.950  -5.918  -28.553 5.772080
75317  20.624  -6.245  -28.046 5.460937
75318  20.689  -6.182  -28.478 5.762131
75319  20.632  -6.823  -28.632 6.036854
75320  20.346  -6.775  -28.269 5.735826
75321  20.224  -7.128  -28.290 5.719921
75322  19.885  -7.524  -27.956 5.426172
75323  20.135  -7.552  -28.279 5.701071
75324  20.099  -8.102  -28.294 5.677151
75325  20.508  -7.686  -28.675 5.974773
75326  22.474  -8.108  -29.876 6.662925
75327  21.765  -8.215  -29.433 6.427741
75328  22.727  -8.686  -29.733 6.556167
75329  22.840  -9.271  -29.648 6.430445
75330  23.618  -9.151  -30.014 6.589252
75331  24.697  -9.681  -30.293 6.513271
75332  24.475  -9.071  -30.472 6.672967
75333  26.071  -8.198  -31.117 6.679601
75334  26.271  -8.804  -30.907 6.556550
75335  27.184  -8.540  -31.060 6.347909
75336  28.255  -8.775  -30.903 5.933527
75337  28.063  -8.143  -31.145 6.048492
75338  25.938  -5.880  -31.863 6.874049
75339  25.881  -6.426  -31.648 6.871860
75340  26.962  -6.007  -31.775 6.580560
89530  24.369  -2.652  -28.870 5.524472
89531  24.669  -3.373  -28.708 5.225206
89532  24.213  -3.035  -28.878 5.339059
89533  24.076  -3.434  -28.870 5.181716
89534  23.891  -2.688  -29.150 5.465034
89535  24.299  0.245  -30.379 6.457098
89536  24.144  -0.395  -29.892 6.306804
89537  24.203  -0.166  -30.480 6.309206
89538  24.012  -0.921  -31.022 6.146434
89539  23.866  -1.110  -30.485 6.069116
89540  23.679  -1.575  -30.362 5.977797
89541  23.519  -2.188  -29.928 5.751055
89542  23.498  -2.055  -30.350 5.905259
89543  23.435  -2.349  -30.462 5.850602
89544  23.616  -1.899  -30.785 6.058391
89545  24.735  -1.079  -32.248 6.308276
89546  24.154  -1.638  -31.813 6.314381
89547  24.519  -1.584  -32.153 6.385734
89548  24.320  -2.128  -32.130 6.467457
89549  24.932  -1.528  -32.459 6.396448
89568  27.911  0.412  -33.521 5.294208
89569  27.201  0.186  -33.398 5.605340
89570  26.948  -0.498  -33.228 5.782331
89571  26.112  -1.314  -32.954 6.186429
89572  26.819  -1.146  -33.048 5.959690
89573  26.533  -1.834  -32.870 6.133482
89574  27.488  -0.954  -33.074 5.662360
94550  22.602  -4.404  -30.486 6.355814
94551  22.329  -4.791  -30.168 6.380919
94552  22.863  -4.417  -30.839 6.621958
94553  23.300  -4.444  -31.263 6.840356
94554  23.821  -4.512  -31.645 6.984607
94555  24.396  -4.611  -31.946 7.031454
94556  24.604  -4.193  -32.096 6.951292
94557  25.343  -3.747  -32.486 6.772298
94558  26.100  -3.157  -32.694 6.451722
97393  25.636  2.932  -32.574 6.728676
97394  25.463  2.507  -32.359 6.630573
97395  25.911  3.210  -33.349 6.354252
97396  26.265  3.519  -34.046 5.963060
97397  26.666  3.835  -34.618 5.564761
98870  23.809  -5.831  -28.120 4.406192
98871  23.540  -6.114  -27.905 4.374777
98872  23.412  -5.485  -28.230 4.581841
98873  23.033  -5.181  -28.373 4.776217
98874  22.759  -4.936  -28.630 4.992103
98875  22.560  -4.715  -28.965 5.231231
98876  22.789  -4.253  -29.251 5.252306
98877  22.951  -3.696  -29.796 5.523005
98878  23.139  -3.167  -30.287 5.788437
105080  19.791  -10.397  -26.594 4.578488
105081  19.857  -11.016  -26.468 4.600653
105082  19.670  -10.513  -26.854 4.686370
105083  19.695  -10.609  -27.106 4.805639
105084  19.818  -10.686  -27.393 4.937071
105085  19.996  -10.788  -27.651 5.077918
105086  19.853  -10.197  -27.691 5.125242
105087  19.981  -9.744  -28.008 5.348024
105088  20.260  -9.290  -28.266 5.600944
105089  20.430  -7.130  -26.680 4.386999
105090  20.172  -7.351  -26.537 4.393903
105091  20.297  -6.960  -26.856 4.539970
105092  20.230  -6.885  -27.044 4.719222
105093  20.170  -6.832  -27.277 4.928951
105094  21.300  -6.045  -29.255 6.400723
105095  20.867  -6.267  -28.796 6.076119
105096  21.229  -6.312  -29.233 6.383868
105097  21.101  -6.635  -29.181 6.358517
105098  21.013  -6.978  -29.098 6.324361
105099  21.124  -7.516  -29.107 6.280502
105100  21.738  -7.263  -29.626 6.571975
105101  22.459  -7.613  -30.003 6.751297
105102  23.217  -8.002  -30.284 6.836685
105103  24.363  -8.489  -30.584 6.810192
105104  24.138  -7.945  -30.720 6.924214
105105  25.030  -7.861  -31.066 6.906488
105106  25.981  -7.606  -31.312 6.773996
113620  25.477  -2.932  -28.531 5.585377
113621  25.295  -3.324  -28.601 5.341649
113622  24.981  -2.580  -28.640 5.660455
113623  24.528  -2.204  -28.824 5.737224
113624  24.136  -1.842  -29.083 5.816952
113625  24.765  0.721  -31.690 6.316533
113626  24.360  0.052  -31.153 6.297800
113627  24.572  0.188  -31.599 6.267314
113628  24.380  -0.313  -31.527 6.231228
113629  24.228  -0.781  -31.464 6.208233
113630  24.036  -1.277  -31.265 6.197935
113631  24.508  -0.661  -31.880 6.242881
113632  24.866  -0.534  -32.326 6.236943
113633  25.341  -0.451  -32.642 6.177221
115943  24.061  -5.584  -28.245 4.458208
115944  23.882  -4.922  -28.526 4.693606
115945  23.717  -4.284  -28.794 4.949162
120773  19.777  -9.821  -26.631 4.545196
120774  19.584  -9.300  -26.865 4.642076
120775  19.536  -8.821  -27.175 4.775569
120776  21.121  -5.817  -27.845 5.199168
120777  20.832  -6.050  -27.717 5.192255
120778  21.135  -5.773  -28.166 5.476873
120779  21.211  -5.732  -28.560 5.778898
120780  21.335  -5.707  -29.017 6.095229
120781  22.024  -5.128  -29.840 6.398862
120782  21.774  -5.474  -29.590 6.408386
120783  21.584  -5.745  -29.442 6.408986
120784  21.951  -5.811  -29.917 6.696538
120785  22.423  -5.956  -30.384 6.929437
120786  23.147  -6.214  -30.911 7.078553
120787  23.966  -6.480  -31.248 7.119827
120788  24.054  -5.982  -31.372 7.134768
120789  24.939  -5.701  -31.746 7.059145
120790  25.900  -5.319  -31.955 6.845223
120791  25.167  -4.733  -32.129 6.966204
120792  26.008  -4.799  -32.197 6.786369
120793  26.865  -4.846  -32.191 6.502117
127411  24.490  0.144  -29.319 6.768064
127412  24.381  -0.245  -29.359 6.522392
127413  24.377  0.456  -29.826 6.707833
127414  24.511  0.734  -30.506 6.621776
127415  24.708  0.979  -31.195 6.511948
127416  25.297  2.059  -32.139 6.537445
127417  25.123  1.628  -31.912 6.452685
127418  24.978  1.207  -31.842 6.378580
127419  25.299  1.366  -32.385 6.219853
127420  25.695  1.593  -32.944 6.032358
127421  26.169  1.871  -33.502 5.812273
130643  20.857  -7.065  -26.746 4.381070
130644  20.955  -6.665  -26.969 4.537271
130645  21.130  -6.277  -27.281 4.726637
130649  23.194  -6.375  -27.675 4.359707
130650  22.791  -6.513  -27.418 4.356350
130651  22.416  -6.663  -27.228 4.360141
130652  21.811  -6.285  -27.311 4.534302
130653  21.447  -6.054  -27.489 4.729400
130654  21.212  -5.896  -27.679 4.950038
130655  21.433  -5.615  -28.124 5.205075
130656  21.620  -5.269  -28.637 5.485120
130657  22.023  -4.873  -29.355 5.778338
130658  22.421  -4.542  -29.316 5.493255
130659  22.356  -4.446  -29.666 5.774492
130660  22.436  -4.412  -30.076 6.066677
130661  22.874  -3.963  -30.677 6.325615
130662  23.349  -3.458  -31.259 6.525209
130663  23.872  -3.082  -31.808 6.633323
143549  20.015  -11.623  -26.446 4.603786
143550  20.282  -12.270  -26.309 4.580325
143551  20.488  -12.926  -26.232 4.524216
143552  20.630  -13.011  -26.646 4.531731
143553  20.843  -13.146  -26.999 4.549500
143554  21.218  -13.358  -27.316 4.579726
143555  21.222  -12.847  -27.703 4.776211
143558  20.448  -10.991  -27.937 5.221362
143559  21.058  -11.249  -28.215 5.356444
143567  20.022  -7.606  -26.557 4.404068
143568  19.934  -7.927  -26.601 4.419765
143569  19.829  -8.296  -26.581 4.442535
143570  19.658  -8.260  -26.801 4.587146
143571  19.548  -8.241  -27.097 4.755771
143572  19.551  -8.343  -27.380 4.950088
143573  20.519  -6.277  -27.719 5.184513
143574  20.456  -6.606  -27.616 5.176927
143575  20.126  -6.806  -27.560 5.170786
143576  20.454  -6.484  -28.349 5.749860
143577  20.196  -6.802  -27.928 5.442347
143578  20.001  -7.072  -27.594 5.167177
143579  19.750  -7.436  -27.654 5.166373
143580  19.652  -7.837  -27.626 5.167508
143581  19.635  -8.431  -27.670 5.168237
143582  19.788  -8.523  -27.964 5.403780
143583  20.148  -8.688  -28.304 5.645056
143584  20.571  -8.856  -28.580 5.875288
143585  21.071  -7.914  -29.060 6.225463
143586  21.091  -8.549  -28.962 6.157279
143587  21.274  -9.134  -28.906 6.073676
143588  22.121  -9.506  -29.197 6.217499
143589  23.102  -9.972  -29.491 6.284989
143594  25.415  -8.992  -30.775 6.665038
143595  26.494  -9.404  -30.813 6.406330
143600  24.927  -6.755  -31.476 7.039752
143601  25.963  -7.033  -31.507 6.838384
143602  26.936  -7.244  -31.414 6.528536
143605  27.962  -7.444  -31.308 6.131971
143606  28.935  -7.688  -31.193 5.674415
160686  25.176  -3.733  -28.595 5.122663
160687  25.027  -4.138  -28.611 4.931501
160688  24.878  -4.604  -28.570 4.769739
160689  24.387  -4.223  -28.673 4.902913
160690  23.954  -3.874  -28.881 5.052138
160691  23.581  -3.517  -29.166 5.218494
160692  24.184  -0.621  -29.444 6.293417
160693  24.115  -1.101  -29.474 6.085121
160694  23.950  -1.577  -29.488 5.899928
160695  24.038  -0.637  -30.454 6.179633
160696  23.862  -1.337  -29.967 5.985023
160697  23.779  -1.983  -29.515 5.739097
160698  23.658  -2.397  -29.504 5.602947
160699  23.502  -2.776  -29.583 5.491004
160700  23.301  -3.161  -29.516 5.402115
160701  23.278  -2.957  -29.965 5.601462
160702  23.302  -2.790  -30.402 5.812341
160703  23.361  -2.663  -30.816 6.026999
160704  23.847  -1.740  -31.254 6.199587
160705  23.736  -2.129  -31.418 6.211959
160706  23.589  -2.620  -31.266 6.233290
160707  23.860  -2.612  -31.714 6.414618
160708  24.175  -2.612  -32.128 6.550982
160709  24.572  -2.571  -32.480 6.621530
160729  26.076  0.352  -33.166 5.919904
160730  25.903  -0.296  -32.942 6.053615
160731  27.359  0.808  -33.599 5.431774
160732  26.548  -0.073  -33.200 5.861899
160733  25.694  -0.843  -32.904 6.191856
160734  25.420  -1.437  -32.779 6.332482
160735  25.246  -2.074  -32.718 6.472538
160736  25.071  -2.563  -32.598 6.608464
160737  25.664  -2.552  -32.677 6.501173
160738  26.326  -2.522  -32.757 6.299119
160739  27.047  -2.387  -32.773 6.012030
