#!ascii label , from subject fsaverage
682
185  8.732  -61.569  36.966 4.969961
407  7.067  -61.820  30.863 3.340708
917  11.520  -57.692  36.163 3.798124
918  7.661  -61.360  34.041 4.605924
919  11.522  -57.058  33.086 3.129760
1484  8.861  -66.128  40.982 2.533368
1485  6.789  -66.855  37.727 3.404643
1486  10.026  -62.288  40.144 3.424437
1487  10.663  -58.047  38.778 2.710052
1909  7.324  -67.231  34.806 3.707130
1910  6.683  -67.755  31.308 3.168431
2837  13.928  -55.921  35.641 3.008628
2838  11.714  -57.411  34.653 3.569279
2839  13.807  -55.565  33.899 2.835465
2840  13.210  -55.272  32.096 2.519194
3435  9.868  -64.459  40.411 3.151665
4192  7.595  -64.050  37.415 4.488797
4193  6.986  -67.127  36.200 3.636471
4194  7.541  -63.844  36.017 4.712088
4195  7.393  -61.470  32.694 4.059376
4196  7.242  -64.382  32.831 4.340274
4197  6.447  -64.777  31.091 3.783208
4198  6.703  -67.844  29.572 2.764481
4199  5.906  -64.962  29.301 3.085268
4200  5.960  -65.351  27.355 2.520883
4201  6.464  -62.291  28.826 2.587731
6259  9.709  -59.617  36.332 4.585876
6260  8.216  -61.351  35.493 4.988793
6261  9.593  -59.336  35.038 4.374610
6262  9.301  -58.982  33.687 3.834027
6263  8.646  -58.735  32.329 3.259220
6264  7.802  -58.943  30.729 2.605556
6265  10.782  -57.108  31.456 2.643104
7306  7.663  -66.687  39.224 3.041131
7307  8.418  -64.358  38.780 3.945171
7308  9.200  -62.038  38.376 4.360841
7310  9.558  -59.924  39.364 3.149942
7311  9.715  -59.921  37.675 4.056856
7312  11.053  -58.008  37.384 3.436361
7313  13.457  -56.200  37.308 2.892327
8338  7.567  -63.976  34.514 4.648449
8339  7.170  -67.369  33.063 3.538562
10517  14.884  -54.871  35.317 2.572133
10518  13.926  -55.765  34.822 2.946980
10519  14.831  -54.679  34.339 2.509675
11872  8.281  -62.763  37.245 4.836128
11873  7.534  -63.918  36.689 4.640216
11874  8.067  -62.537  36.591 4.964311
11875  7.246  -61.546  31.837 3.720619
11876  6.966  -63.064  31.952 4.022275
11877  6.645  -63.237  31.088 3.661254
11878  6.114  -64.947  30.193 3.436023
11879  6.351  -63.446  30.072 3.270270
11880  6.071  -63.587  29.143 2.891706
11881  6.775  -62.074  29.865 2.948877
14272  10.441  -58.599  36.221 4.199722
14273  9.686  -59.397  35.738 4.559170
14274  10.474  -58.426  35.659 4.146862
14275  11.684  -57.212  33.886 3.354697
14276  10.537  -58.096  34.183 3.707672
14277  10.345  -57.923  33.408 3.450205
14278  8.993  -58.777  32.995 3.553130
14279  10.033  -57.791  32.666 3.192394
14280  9.684  -57.807  31.897 2.920685
14281  11.147  -56.971  32.226 2.896493
16065  7.554  -67.712  39.486 2.583240
16066  8.321  -66.377  40.034 2.804529
16067  10.044  -63.386  40.328 3.358117
16068  9.144  -64.460  39.551 3.571332
16069  9.459  -63.353  39.403 3.822753
16070  8.857  -63.220  38.641 4.243209
16071  9.595  -62.283  39.257 3.910229
16076  9.726  -58.987  39.715 2.532729
16077  9.960  -59.049  38.848 2.916793
16078  9.665  -59.964  38.437 3.611264
16079  10.153  -59.015  38.115 3.339071
16080  10.222  -58.924  37.431 3.747359
16081  10.826  -58.087  38.029 3.083184
16083  13.175  -56.323  38.086 2.708306
16084  14.217  -55.333  38.017 2.508202
16085  14.533  -55.226  37.144 2.583911
18337  6.829  -68.241  37.894 2.828333
18339  6.866  -68.375  37.105 2.927831
18340  7.186  -67.198  35.514 3.697306
18341  7.298  -68.728  35.596 3.066483
18342  7.461  -68.910  34.820 3.076362
18344  7.560  -68.931  34.089 3.025130
18345  7.895  -61.417  34.740 4.825478
18346  7.710  -62.545  34.974 4.904883
18347  7.513  -62.764  34.194 4.764510
18348  6.940  -66.052  32.117 3.858905
18349  7.273  -65.910  33.003 4.056410
18350  7.011  -67.620  32.144 3.369390
18351  7.392  -68.808  32.414 2.747780
18352  7.422  -68.866  31.642 2.567215
18355  7.043  -67.676  28.798 2.599263
23539  12.780  -56.866  35.950 3.408812
23540  11.598  -57.591  35.464 3.738508
23541  12.894  -56.739  35.131 3.348730
23542  12.880  -56.542  34.303 3.209564
23543  12.734  -56.390  33.468 3.033076
23544  12.451  -56.210  32.616 2.838032
23545  13.557  -55.397  33.004 2.691609
24615  9.439  -65.263  40.732 2.855258
24616  10.311  -64.208  41.461 2.708575
24617  10.452  -63.165  41.294 2.875583
24618  10.324  -62.137  41.018 2.934856
24624  11.681  -57.289  38.821 2.566319
25978  7.057  -65.414  37.617 3.985515
25979  6.821  -66.945  36.935 3.536673
25980  7.002  -65.451  36.823 4.136883
25981  7.214  -65.535  36.125 4.235597
25982  7.326  -65.474  35.517 4.280810
25983  7.498  -61.460  33.404 4.351422
25984  7.417  -62.849  33.518 4.572455
25985  7.258  -62.958  32.735 4.327379
25986  6.885  -64.607  31.965 4.091427
25987  6.486  -66.283  31.172 3.612888
25988  6.607  -67.867  30.406 2.959652
25989  6.170  -66.494  30.241 3.337217
25990  6.138  -66.586  29.335 3.057543
25991  6.229  -66.623  28.434 2.801882
25992  6.579  -66.486  27.635 2.593611
25993  5.849  -65.109  28.372 2.770202
25994  5.775  -63.872  28.122 2.567572
29965  9.158  -60.608  36.600 4.872644
29966  8.435  -61.448  36.248 5.051600
29967  8.965  -60.557  35.920 4.895575
29968  8.752  -60.383  35.198 4.756648
29969  8.462  -60.231  34.518 4.523191
29970  10.526  -58.258  34.954 3.956431
29971  9.446  -59.153  34.364 4.113261
29972  8.221  -60.095  33.913 4.252799
29973  7.999  -60.050  33.248 3.967590
29974  7.752  -60.039  32.552 3.660959
29975  7.583  -60.180  31.715 3.321749
29976  7.379  -60.441  30.772 2.956511
29977  8.264  -58.853  31.528 2.940542
29978  9.285  -57.960  31.105 2.626051
29980  12.103  -56.113  31.754 2.622467
32447  7.116  -68.049  38.681 2.715029
32448  7.107  -66.872  38.489 3.240511
32449  8.689  -65.452  39.784 3.207711
32450  7.997  -65.557  38.996 3.519273
32451  7.398  -65.497  38.329 3.779837
32452  7.885  -64.172  38.118 4.255288
32453  8.453  -63.006  37.894 4.590415
32454  8.926  -61.822  37.631 4.730580
32457  9.832  -61.185  40.711 2.873215
32459  9.484  -60.143  40.161 2.719959
32460  9.696  -61.143  39.886 3.342017
32461  9.477  -61.034  38.958 3.826146
32462  9.371  -60.851  38.045 4.286494
32463  9.307  -60.753  37.282 4.658617
32464  9.708  -59.779  36.973 4.408634
32465  10.308  -58.695  36.764 4.060176
32466  11.296  -57.825  36.744 3.695407
32467  12.019  -57.187  38.087 2.879867
32468  12.280  -57.126  37.377 3.159354
32469  12.579  -56.986  36.683 3.348018
32470  13.744  -56.082  36.475 2.995380
32471  14.752  -55.064  36.222 2.601353
35296  7.065  -68.632  36.277 3.011050
35302  7.834  -62.467  35.792 4.979844
35303  7.579  -63.794  35.309 4.712137
35304  7.368  -65.517  34.757 4.268584
35305  7.452  -64.242  33.701 4.525003
35306  7.398  -65.677  33.901 4.194323
35307  7.298  -67.259  33.957 3.654861
35308  7.452  -68.818  33.305 2.910254
35329  7.146  -60.573  29.829 2.594932
41238  14.890  -54.790  34.850 2.544415
42592  8.516  -62.109  37.077 4.932045
42593  8.178  -62.630  36.883 4.915114
42594  8.399  -62.002  36.753 5.003216
42595  7.174  -61.702  31.335 3.534493
42596  6.975  -62.394  31.471 3.709815
42597  6.839  -62.555  30.963 3.517205
42598  6.441  -63.383  30.594 3.467069
42599  6.712  -62.698  30.466 3.319041
42600  6.560  -62.752  29.966 3.120674
42601  6.954  -61.936  30.348 3.143704
44992  10.935  -58.126  36.202 3.997545
44993  10.478  -58.536  35.947 4.195289
44994  10.973  -58.048  35.910 3.988766
44995  11.636  -57.124  33.496 3.242795
44996  11.075  -57.550  33.645 3.403898
44997  10.897  -57.451  33.281 3.283137
44998  10.185  -57.838  33.041 3.321997
44999  10.766  -57.411  32.874 3.161795
45000  10.599  -57.409  32.454 3.038168
45001  11.363  -57.010  32.670 3.014875
46785  8.161  -66.829  40.187 2.608993
46786  8.635  -66.235  40.480 2.672848
46787  10.098  -62.827  40.247 3.410513
46788  9.747  -63.368  39.867 3.594283
46789  9.844  -62.820  39.769 3.652685
46790  9.576  -62.827  39.328 3.888647
46791  9.795  -62.321  39.688 3.669451
46795  10.551  -58.042  39.193 2.533794
46796  10.178  -58.518  39.237 2.619345
46797  10.290  -58.543  38.777 2.806814
46798  10.076  -59.042  38.468 3.125616
46799  10.388  -58.514  38.415 3.004106
46800  10.453  -58.535  38.051 3.205569
46801  10.752  -58.094  38.411 2.895116
49057  6.771  -67.571  37.795 3.111216
49058  6.811  -68.301  37.489 2.879751
49059  6.761  -67.602  37.403 3.172400
49060  7.253  -67.184  35.191 3.709409
49061  7.274  -68.033  35.154 3.394277
49062  7.362  -68.095  34.805 3.393217
49063  7.522  -68.985  34.452 3.058957
49064  7.407  -68.155  34.424 3.376542
49065  7.720  -61.366  34.364 4.720737
49066  7.569  -62.092  34.425 4.813493
49067  7.519  -62.103  34.106 4.716506
49068  6.701  -66.968  31.697 3.533175
49069  6.945  -66.808  32.168 3.639560
49070  6.858  -67.648  31.755 3.271373
49071  7.084  -68.283  31.863 2.973282
49072  7.003  -68.358  31.426 2.878070
49074  6.886  -68.461  30.981 2.783836
49075  7.310  -67.495  28.467 2.531388
54592  13.351  -56.446  35.803 3.212239
54593  12.831  -56.817  35.545 3.391709
54594  13.402  -56.364  35.381 3.192226
54595  13.873  -55.697  34.390 2.896040
54596  13.396  -56.194  34.557 3.095011
54597  13.350  -56.122  34.148 3.026875
54598  12.831  -56.470  33.892 3.124193
54599  13.283  -56.014  33.680 2.950451
54600  13.163  -55.913  33.252 2.867674
54601  13.732  -55.436  33.437 2.767057
56385  10.257  -64.707  41.600 2.598195
56388  10.502  -63.014  41.784 2.636078
56389  10.501  -62.493  41.647 2.679022
56390  10.449  -62.640  41.163 2.920509
56391  10.367  -62.080  41.505 2.696014
58657  7.307  -64.716  37.520 4.252059
58658  6.983  -65.435  37.210 4.067862
58659  7.233  -64.692  37.144 4.337444
58660  7.549  -63.874  36.366 4.685688
58661  7.335  -64.675  36.406 4.458547
58662  7.382  -64.649  36.097 4.495050
58663  7.273  -65.480  35.845 4.265082
58664  7.422  -64.678  35.782 4.516009
58665  7.436  -61.464  33.051 4.210788
58666  7.363  -62.177  33.110 4.360904
58667  7.280  -62.208  32.729 4.218596
58668  6.736  -63.900  31.541 3.930382
58669  6.892  -63.808  31.951 4.092759
58670  6.662  -64.673  31.543 3.943878
58671  6.677  -65.394  31.585 3.880595
58672  6.452  -65.538  31.118 3.736386
58673  6.261  -66.503  30.664 3.477280
58674  6.215  -65.652  30.648 3.582822
58675  5.997  -64.997  29.724 3.258562
58676  6.035  -65.781  29.770 3.262460
58677  5.957  -65.775  29.322 3.104235
58678  6.200  -66.556  28.907 2.925071
58679  5.980  -65.782  28.875 2.953129
58680  5.971  -65.807  28.429 2.813056
58681  5.871  -65.007  28.852 2.921062
58682  6.234  -62.950  29.007 2.746163
58683  5.932  -63.724  28.646 2.720673
58684  6.110  -63.059  28.483 2.580321
65857  9.403  -60.166  36.433 4.747958
65858  9.035  -60.612  36.244 4.907590
65859  9.350  -60.112  36.090 4.770031
65860  9.615  -59.376  35.394 4.481592
65861  9.222  -59.909  35.441 4.676007
65862  9.102  -59.838  35.047 4.576877
65863  8.620  -60.299  34.871 4.647421
65864  9.011  -59.771  34.758 4.456471
65865  11.684  -57.491  35.056 3.663194
65866  11.004  -57.894  35.220 3.859331
65867  11.082  -57.795  34.820 3.757704
65868  9.973  -58.507  33.906 3.769425
65869  9.999  -58.612  34.285 3.905060
65870  9.418  -59.067  34.010 3.973930
65871  8.851  -59.628  34.123 4.184927
65872  8.747  -59.546  33.800 4.043871
65873  8.083  -60.031  33.595 4.112041
65874  8.634  -59.487  33.470 3.901577
65875  8.826  -58.760  32.633 3.408836
65876  8.308  -59.355  32.802 3.608887
65877  8.117  -59.387  32.446 3.454590
65878  7.666  -60.093  32.126 3.495607
65879  8.010  -59.445  32.075 3.293021
65880  7.845  -59.549  31.680 3.124225
65881  8.496  -58.837  31.924 3.103051
65882  10.215  -57.469  31.680 2.776539
65883  9.493  -57.889  31.493 2.776018
65884  10.023  -57.543  31.282 2.636719
65886  10.579  -57.191  31.042 2.507241
65887  12.841  -55.748  32.357 2.684853
65888  12.288  -56.121  32.153 2.733333
65889  12.687  -55.682  31.914 2.583823
71237  7.571  -67.218  39.348 2.805950
71238  7.279  -67.934  39.060 2.651899
71239  7.288  -67.345  38.963 2.892503
71240  7.070  -67.502  38.559 2.971797
71241  7.339  -66.787  38.848 3.145428
71242  9.592  -64.915  40.464 3.010635
71243  9.054  -65.376  40.206 3.035702
71244  9.275  -64.945  40.060 3.209275
71245  8.770  -64.420  39.157 3.765193
71246  8.559  -64.986  39.242 3.577915
71247  8.212  -64.962  38.900 3.743740
71248  7.659  -65.541  38.674 3.656303
71249  7.867  -64.892  38.557 3.895023
71250  7.614  -64.822  38.232 4.030629
71251  8.086  -64.242  38.439 4.109149
71252  9.040  -62.644  38.552 4.326401
71253  8.621  -63.099  38.271 4.427873
71254  8.866  -62.501  38.131 4.518887
71255  8.722  -62.383  37.778 4.687002
71256  9.054  -61.928  37.981 4.559085
71263  9.867  -61.181  41.108 2.651110
71264  9.614  -60.745  40.827 2.594929
71268  9.597  -59.459  39.503 2.823894
71269  9.500  -59.531  39.889 2.626617
71270  9.527  -60.056  39.764 2.929331
71271  9.610  -60.649  40.025 3.025655
71272  9.567  -60.588  39.612 3.255755
71273  9.586  -61.115  39.407 3.584004
71274  9.528  -60.483  39.162 3.492300
71275  9.731  -59.986  38.057 3.840321
71276  9.518  -60.367  38.247 3.965295
71277  9.547  -60.383  37.849 4.186989
71278  9.349  -60.827  37.653 4.488271
71279  9.509  -60.327  37.426 4.385982
71280  9.483  -60.277  37.103 4.551650
71281  9.672  -59.863  37.307 4.250058
71282  10.556  -58.460  37.331 3.588397
71283  10.254  -58.805  37.053 3.921303
71284  10.669  -58.338  37.023 3.749450
71285  10.756  -58.270  36.752 3.876193
71286  11.194  -57.909  37.040 3.582404
71287  12.303  -56.804  38.898 2.516195
71288  11.834  -57.230  38.442 2.723857
71289  12.464  -56.786  38.495 2.657169
71290  13.298  -56.276  37.688 2.808931
71291  12.737  -56.756  37.732 2.919013
71292  12.870  -56.684  37.364 3.027821
71293  12.398  -57.113  37.047 3.268206
71294  13.046  -56.577  37.007 3.114475
71295  13.186  -56.523  36.598 3.174974
71296  13.629  -56.140  36.890 2.955138
71298  14.655  -55.146  36.696 2.599360
78060  6.904  -67.044  36.550 3.590850
78061  6.915  -67.774  36.604 3.278039
78062  7.012  -67.871  36.229 3.321222
78063  7.533  -69.557  35.237 2.773626
78064  7.442  -69.462  35.632 2.764322
78075  8.316  -61.398  35.879 5.035893
78076  8.134  -61.921  36.012 5.043003
78077  8.030  -61.865  35.636 5.017465
78078  7.615  -63.236  34.729 4.799600
78079  7.632  -63.159  35.147 4.842129
78080  7.558  -63.839  34.951 4.687886
78081  7.461  -64.593  35.095 4.512200
78082  7.483  -64.663  34.705 4.487535
78083  7.335  -63.621  33.201 4.485948
78084  7.415  -63.574  33.599 4.585674
78085  7.354  -64.343  33.277 4.440524
78086  7.249  -66.678  33.048 3.819733
78087  7.367  -65.790  33.447 4.133219
78088  7.267  -66.519  33.493 3.889468
78089  7.256  -66.405  33.943 3.943739
78090  7.219  -67.263  33.524 3.604325
78091  7.333  -68.087  33.573 3.294078
78092  7.225  -68.102  33.136 3.229728
78105  6.545  -67.933  29.920 2.859212
78106  7.122  -68.453  30.160 2.609867
78107  7.211  -68.329  29.768 2.534565
78127  6.219  -65.939  27.494 2.577876
78128  6.802  -66.413  27.215 2.511901
78142  7.503  -59.627  30.780 2.773370
78143  7.294  -60.498  30.322 2.772784
78144  7.379  -59.722  30.355 2.599037
92659  14.421  -55.407  35.486 2.795293
92660  13.936  -55.855  35.218 2.985605
92661  14.429  -55.316  35.058 2.769546
92662  14.408  -55.238  34.618 2.732806
92663  14.337  -55.109  34.117 2.686919
92664  14.237  -54.996  33.639 2.633055
95098  7.920  -63.411  37.322 4.686222
95099  7.529  -63.982  37.054 4.574780
95100  7.889  -63.310  36.996 4.770141
95101  7.804  -63.187  36.665 4.829107
95102  7.752  -63.148  36.304 4.864001
95103  7.314  -61.505  32.266 3.896039
95104  7.185  -62.264  32.319 4.062537
95105  7.085  -62.310  31.894 3.892535
95106  6.849  -63.121  31.539 3.847673
95107  6.571  -63.961  31.115 3.755007
95108  6.266  -64.831  30.656 3.612540
95109  6.337  -64.092  30.646 3.570235
95110  6.183  -64.170  30.159 3.380801
95111  6.074  -64.198  29.677 3.192160
95112  5.957  -64.249  29.242 3.009867
95113  6.207  -63.502  29.599 3.076591
95114  6.395  -62.856  29.482 2.927865
95115  6.608  -62.217  29.370 2.761798
99418  10.049  -59.008  36.300 4.399042
99419  9.700  -59.503  36.038 4.596708
99420  10.068  -58.980  36.000 4.401006
99421  10.040  -58.931  35.741 4.356175
99422  10.045  -58.875  35.381 4.273567
99423  11.703  -57.304  34.274 3.464570
99424  11.100  -57.710  34.446 3.643880
99425  11.084  -57.628  34.043 3.524617
99426  10.503  -58.020  33.753 3.578683
99427  9.829  -58.426  33.559 3.634167
99428  9.156  -58.875  33.372 3.694162
99429  9.669  -58.327  33.196 3.499418
99430  9.522  -58.266  32.793 3.363711
99431  9.367  -58.256  32.455 3.224832
99432  9.285  -58.258  32.090 3.080776
99433  9.893  -57.812  32.272 3.059222
99434  10.398  -57.404  32.057 2.910244
99435  10.963  -57.012  31.827 2.772924
102646  7.808  -67.484  39.892 2.508044
102647  7.823  -67.024  39.769 2.711562
102648  7.970  -66.568  39.608 2.927459
102649  9.937  -63.917  40.379 3.269994
102650  9.481  -64.458  39.968 3.365952
102651  9.619  -63.926  39.921 3.496858
102652  9.299  -63.895  39.482 3.715142
102653  8.957  -63.852  39.054 3.921908
102654  8.646  -63.779  38.700 4.114265
102655  9.157  -63.314  39.007 4.040248
102656  9.276  -62.760  38.956 4.114673
102657  9.364  -62.171  38.819 4.142466
102666  9.840  -58.994  39.289 2.718011
102667  9.693  -59.484  39.048 3.033876
102668  9.594  -59.904  38.879 3.378836
102669  9.784  -59.536  38.619 3.253366
102670  9.888  -59.521  38.249 3.477271
102671  9.902  -59.473  37.884 3.698234
102672  9.926  -59.417  37.544 3.906684
102673  10.184  -58.978  37.787 3.549556
102674  10.509  -58.530  37.703 3.403518
102675  10.945  -58.081  37.693 3.266648
102677  13.030  -56.356  38.480 2.594758
102678  13.576  -55.888  38.435 2.527873
102679  13.712  -55.843  38.044 2.615830
102680  13.858  -55.797  37.645 2.689332
102681  14.019  -55.736  37.223 2.746001
102682  14.375  -55.295  37.574 2.553704
106735  6.988  -68.811  38.043 2.563328
106737  6.955  -68.950  37.602 2.604540
106738  7.011  -69.046  37.183 2.644310
106739  7.104  -69.156  36.780 2.681899
106740  7.080  -67.180  35.861 3.672437
106741  7.115  -67.902  35.916 3.356264
106742  7.194  -67.993  35.538 3.381300
106743  7.379  -68.856  35.177 3.078278
106744  7.633  -69.601  34.897 2.769572
106746  7.716  -69.631  34.547 2.750170
106747  7.753  -69.629  34.181 2.714394
106748  7.792  -69.587  33.832 2.662473
106749  8.037  -61.425  35.106 4.916569
106750  7.920  -61.888  35.227 4.967585
106751  7.773  -61.992  34.832 4.898197
106752  7.637  -62.640  34.558 4.841631
106753  7.565  -63.349  34.334 4.742275
106754  7.128  -65.207  32.466 4.130761
106755  7.280  -65.127  32.898 4.233647
106756  7.116  -65.963  32.564 3.964596
106757  7.118  -66.765  32.584 3.735824
106758  7.118  -67.503  32.609 3.459427
106759  7.187  -68.160  32.697 3.152685
106760  7.098  -68.277  32.240 3.066024
106761  7.367  -68.852  32.023 2.657709
106767  6.867  -67.764  29.191 2.677328
116365  12.152  -57.281  36.078 3.602669
116366  11.547  -57.642  35.847 3.786266
116367  12.223  -57.224  35.706 3.588218
116368  12.285  -57.159  35.302 3.542739
116369  12.315  -57.090  34.887 3.473601
116370  13.421  -56.326  34.971 3.151565
116371  12.881  -56.660  34.716 3.286021
116372  12.316  -57.021  34.476 3.388350
116373  12.297  -56.895  34.085 3.293389
116374  12.262  -56.805  33.691 3.193111
116375  12.155  -56.728  33.277 3.089803
116376  12.020  -56.646  32.860 2.983921
116377  12.621  -56.317  33.046 2.937675
116378  12.980  -55.896  32.851 2.779222
116379  13.360  -55.353  32.555 2.609148
116380  14.110  -54.924  33.176 2.571656
116381  13.923  -54.862  32.725 2.502573
118874  9.395  -65.627  41.333 2.527182
118875  9.161  -65.718  40.837 2.693768
118876  9.739  -65.193  41.239 2.668714
118877  9.915  -64.781  41.054 2.805902
118878  10.056  -64.337  40.919 2.931436
118879  10.470  -63.493  41.910 2.570365
118880  10.385  -63.701  41.388 2.803199
118881  10.190  -63.828  40.864 3.037644
118882  10.245  -63.278  40.796 3.117453
118883  10.293  -62.751  40.693 3.165418
118884  10.175  -62.203  40.570 3.178606
118896  11.109  -57.704  38.804 2.629847
122056  6.865  -66.148  37.691 3.699493
122057  6.764  -66.888  37.345 3.474551
122058  6.826  -66.181  37.285 3.776586
122059  6.844  -66.233  36.868 3.843298
122060  6.931  -66.309  36.505 3.899648
122061  7.253  -64.669  36.755 4.406152
122062  7.104  -65.502  36.464 4.192793
122063  7.067  -66.372  36.154 3.945326
122064  7.162  -66.400  35.821 3.979655
122065  7.238  -66.346  35.520 4.001630
122066  7.304  -66.316  35.176 4.010066
122067  7.595  -61.389  33.710 4.482776
122068  7.482  -62.087  33.799 4.608783
122069  7.441  -62.099  33.473 4.490530
122070  7.342  -62.873  33.147 4.457039
122071  7.214  -63.677  32.788 4.370937
122072  7.106  -63.003  32.348 4.182518
122073  7.069  -63.756  32.358 4.239913
122074  7.061  -64.513  32.403 4.223867
122075  6.917  -65.344  32.027 4.012702
122076  6.677  -66.204  31.629 3.740972
122077  6.544  -67.036  31.237 3.419187
122078  6.542  -67.799  30.852 3.063576
122079  6.391  -67.091  30.803 3.300306
122080  6.315  -67.218  30.291 3.179356
122081  6.260  -67.241  29.855 3.059206
122082  6.135  -65.698  30.224 3.423463
122083  6.143  -66.520  29.814 3.196101
122084  6.366  -67.255  29.431 2.942655
122085  6.498  -67.225  29.007 2.832333
122086  6.618  -67.208  28.565 2.730612
122087  6.841  -67.045  28.226 2.639445
122088  7.031  -66.940  27.823 2.560305
122089  6.425  -66.498  28.056 2.690720
122090  6.096  -65.880  27.963 2.687194
122091  5.894  -65.235  27.877 2.636039
122092  5.883  -64.339  28.776 2.839048
122093  5.780  -64.490  28.264 2.684009
122094  5.782  -64.649  27.728 2.547976
131803  8.944  -61.051  36.795 4.949102
131804  8.594  -61.468  36.617 5.030652
131805  8.805  -60.972  36.435 4.997351
131806  8.666  -61.009  36.094 5.001661
131807  8.556  -60.967  35.726 4.966444
131808  9.296  -60.031  35.776 4.743643
131809  8.860  -60.478  35.555 4.842454
131810  8.438  -60.892  35.355 4.898549
131811  8.299  -60.846  35.013 4.805859
131812  8.144  -60.780  34.668 4.695868
131813  7.981  -60.721  34.282 4.574571
131814  10.983  -57.996  35.576 3.939699
131815  10.503  -58.348  35.316 4.063652
131816  10.056  -58.791  35.028 4.164145
131817  10.543  -58.170  34.579 3.835197
131818  10.012  -58.705  34.654 4.038479
131819  9.491  -59.233  34.707 4.248860
131820  8.906  -59.689  34.441 4.323671
131821  8.360  -60.160  34.204 4.390348
131822  7.881  -60.723  33.945 4.445851
131823  7.769  -60.695  33.651 4.311430
131824  7.655  -60.699  33.326 4.171184
131825  7.602  -60.722  32.980 4.023798
131826  8.467  -59.392  33.151 3.757217
131827  7.878  -60.027  32.921 3.817856
131828  7.527  -60.721  32.644 3.867581
131829  7.469  -60.746  32.225 3.701292
131830  7.403  -60.834  31.770 3.524832
131831  7.361  -60.951  31.310 3.339704
131832  7.255  -61.091  30.818 3.149031
131833  7.486  -60.323  31.259 3.140982
131834  7.670  -59.595  31.210 2.949910
131835  7.992  -58.890  31.124 2.773564
131836  9.010  -58.314  31.714 2.930522
131837  8.769  -58.364  31.321 2.774500
131838  8.485  -58.361  30.963 2.614871
131842  11.852  -56.575  32.435 2.874627
131843  11.643  -56.544  31.994 2.760502
131844  11.467  -56.606  31.609 2.640260
131846  11.904  -56.148  31.342 2.504674
131847  11.283  -56.673  31.206 2.513413
138591  7.083  -68.678  38.452 2.520788
138592  6.905  -68.215  38.255 2.773575
138593  6.868  -67.586  38.195 3.044488
138594  6.884  -66.878  38.120 3.326767
138595  8.846  -65.800  40.352 2.854198
138596  8.480  -65.937  39.884 3.006569
138597  8.101  -66.040  39.492 3.149432
138598  8.924  -64.987  39.614 3.399127
138599  8.314  -65.518  39.361 3.369385
138600  7.769  -66.120  39.112 3.281807
138601  7.470  -66.179  38.764 3.403091
138602  7.198  -66.185  38.405 3.513046
138603  6.983  -66.150  38.053 3.611761
138604  7.173  -65.439  37.999 3.889571
138605  7.416  -64.749  37.912 4.149771
138606  7.708  -64.082  37.767 4.382162
138607  8.366  -63.661  38.349 4.289368
138608  8.169  -63.587  38.002 4.444508
138609  8.004  -63.534  37.631 4.577371
138610  8.322  -62.884  37.557 4.727390
138611  8.590  -62.281  37.437 4.825962
138612  8.837  -61.722  37.284 4.869124
138619  10.136  -61.593  41.318 2.686155
138620  10.089  -61.645  40.879 2.918259
138621  9.962  -61.726  40.464 3.157114
138627  9.440  -60.195  40.534 2.523504
138628  9.638  -60.709  40.420 2.804798
138629  9.771  -61.198  40.272 3.104176
138630  9.860  -61.788  40.031 3.400376
138631  9.703  -61.736  39.588 3.645264
138632  9.568  -61.679  39.145 3.888123
138633  9.408  -61.562  38.652 4.124008
138634  9.511  -60.382  38.670 3.730925
138635  9.431  -60.942  38.457 4.062804
138636  9.296  -61.466  38.218 4.346508
138637  9.204  -61.369  37.832 4.547981
138638  9.133  -61.270  37.480 4.720286
138639  9.083  -61.174  37.128 4.855865
138640  9.267  -60.682  36.951 4.788834
138641  9.476  -60.230  36.756 4.674479
138642  9.729  -59.680  36.658 4.522717
138643  9.956  -59.329  37.183 4.091409
138644  9.991  -59.229  36.867 4.240942
138645  10.037  -59.117  36.581 4.345475
138646  10.399  -58.632  36.508 4.154727
138647  10.850  -58.190  36.466 3.960319
138648  11.412  -57.742  36.449 3.768350
138649  11.242  -57.669  38.413 2.801839
138650  11.353  -57.632  38.033 2.974913
138651  11.527  -57.601  37.718 3.141736
138652  12.609  -56.770  38.108 2.793457
138653  12.181  -57.132  37.714 3.027499
138654  11.688  -57.516  37.368 3.293875
138655  11.776  -57.486  37.036 3.422558
138656  11.923  -57.426  36.727 3.519963
138657  12.092  -57.350  36.400 3.580623
138658  12.719  -56.912  36.308 3.395088
138659  13.289  -56.481  36.189 3.207399
138660  13.847  -56.003  36.068 3.012766
138661  14.171  -55.659  36.805 2.784548
138662  14.294  -55.575  36.387 2.804827
138663  14.372  -55.490  35.927 2.807811
138664  14.837  -54.958  35.770 2.591658
146896  6.806  -67.659  37.006 3.228126
146897  6.971  -68.494  36.682 2.971985
146898  7.201  -69.282  36.375 2.715866
146899  7.206  -68.660  35.953 3.043284
146900  7.325  -69.363  36.025 2.744169
146914  8.264  -61.954  36.386 5.039503
146915  7.947  -62.500  36.178 4.985045
146916  7.658  -63.081  35.904 4.876411
146917  7.775  -62.496  35.392 4.951976
146918  7.671  -63.112  35.530 4.868392
146919  7.562  -63.853  35.664 4.720530
146920  7.452  -64.677  35.437 4.521677
146921  7.362  -65.462  35.150 4.282193
146922  7.328  -66.364  34.791 4.003791
146923  7.427  -62.854  33.860 4.674720
146924  7.468  -63.473  33.950 4.670937
146925  7.543  -64.091  34.107 4.594180
146926  7.402  -65.038  33.371 4.320773
146927  7.491  -64.909  33.806 4.392035
146928  7.494  -64.817  34.250 4.447549
146929  7.389  -65.602  34.341 4.239418
146930  7.316  -66.424  34.383 3.981858
146931  7.332  -67.266  34.413 3.689169
146932  7.412  -68.112  34.015 3.343439
146933  7.544  -68.872  33.717 2.975068
146934  7.781  -69.488  33.484 2.595994
146935  7.420  -68.775  32.857 2.833312
146936  7.764  -69.366  33.114 2.517851
146950  7.036  -68.438  30.589 2.693604
146995  7.163  -61.242  30.305 2.957316
146996  6.986  -61.411  29.810 2.769788
146997  6.829  -61.466  29.321 2.591847
