#!ascii label  , from subject fsaverage vox2ras=TkReg coords=white
1141
64  -50.602  -63.343  37.110 8.437772
68  -36.981  -69.293  47.104 8.714011
295  -39.351  -71.900  38.658 8.349569
296  -33.527  -79.839  39.668 9.830435
297  -42.051  -77.065  30.217 8.064804
404  -40.526  -65.433  35.194 8.035437
412  -44.064  -66.694  44.148 9.821662
914  -46.707  -65.242  36.176 9.052139
927  -47.896  -65.062  40.550 10.205256
928  -43.352  -66.151  39.527 10.273203
1247  -33.150  -69.832  44.627 8.116737
1683  -38.452  -71.793  44.975 10.765388
1684  -34.382  -74.800  46.200 10.941893
1685  -37.094  -75.904  39.494 9.376089
1686  -36.966  -78.854  34.254 9.338238
1922  -40.464  -68.051  46.592 8.952206
1923  -40.658  -69.172  42.439 9.932394
1924  -39.690  -68.613  36.989 8.702079
2330  -30.764  -74.875  44.455 8.685047
2834  -49.219  -64.881  36.316 9.071942
2835  -48.796  -64.663  34.451 8.017782
2836  -50.798  -63.864  34.704 8.028047
2845  -49.696  -62.241  40.073 8.275009
2846  -48.565  -63.067  41.531 9.050275
2847  -49.388  -64.302  38.777 9.522747
2848  -47.819  -65.464  38.291 10.127381
3167  -34.990  -69.859  45.879 8.542110
3765  -39.039  -72.071  41.807 9.591152
3766  -38.028  -73.760  42.655 10.259673
3767  -38.472  -73.814  39.108 8.756253
3769  -38.921  -76.838  34.154 8.416129
3770  -39.534  -77.856  32.206 8.883895
3771  -36.563  -79.374  32.078 9.763110
3772  -38.967  -77.963  30.300 9.151993
3774  -40.758  -77.210  28.864 8.183763
4218  -45.293  -65.201  44.479 8.990070
4220  -43.312  -65.748  45.715 8.432044
4222  -42.045  -67.373  45.405 9.332237
4223  -40.628  -68.878  44.655 10.039845
4224  -42.090  -67.819  43.356 10.199489
4225  -42.035  -65.806  37.608 9.321450
4226  -40.855  -67.349  38.769 9.507375
4227  -39.913  -66.956  36.249 8.716072
4228  -39.028  -68.556  34.379 8.116846
5183  -33.584  -77.625  43.232 10.346415
5184  -31.946  -75.471  45.808 9.920024
5185  -31.876  -78.237  42.165 9.586010
6254  -43.543  -64.810  35.760 8.528472
6276  -47.152  -64.215  43.003 9.271875
6277  -46.263  -65.954  42.484 10.215028
6278  -44.216  -66.817  41.813 10.519547
6279  -46.266  -66.118  40.109 10.624757
6280  -45.369  -65.611  37.896 9.950158
6854  -33.419  -81.997  36.219 9.847816
6855  -31.924  -80.975  38.262 9.445984
7767  -37.932  -70.704  47.268 10.534062
7768  -35.967  -72.028  47.323 10.464567
7769  -36.958  -73.190  45.942 11.248801
7770  -36.086  -75.680  43.207 10.633613
7771  -35.424  -77.908  39.821 9.808913
7772  -37.930  -75.450  36.363 8.261332
7773  -36.800  -77.301  36.756 9.023580
7774  -35.205  -79.629  36.849 9.638056
7775  -35.090  -81.271  34.032 9.958761
8372  -38.823  -68.646  47.263 8.779108
8373  -39.423  -69.810  46.150 10.217224
8374  -39.644  -70.438  43.485 10.147889
8375  -39.910  -70.604  40.786 9.204272
8376  -41.621  -67.427  41.173 10.107477
8377  -40.375  -68.849  39.925 9.279711
8378  -39.590  -70.185  37.817 8.388966
9548  -33.477  -72.773  46.697 9.751451
9549  -31.473  -72.706  45.724 8.658639
9551  -31.223  -77.985  40.255 8.638466
10514  -50.103  -64.272  36.601 8.827729
10515  -50.113  -64.490  35.577 8.511380
10516  -50.765  -63.669  35.850 8.288836
10525  -50.214  -62.845  38.617 8.440422
10526  -49.661  -63.353  39.338 8.956021
10527  -50.056  -63.854  38.005 8.989997
10528  -49.488  -64.651  37.518 9.401947
10847  -35.864  -69.570  46.586 8.653645
11445  -39.416  -71.967  40.173 8.918476
11446  -38.968  -72.797  40.568 9.170250
11447  -39.022  -72.879  38.820 8.503860
11449  -40.916  -77.198  31.983 8.342696
11450  -40.772  -77.439  31.194 8.525840
11451  -39.219  -77.930  31.295 9.060135
11452  -40.293  -77.455  30.495 8.646182
11453  -39.940  -77.576  29.632 8.700866
11454  -41.442  -77.166  29.624 8.142059
11898  -44.807  -66.032  44.360 9.442627
11899  -44.299  -65.525  45.126 8.734849
11900  -43.775  -66.318  44.995 9.173857
11901  -42.801  -66.571  45.638 8.880558
11902  -42.974  -67.028  44.753 9.574504
11903  -42.074  -67.690  44.333 9.892887
11904  -43.098  -67.320  43.776 10.086573
11905  -41.229  -65.557  36.382 8.692349
11906  -40.748  -66.228  37.059 9.001457
11907  -40.133  -66.114  35.709 8.455630
11908  -39.307  -66.989  34.958 8.257849
12863  -33.590  -78.881  41.355 10.025047
12864  -32.577  -78.158  42.782 10.003886
12865  -32.684  -79.431  40.893 9.788439
14264  -45.328  -65.017  35.941 8.822846
14265  -44.853  -64.456  34.856 8.025710
14266  -46.423  -64.725  35.165 8.310351
14298  -48.354  -64.159  41.038 9.702525
14299  -47.894  -63.641  42.247 9.237524
14300  -47.680  -64.608  41.868 9.833408
14301  -46.800  -65.180  42.733 9.807606
14302  -47.151  -65.481  41.492 10.283850
14303  -46.363  -66.143  41.341 10.554327
14304  -47.169  -65.748  40.363 10.518867
14305  -47.333  -65.453  37.233 9.685278
14306  -46.655  -65.673  38.041 10.126884
14307  -45.964  -65.482  37.085 9.553468
14308  -44.497  -65.284  36.862 9.294470
17055  -38.236  -71.310  46.307 10.894647
17056  -37.382  -71.968  46.726 11.081239
17057  -37.796  -72.519  45.425 11.074151
17058  -37.641  -74.904  41.141 9.797688
17059  -37.213  -74.762  42.904 10.520427
17060  -36.723  -75.860  41.387 10.041938
17061  -35.643  -76.952  41.445 10.168400
17062  -36.249  -76.888  39.579 9.636853
17066  -38.068  -77.843  34.195 8.895030
17067  -37.659  -77.058  35.327 8.699081
17068  -36.860  -78.119  35.469 9.124335
17069  -36.077  -78.434  36.860 9.369252
17070  -35.935  -79.286  35.480 9.495053
17071  -34.968  -80.548  35.291 9.773902
17072  -35.860  -79.948  34.256 9.703443
18423  -41.047  -67.050  46.522 8.308085
18425  -40.153  -67.292  46.723 8.073482
18427  -39.665  -68.350  47.032 8.841096
18428  -39.155  -69.357  47.043 9.656020
18429  -39.935  -68.968  46.493 9.622883
18430  -40.646  -69.152  43.575 10.111276
18431  -40.068  -69.634  44.116 10.184419
18432  -40.234  -69.748  42.943 9.978685
18433  -39.823  -70.585  42.082 9.708244
18434  -40.301  -69.852  41.709 9.604496
18435  -43.892  -66.459  40.658 10.505546
18436  -42.849  -66.965  41.494 10.392197
18437  -42.408  -66.704  40.417 10.224711
18438  -40.257  -67.991  38.008 9.101101
18439  -40.661  -68.029  39.278 9.409581
18440  -40.178  -68.764  38.394 8.971881
18441  -39.956  -69.521  38.859 8.829933
18442  -39.564  -69.420  37.319 8.540572
18443  -39.161  -70.113  36.372 8.114033
18444  -39.275  -69.318  36.001 8.296086
21308  -35.136  -73.443  46.985 10.893905
21309  -34.725  -72.502  47.116 10.179367
21310  -33.788  -73.891  46.950 10.492998
21311  -31.320  -75.195  45.187 9.305331
21312  -31.674  -73.982  46.076 9.342036
21313  -30.840  -73.856  45.509 8.709903
21314  -30.723  -72.432  45.111 8.068373
21315  -30.226  -73.382  44.859 8.083243
21317  -31.499  -79.755  38.958 9.096458
23534  -48.079  -65.148  36.277 9.146864
23535  -47.843  -64.849  35.341 8.517575
23536  -49.082  -64.923  35.391 8.590980
23537  -49.909  -64.491  34.631 8.088835
23554  -48.628  -61.917  42.182 8.304636
23555  -49.162  -62.677  40.835 8.714705
23556  -48.988  -63.826  40.130 9.400266
23557  -48.702  -64.727  39.613 9.947974
23558  -47.982  -65.341  39.438 10.311057
23559  -48.769  -65.019  38.452 9.924002
23560  -48.564  -65.142  37.258 9.639408
24133  -34.037  -69.908  45.216 8.365295
25209  -38.684  -71.961  43.417 10.264888
25210  -38.162  -72.820  43.894 10.623110
25211  -38.585  -72.862  42.250 9.921526
25212  -38.331  -73.753  40.902 9.484715
25213  -37.853  -74.881  39.276 9.064976
25216  -40.508  -76.596  32.944 8.129895
25217  -39.460  -77.575  33.111 8.648990
25218  -38.175  -78.453  33.283 9.145804
25219  -36.812  -79.325  33.317 9.576884
25220  -37.920  -78.606  32.325 9.369179
25221  -37.821  -78.585  31.130 9.511277
25222  -37.507  -78.582  30.001 9.554605
25224  -38.459  -78.033  29.317 9.162775
25225  -39.209  -77.614  28.661 8.703156
25226  -39.818  -77.245  27.912 8.203520
26024  -45.574  -64.271  44.298 8.497055
26026  -44.649  -64.685  44.900 8.287700
26027  -43.598  -64.950  45.507 8.013430
26030  -42.370  -65.925  46.155 8.099264
26031  -41.929  -66.822  46.237 8.584315
26032  -41.199  -67.723  46.022 9.118635
26033  -40.630  -68.563  45.768 9.646169
26034  -41.307  -68.053  45.054 9.738741
26035  -41.210  -68.354  43.995 10.082120
26036  -41.194  -68.471  42.982 10.143315
26037  -42.774  -65.929  38.616 9.864226
26038  -41.936  -66.586  39.256 9.911631
26039  -41.315  -66.459  38.315 9.495207
26040  -40.421  -67.044  37.580 9.132861
26041  -39.720  -67.765  36.633 8.787027
26042  -39.227  -68.486  35.681 8.433526
26043  -39.285  -67.713  35.344 8.439277
26044  -38.866  -67.796  34.082 8.039305
27761  -33.822  -76.219  44.867 10.703585
27762  -32.928  -75.364  46.055 10.487411
27763  -32.614  -76.702  44.765 10.275458
27764  -31.743  -76.774  44.253 9.760144
27765  -31.231  -76.433  43.479 9.207688
29954  -41.907  -65.022  35.549 8.247981
30001  -46.397  -62.359  43.464 8.037689
30002  -47.925  -62.400  42.722 8.543322
30003  -47.287  -62.995  43.234 8.647628
30004  -46.496  -63.687  43.669 8.624691
30005  -46.309  -64.784  43.730 9.178240
30006  -45.877  -65.711  43.544 9.664062
30007  -45.166  -66.417  43.451 10.046477
30008  -44.291  -66.869  43.048 10.288571
30009  -45.389  -66.493  42.204 10.460130
30010  -45.358  -66.509  40.978 10.626632
30011  -44.960  -66.122  39.758 10.530643
30012  -47.070  -65.786  39.089 10.464979
30013  -45.886  -65.831  38.806 10.413660
30014  -44.368  -65.747  38.632 10.192839
30015  -43.677  -65.623  37.834 9.657098
30016  -42.819  -65.198  36.707 8.983768
31352  -33.457  -80.931  37.926 9.782418
31353  -32.643  -80.539  39.138 9.684518
31354  -32.610  -81.767  37.289 9.690550
33699  -37.520  -70.102  47.518 9.738088
33700  -36.490  -70.595  47.341 9.688995
33701  -36.989  -71.359  47.421 10.578295
33702  -36.442  -72.666  46.942 11.095833
33703  -35.720  -74.065  46.173 11.210421
33704  -37.511  -73.578  44.350 10.917605
33705  -36.463  -74.477  44.704 11.054584
33706  -35.157  -75.368  44.927 10.980778
33707  -34.756  -76.698  43.350 10.570226
33708  -34.531  -78.000  41.537 10.159470
33709  -34.458  -78.913  39.892 9.874152
33710  -38.365  -73.848  37.421 8.157768
33711  -38.049  -74.736  37.726 8.432360
33712  -37.520  -75.689  37.901 8.762904
33713  -38.265  -76.147  35.135 8.264823
33714  -37.404  -76.295  36.569 8.639172
33715  -36.899  -76.556  38.075 9.102171
33716  -36.187  -77.573  38.133 9.403924
33717  -35.360  -78.702  38.328 9.631744
33718  -34.349  -79.909  38.221 9.761831
33719  -34.252  -80.857  36.738 9.802726
33720  -34.199  -81.791  35.119 9.935403
33722  -35.820  -80.364  33.023 9.907527
35402  -37.988  -69.025  47.332 8.746210
35403  -38.420  -69.720  47.349 9.711001
35404  -38.733  -70.363  46.761 10.388177
35405  -38.897  -70.839  45.588 10.624806
35406  -40.041  -69.361  45.405 10.087995
35407  -39.493  -70.218  44.868 10.365639
35408  -39.012  -71.107  44.273 10.427156
35409  -39.224  -71.313  42.760 9.937823
35410  -39.520  -71.393  41.226 9.338940
35411  -39.686  -71.215  39.765 8.772766
35412  -43.132  -67.220  42.658 10.359877
35413  -41.941  -67.689  42.267 10.252279
35414  -41.077  -68.355  41.908 9.989754
35415  -41.240  -67.300  40.008 9.840098
35416  -40.895  -68.096  40.663 9.718369
35417  -40.596  -69.025  41.201 9.619939
35418  -40.146  -69.729  40.360 9.193122
35419  -39.818  -70.411  39.313 8.748283
35420  -39.508  -71.040  38.273 8.313365
35424  -39.100  -69.395  34.756 8.035223
38882  -35.512  -71.032  46.869 9.533210
38883  -34.394  -71.339  46.311 9.266434
38884  -33.202  -71.272  45.729 8.904409
38885  -32.543  -74.094  46.587 9.953226
38886  -32.348  -72.745  46.186 9.229457
38887  -32.308  -71.380  45.276 8.470695
38891  -32.001  -79.656  40.098 9.472893
38892  -31.502  -78.118  41.273 9.124668
38893  -30.945  -76.269  42.626 8.647025
38895  -30.662  -76.068  41.790 8.090602
38896  -30.255  -74.443  43.725 8.078017
41234  -50.404  -63.819  36.862 8.648985
41235  -50.478  -63.970  36.237 8.549118
41236  -50.708  -63.497  36.462 8.379456
41245  -50.432  -63.084  37.845 8.459314
41246  -50.205  -63.330  38.305 8.729508
41247  -50.338  -63.602  37.568 8.710779
41248  -50.120  -64.084  37.295 8.931174
41565  -36.760  -68.796  46.717 8.193398
41566  -36.232  -68.878  46.440 8.176246
41567  -36.417  -69.446  46.885 8.689005
42165  -39.428  -71.892  39.410 8.617567
42166  -39.249  -72.335  39.531 8.706544
42167  -39.184  -72.385  38.718 8.412615
42168  -42.294  -76.946  30.591 8.009569
42169  -41.612  -77.130  31.053 8.238094
42170  -41.440  -77.230  30.720 8.307690
42171  -40.549  -77.481  30.855 8.594653
42172  -41.158  -77.277  30.380 8.362928
42173  -40.893  -77.323  30.032 8.403920
42174  -41.744  -77.118  29.967 8.108700
42618  -44.442  -66.387  44.260 9.643740
42619  -44.288  -66.166  44.681 9.312648
42620  -43.925  -66.526  44.581 9.515406
42621  -43.430  -66.690  44.960 9.381456
42622  -43.518  -66.837  44.451 9.699093
42623  -43.037  -67.167  44.252 9.858053
42624  -43.606  -66.986  43.989 9.971044
42625  -40.866  -65.479  35.791 8.363361
42626  -40.651  -65.792  36.060 8.566883
42627  -40.302  -65.755  35.469 8.261433
42628  -39.749  -66.088  35.196 8.174380
43583  -33.581  -79.318  40.527 9.909104
43584  -33.136  -79.232  41.104 9.917986
43585  -33.099  -79.692  40.376 9.826860
44984  -46.011  -65.178  36.064 8.950554
44985  -45.923  -64.888  35.552 8.567321
44986  -46.620  -65.027  35.706 8.689533
45018  -48.180  -64.639  40.769 9.975534
45019  -48.037  -64.365  41.434 9.789361
45020  -47.867  -64.799  41.124 10.048862
45021  -47.466  -65.073  41.645 10.079296
45022  -47.550  -65.239  40.996 10.265672
45023  -47.196  -65.608  40.898 10.435684
45024  -47.579  -65.397  40.418 10.387406
45025  -47.006  -65.386  36.688 9.387552
45026  -46.627  -65.515  37.222 9.639233
45027  -46.307  -65.377  36.610 9.311559
45028  -45.605  -65.312  36.431 9.202264
47775  -38.342  -71.576  45.689 10.887197
47776  -37.979  -71.939  45.901 11.028404
47777  -38.128  -72.177  45.177 10.930058
47778  -37.327  -75.409  40.279 9.573949
47779  -37.150  -75.410  41.242 9.932161
47780  -36.923  -75.904  40.320 9.708834
47781  -36.454  -76.415  40.371 9.822334
47782  -36.693  -76.388  39.521 9.515648
47786  -37.448  -78.368  34.225 9.123941
47787  -37.417  -77.975  34.795 9.009222
47788  -36.874  -78.528  34.815 9.222549
47789  -36.395  -78.688  35.468 9.319118
47790  -36.460  -79.036  34.813 9.419246
47791  -35.882  -79.628  34.880 9.594523
47792  -36.428  -79.363  34.282 9.532847
49143  -40.745  -67.547  46.524 8.621601
49144  -40.600  -67.184  46.658 8.184407
49145  -40.329  -67.702  46.776 8.526278
49146  -39.892  -67.818  46.915 8.444784
49147  -40.077  -68.213  46.863 8.889790
49148  -39.830  -68.696  46.839 9.263599
49149  -40.182  -68.518  46.585 9.290048
49150  -40.662  -69.181  43.013 10.046158
49151  -40.392  -69.417  43.302 10.064213
49152  -40.433  -69.500  42.694 9.940725
49153  -40.293  -69.831  42.316 9.803706
49154  -40.427  -69.543  42.101 9.780216
49155  -43.622  -66.313  40.080 10.414115
49156  -43.146  -66.526  40.540 10.381887
49157  -42.854  -66.427  39.980 10.261721
49158  -39.962  -68.320  37.507 8.901293
49159  -40.252  -68.406  38.214 9.043401
49160  -39.964  -68.743  37.669 8.833851
49161  -39.846  -69.090  37.830 8.755372
49162  -39.641  -69.030  37.145 8.625276
49163  -39.350  -69.315  36.672 8.416168
49164  -39.432  -68.903  36.495 8.501319
52028  -34.712  -74.151  46.738 10.962305
52029  -34.469  -73.720  47.019 10.715186
52030  -34.008  -74.371  46.740 10.764153
52031  -31.043  -75.107  44.806 8.994243
52032  -31.102  -74.566  45.479 9.019331
52033  -30.741  -74.333  45.149 8.702789
52034  -30.461  -73.588  45.246 8.395004
52035  -30.386  -74.050  44.803 8.389439
54584  -48.704  -65.089  36.297 9.131364
54585  -48.608  -65.038  35.797 8.866224
54586  -49.193  -64.954  35.867 8.846478
54587  -50.409  -64.216  35.211 8.256850
54588  -49.978  -64.540  35.166 8.310644
54589  -50.420  -64.259  34.689 8.074424
54615  -49.411  -61.867  40.775 8.131454
54616  -49.139  -62.087  41.187 8.339343
54617  -49.435  -62.429  40.483 8.503712
54618  -49.556  -63.811  39.049 9.257234
54619  -49.334  -63.630  39.708 9.192189
54620  -49.221  -64.114  39.422 9.492249
54621  -48.861  -64.273  39.853 9.694706
54622  -49.056  -64.524  39.188 9.753567
54623  -48.764  -64.862  39.055 9.970449
54624  -49.175  -64.722  38.538 9.746597
54625  -49.382  -64.778  36.875 9.259706
54626  -49.058  -64.946  37.369 9.544168
54627  -48.949  -65.047  36.733 9.360170
54628  -48.343  -65.198  36.766 9.414871
55578  -35.285  -69.095  45.781 8.125753
55580  -34.857  -69.194  45.431 8.086499
55581  -34.417  -69.269  45.046 8.034308
55582  -34.473  -69.893  45.595 8.462362
57375  -38.811  -72.060  42.657 9.937345
57376  -38.582  -72.473  42.875 10.111218
57377  -38.837  -72.439  42.028 9.750371
57378  -38.733  -73.275  39.884 8.956936
57379  -38.680  -73.208  40.750 9.323336
57380  -38.425  -73.771  39.955 9.107514
57381  -38.143  -74.360  39.965 9.265760
57382  -38.198  -74.338  39.160 8.906740
57386  -40.214  -77.581  32.082 8.617734
57387  -40.203  -77.400  32.538 8.505885
57388  -39.531  -77.773  32.640 8.770680
57389  -38.805  -78.010  33.171 8.903003
57390  -38.816  -78.168  32.748 9.025563
57391  -38.057  -78.576  32.831 9.265171
57392  -38.678  -78.236  32.324 9.135934
57393  -39.089  -77.947  30.807 9.116904
57394  -38.524  -78.251  31.237 9.297995
57395  -38.391  -78.269  30.737 9.344386
57396  -37.704  -78.519  30.596 9.545196
57397  -38.217  -78.222  30.161 9.367517
57398  -38.010  -78.239  29.656 9.368900
57399  -38.690  -77.996  29.824 9.166626
57400  -40.366  -77.386  29.241 8.448760
57401  -39.570  -77.598  29.179 8.707535
57402  -39.950  -77.399  28.825 8.456414
57403  -39.559  -77.409  28.307 8.456657
57404  -40.304  -77.228  28.441 8.195617
58733  -45.450  -64.731  44.411 8.746851
58734  -45.122  -64.499  44.593 8.401353
58735  -44.988  -64.924  44.740 8.637033
58736  -43.790  -65.681  45.434 8.588378
58737  -43.963  -65.278  45.402 8.370762
58738  -43.453  -65.363  45.648 8.218204
58740  -42.989  -65.417  45.867 8.055125
58742  -42.840  -65.851  45.935 8.268217
58743  -42.411  -66.995  45.561 9.108567
58744  -42.358  -66.708  45.983 8.731389
58745  -41.992  -67.121  45.890 8.975384
58746  -41.586  -67.263  46.123 8.848111
58747  -41.627  -67.528  45.735 9.220515
58748  -41.272  -67.898  45.597 9.459535
58749  -41.690  -67.714  45.238 9.544805
58750  -42.102  -67.787  43.853 10.079578
58751  -41.635  -68.009  44.168 10.006189
58752  -41.626  -68.116  43.681 10.133070
58753  -41.190  -68.455  43.513 10.145048
58754  -41.570  -68.108  43.210 10.192427
58755  -42.443  -65.950  38.159 9.606799
58756  -42.012  -66.207  38.488 9.681064
58757  -41.645  -66.109  37.971 9.429951
58758  -40.313  -66.559  36.655 8.855111
58759  -40.555  -66.589  37.325 9.089903
58760  -40.171  -66.938  36.918 8.930019
58761  -40.044  -67.403  37.154 8.958768
58762  -39.813  -67.358  36.452 8.774631
58763  -39.493  -67.728  35.977 8.619039
58764  -39.588  -67.329  35.813 8.579661
58765  -38.975  -67.023  34.354 8.018561
58766  -38.987  -67.422  34.492 8.156013
61628  -33.631  -76.871  44.119 10.529063
61629  -33.132  -76.532  44.922 10.504298
61630  -33.057  -77.228  43.950 10.346920
61631  -32.166  -78.229  42.523 9.802003
61632  -32.098  -77.586  43.513 9.910760
61633  -31.812  -77.526  43.216 9.669021
61634  -31.471  -76.670  43.865 9.486256
61635  -31.591  -77.403  42.781 9.417947
65834  -42.711  -64.864  35.652 8.382124
65836  -43.296  -64.647  35.210 8.132526
65842  -48.344  -64.792  34.968 8.259852
65843  -47.688  -64.647  34.937 8.173878
65932  -46.840  -62.005  43.437 8.022568
65933  -48.617  -62.512  41.834 8.685108
65934  -48.311  -62.123  42.496 8.440123
65935  -48.269  -62.737  42.162 8.810370
65936  -47.551  -63.929  42.624 9.272746
65937  -47.594  -63.310  42.840 8.951436
65938  -47.283  -63.659  43.134 8.968127
65939  -46.938  -63.377  43.358 8.650801
65940  -46.926  -64.009  43.439 8.952362
65941  -46.455  -64.275  43.792 8.907815
65942  -46.758  -64.517  43.370 9.238924
65943  -46.555  -65.594  42.592 10.029619
65944  -46.335  -65.456  43.125 9.747850
65945  -46.109  -65.842  43.022 9.960917
65946  -45.573  -66.110  43.485 9.870485
65947  -45.760  -66.190  42.963 10.140254
65948  -45.331  -66.439  42.873 10.281552
65949  -45.863  -66.248  42.385 10.359723
65950  -46.324  -66.183  40.727 10.625049
65951  -45.890  -66.363  41.165 10.615594
65952  -45.840  -66.365  40.507 10.642699
65953  -45.163  -66.334  40.371 10.610805
65954  -45.647  -66.135  39.885 10.601038
65955  -47.946  -65.426  38.832 10.254636
65956  -47.544  -65.597  39.288 10.414720
65957  -47.421  -65.647  38.699 10.317917
65958  -46.018  -65.644  37.971 10.057449
65959  -46.278  -65.742  38.440 10.291716
65960  -45.642  -65.702  38.359 10.210343
65961  -45.197  -65.791  38.687 10.320995
65962  -44.906  -65.665  38.252 10.092358
65963  -44.020  -65.697  38.237 9.946282
65964  -44.529  -65.589  37.878 9.813592
65965  -44.042  -65.034  36.292 8.919561
65966  -43.655  -65.222  36.789 9.140647
65967  -43.152  -64.911  36.210 8.766652
65968  -42.326  -65.080  36.123 8.618581
68828  -33.425  -81.493  37.086 9.804387
68829  -33.037  -81.381  37.664 9.750503
68830  -33.019  -81.932  36.791 9.778792
74205  -37.741  -70.431  47.452 10.179950
74206  -37.230  -70.721  47.510 10.189010
74207  -37.442  -71.049  47.371 10.573296
74208  -37.155  -72.560  46.407 11.214607
74209  -36.915  -72.274  46.870 11.114245
74210  -36.651  -72.944  46.581 11.237100
74211  -36.137  -73.380  46.624 11.203102
74212  -36.391  -73.615  46.073 11.258957
74213  -38.173  -73.274  43.368 10.462345
74214  -37.909  -73.227  44.100 10.784687
74215  -37.836  -73.697  43.491 10.616167
74216  -36.694  -75.219  43.040 10.598464
74217  -36.862  -74.625  43.828 10.823761
74218  -36.296  -75.073  43.964 10.861094
74219  -35.831  -74.904  44.846 11.044963
74220  -35.615  -75.485  44.082 10.848439
74221  -34.950  -76.045  44.150 10.786206
74222  -35.416  -76.182  43.317 10.623857
74223  -35.492  -77.458  40.604 9.968761
74224  -35.059  -77.486  41.541 10.180711
74225  -35.002  -78.023  40.700 9.997565
74226  -34.525  -78.506  40.730 9.996305
74227  -34.920  -78.425  39.895 9.855330
74229  -38.533  -73.412  37.401 8.053984
74231  -38.157  -75.043  36.280 8.089358
74232  -38.107  -74.668  36.954 8.167353
74233  -37.951  -75.131  37.048 8.325249
74234  -37.822  -75.223  37.829 8.593524
74235  -37.650  -75.532  37.156 8.497046
74236  -39.285  -76.352  34.053 8.178207
74237  -38.887  -76.040  34.539 8.102917
74238  -38.569  -76.462  34.656 8.325503
74239  -37.209  -77.207  35.989 8.854324
74240  -37.501  -76.714  35.903 8.648066
74241  -37.090  -76.820  36.670 8.833496
74242  -37.097  -76.424  37.331 8.859346
74243  -36.772  -76.921  37.421 9.038064
74244  -36.503  -77.086  38.079 9.260298
74245  -36.459  -77.424  37.465 9.207559
74246  -35.663  -79.052  36.863 9.515230
74247  -35.730  -78.593  37.555 9.499653
74248  -35.297  -79.183  37.546 9.614316
74249  -34.843  -79.303  38.275 9.709936
74250  -34.800  -79.779  37.535 9.703877
74251  -34.289  -80.378  37.488 9.766308
74252  -34.682  -80.278  36.833 9.734640
74253  -35.062  -80.936  34.644 9.865435
74254  -34.613  -81.148  35.295 9.870451
74255  -34.665  -81.546  34.570 9.955438
74258  -36.720  -79.355  32.748 9.680212
74259  -36.333  -79.832  33.199 9.756470
74260  -36.187  -79.891  32.554 9.848112
78318  -39.038  -68.156  47.148 8.323441
78320  -38.630  -68.298  47.183 8.281830
78321  -38.222  -68.406  47.104 8.250694
78322  -38.404  -68.838  47.320 8.760664
78323  -38.173  -69.450  47.441 9.250532
78324  -38.590  -69.165  47.317 9.247851
78325  -39.333  -69.617  46.648 9.985460
78326  -38.953  -69.875  46.908 10.041698
78327  -39.083  -70.149  46.452 10.301169
78328  -38.799  -70.638  46.220 10.565221
78329  -39.151  -70.357  45.876 10.450541
78330  -40.651  -68.719  45.192 9.884474
78331  -40.331  -68.989  45.608 9.883055
78332  -40.308  -69.099  45.022 10.052555
78333  -39.865  -69.998  43.821 10.188997
78334  -39.776  -69.906  44.479 10.262512
78335  -39.541  -70.332  44.150 10.294735
78336  -39.250  -70.677  44.561 10.425039
78337  -39.316  -70.784  43.834 10.275987
78338  -39.112  -71.240  43.486 10.207338
78339  -39.445  -70.892  43.176 10.062866
78340  -39.882  -70.608  41.433 9.455849
78341  -39.625  -70.990  41.643 9.533126
78342  -39.708  -71.029  40.948 9.255731
78343  -39.650  -71.311  40.449 9.045468
78344  -39.789  -70.920  40.297 8.990004
78345  -44.338  -66.870  42.400 10.435172
78346  -43.769  -67.038  42.849 10.346766
78347  -43.710  -66.979  42.249 10.442917
78348  -42.188  -67.179  41.339 10.266499
78349  -42.381  -67.308  41.885 10.321713
78350  -41.806  -67.536  41.712 10.199826
78351  -41.473  -68.020  42.075 10.137704
78352  -41.319  -67.863  41.557 10.044576
78353  -41.328  -66.949  39.040 9.711595
78354  -41.553  -66.951  39.612 9.886842
78355  -41.085  -67.320  39.358 9.679632
78356  -40.531  -68.399  39.605 9.343556
78357  -40.766  -67.986  40.116 9.565191
78358  -40.597  -68.494  40.365 9.502318
78359  -40.753  -68.587  40.944 9.662037
78360  -40.468  -68.954  40.629 9.448268
78361  -40.349  -69.386  40.863 9.410875
78362  -40.260  -69.262  40.192 9.226984
78363  -39.759  -69.875  38.325 8.607604
78364  -39.878  -69.963  39.077 8.778001
78365  -39.699  -70.289  38.557 8.556028
78366  -39.680  -70.716  38.776 8.528024
78367  -39.551  -70.597  38.061 8.338711
78368  -39.295  -70.998  37.552 8.128362
78369  -39.351  -70.535  37.369 8.175344
78375  -39.129  -68.522  35.062 8.283695
78376  -39.158  -68.929  35.246 8.241964
78377  -39.091  -68.951  34.636 8.092173
86963  -36.236  -71.272  47.358 10.112704
86964  -35.987  -70.791  47.129 9.625264
86965  -35.762  -71.526  47.167 10.021129
86966  -34.107  -72.689  46.946 9.980364
86967  -34.586  -71.962  46.787 9.733500
86968  -33.948  -72.041  46.515 9.543767
86969  -33.748  -71.280  45.967 9.095807
86970  -33.337  -72.024  46.246 9.329456
86971  -32.378  -75.507  45.986 10.213254
86972  -32.675  -74.746  46.518 10.253652
86973  -32.161  -74.766  46.334 9.959986
86974  -31.543  -73.357  45.992 9.005658
86975  -31.962  -73.378  46.179 9.309449
86976  -31.872  -72.754  45.957 8.947904
86977  -32.291  -72.070  45.804 8.845808
86978  -31.865  -72.083  45.607 8.584649
86979  -31.965  -71.413  45.039 8.233432
86980  -31.491  -72.032  45.321 8.314750
86986  -32.267  -80.787  38.725 9.576187
86987  -32.265  -80.141  39.646 9.594903
86988  -31.966  -80.261  39.170 9.448870
86989  -31.417  -78.898  39.535 8.880353
86990  -31.581  -78.881  40.088 9.102709
86991  -31.385  -78.026  40.722 8.883905
86992  -31.221  -77.239  41.965 8.900280
86993  -31.104  -77.103  41.482 8.637587
87000  -30.482  -75.199  42.812 8.080514
92654  -49.669  -64.607  36.419 8.969935
92655  -49.709  -64.695  35.927 8.785776
92656  -50.188  -64.382  36.069 8.685710
92657  -50.454  -64.125  35.718 8.416689
92658  -50.756  -63.781  35.280 8.170282
92673  -49.955  -62.558  39.349 8.378942
92674  -49.697  -62.787  39.737 8.626075
92675  -49.957  -63.083  39.027 8.701833
92676  -49.891  -63.558  38.688 8.999271
92677  -49.713  -64.062  38.381 9.264522
92678  -49.496  -64.534  38.124 9.491514
92679  -49.814  -64.311  37.724 9.215848
92680  -49.786  -64.483  37.032 9.115606
93252  -35.726  -68.993  46.113 8.154680
93253  -35.343  -69.714  46.246 8.605349
94329  -39.265  -72.023  40.989 9.246481
94330  -39.042  -72.414  41.191 9.385248
94331  -39.218  -72.347  40.358 9.033216
94332  -39.015  -72.806  39.720 8.821279
94333  -38.747  -73.361  38.997 8.619958
94335  -41.611  -76.727  31.900 8.064114
94336  -41.694  -76.978  31.368 8.155798
94337  -40.891  -77.374  31.543 8.440826
94338  -40.139  -77.647  31.675 8.717840
94339  -39.367  -77.934  31.751 8.981801
94340  -39.967  -77.700  31.290 8.801327
94341  -39.794  -77.687  30.858 8.865742
94342  -39.628  -77.651  30.372 8.910480
94343  -39.431  -77.747  29.950 8.936435
94344  -40.159  -77.522  30.023 8.681125
94345  -40.679  -77.370  29.619 8.431971
94346  -41.142  -77.190  29.239 8.166474
95144  -45.077  -65.654  44.439 9.223267
95145  -44.812  -65.339  44.812 8.869489
95146  -44.602  -65.761  44.784 9.095885
95147  -44.071  -65.953  45.059 8.956881
95148  -43.559  -66.051  45.385 8.808709
95149  -43.081  -66.161  45.682 8.653728
95150  -43.265  -66.439  45.333 9.028955
95151  -42.915  -66.845  45.270 9.244856
95152  -42.483  -67.223  45.061 9.451203
95153  -42.095  -67.568  44.853 9.641584
95154  -42.532  -67.369  44.532 9.747052
95155  -42.576  -67.480  44.055 9.986588
95156  -42.618  -67.544  43.544 10.163822
95157  -41.598  -65.623  36.969 9.014264
95158  -41.253  -65.958  37.363 9.157204
95159  -40.987  -65.876  36.714 8.867599
95160  -40.472  -66.176  36.366 8.733014
95161  -39.993  -66.535  35.969 8.609093
95162  -39.638  -66.936  35.595 8.491414
95163  -39.684  -66.529  35.384 8.354839
95164  -39.319  -66.552  34.808 8.096343
96881  -33.571  -78.297  42.280 10.173809
96882  -33.066  -77.969  43.021 10.187087
96883  -33.088  -78.640  42.060 10.040323
96884  -32.613  -78.825  41.806 9.884161
96885  -32.214  -78.899  41.567 9.709307
99404  -44.459  -64.914  35.845 8.678618
99405  -44.170  -64.645  35.312 8.278513
99406  -45.097  -64.740  35.415 8.426876
99407  -45.697  -64.601  34.996 8.172917
99464  -48.483  -63.644  41.315 9.391960
99465  -48.217  -63.343  41.885 9.163692
99466  -48.154  -63.869  41.691 9.492280
99467  -47.831  -64.150  42.063 9.551026
99468  -47.428  -64.404  42.490 9.570112
99469  -47.005  -64.697  42.882 9.553421
99470  -47.285  -64.845  42.343 9.837949
99471  -47.022  -65.329  42.140 10.071040
99472  -46.701  -65.724  42.009 10.265032
99473  -46.342  -66.061  41.902 10.415709
99474  -46.788  -65.833  41.398 10.443202
99475  -46.759  -65.957  40.861 10.556031
99476  -46.747  -65.976  40.266 10.597922
99477  -47.589  -65.462  37.762 9.935025
99478  -47.240  -65.624  38.163 10.151792
99479  -46.954  -65.574  37.661 9.922697
99480  -46.330  -65.584  37.602 9.865225
99481  -45.686  -65.545  37.511 9.768841
99482  -44.937  -65.496  37.446 9.641625
99483  -45.290  -65.410  36.947 9.435447
99484  -44.888  -65.159  36.373 9.068252
104427  -38.128  -71.013  46.824 10.776692
104428  -37.661  -71.345  47.001 10.851008
104429  -37.861  -71.639  46.503 11.004566
104430  -37.599  -72.241  46.154 11.141677
104431  -37.457  -72.861  45.685 11.184323
104432  -37.853  -74.318  41.892 10.032098
104433  -37.655  -74.250  42.740 10.404876
104434  -37.438  -74.844  42.008 10.170231
104435  -36.974  -75.329  42.142 10.280784
104436  -36.464  -75.799  42.272 10.357250
104437  -35.879  -76.317  42.378 10.395692
104438  -36.219  -76.402  41.375 10.121709
104439  -35.901  -76.964  40.450 9.909998
104440  -35.858  -77.391  39.694 9.735555
104445  -38.312  -75.366  35.600 8.053531
104446  -38.518  -77.373  34.174 8.657156
104447  -38.248  -76.960  34.713 8.554784
104448  -37.887  -77.452  34.759 8.784722
104449  -37.346  -77.554  35.388 8.915816
104450  -36.854  -77.720  36.094 9.054793
104451  -36.456  -77.831  36.823 9.203853
104452  -36.440  -78.285  36.196 9.243836
104453  -36.053  -78.874  36.217 9.416354
104454  -35.535  -79.480  36.203 9.567863
104455  -35.058  -80.119  36.145 9.694550
104456  -35.451  -79.932  35.499 9.647881
104457  -35.444  -80.285  34.753 9.744349
104458  -35.530  -80.621  34.121 9.846289
106889  -41.305  -66.558  46.554 8.018903
106896  -39.465  -67.976  47.052 8.377353
106897  -39.259  -68.472  47.174 8.804932
106898  -39.021  -68.960  47.224 9.246058
106899  -39.432  -68.838  47.056 9.249990
106900  -39.615  -69.174  46.788 9.634148
106901  -39.700  -69.365  46.343 9.936800
106902  -40.609  -69.031  44.125 10.113159
106903  -40.321  -69.256  44.437 10.134004
106904  -40.341  -69.394  43.885 10.133829
106905  -40.134  -69.694  43.560 10.111648
106906  -39.958  -70.093  43.189 10.047853
106907  -39.756  -70.563  42.798 9.945391
106908  -40.063  -70.179  42.536 9.858503
106909  -40.106  -70.202  41.899 9.640322
106910  -40.091  -70.216  41.244 9.410804
106911  -44.089  -66.649  41.230 10.542123
106912  -43.556  -66.876  41.652 10.478092
106913  -43.402  -66.630  41.049 10.456063
106914  -42.654  -66.826  40.945 10.329928
106915  -41.971  -67.057  40.796 10.170369
106916  -40.571  -67.659  38.413 9.303193
106917  -40.754  -67.735  39.003 9.467641
106918  -40.492  -68.057  38.627 9.254815
106919  -40.435  -68.395  38.846 9.190234
106920  -40.287  -68.770  39.143 9.120148
106921  -40.173  -69.156  39.413 9.054592
106922  -40.047  -69.101  38.588 8.897428
106923  -39.800  -69.468  38.069 8.676723
106924  -39.591  -69.802  37.564 8.458724
106925  -39.330  -70.130  37.114 8.243782
106926  -39.320  -69.724  36.875 8.326928
106927  -39.219  -69.710  36.127 8.205115
106928  -39.171  -69.751  35.470 8.084565
112082  -35.592  -72.740  47.151 10.727986
112083  -35.429  -72.308  47.212 10.342398
112084  -34.930  -73.002  47.143 10.575593
112085  -34.269  -73.216  47.075 10.379748
112086  -33.620  -73.363  46.909 10.147554
112087  -31.604  -75.325  45.529 9.615375
112088  -31.804  -74.702  46.044 9.652147
112089  -31.454  -74.592  45.805 9.336915
112090  -31.251  -73.945  45.858 9.026400
112091  -31.091  -73.296  45.711 8.697966
112092  -31.023  -72.639  45.452 8.364751
112093  -30.696  -73.126  45.407 8.389203
112094  -30.397  -72.907  45.092 8.081264
112097  -31.716  -80.348  38.687 9.285041
112098  -31.476  -80.423  38.208 9.105031
112099  -31.345  -79.766  38.517 8.889735
112100  -31.282  -78.871  39.102 8.650520
116354  -47.418  -65.210  36.231 9.119443
116355  -47.342  -65.058  35.803 8.784399
116356  -47.980  -65.051  35.765 8.844754
116357  -48.500  -64.956  35.289 8.573124
116358  -48.991  -64.899  34.982 8.312613
116359  -49.618  -64.783  35.437 8.570153
116360  -49.497  -64.740  35.026 8.329659
116361  -49.394  -64.657  34.501 8.070034
116399  -48.874  -61.728  41.802 8.140621
116400  -48.921  -62.335  41.501 8.526368
116401  -48.883  -62.910  41.174 8.899170
116402  -49.423  -63.015  40.108 8.860105
116403  -49.111  -63.284  40.464 9.071054
116404  -48.794  -63.460  40.908 9.250398
116405  -48.642  -63.958  40.596 9.572136
116406  -48.495  -64.454  40.328 9.857213
116407  -48.221  -64.936  40.109 10.099455
116408  -47.934  -65.240  39.995 10.294238
116409  -48.348  -65.051  39.534 10.154723
116410  -48.373  -65.157  38.954 10.138408
116411  -48.338  -65.266  38.362 10.051564
116412  -49.133  -64.866  37.984 9.675243
116413  -48.693  -65.130  37.883 9.811769
116414  -48.188  -65.293  37.803 9.898573
116415  -47.978  -65.314  37.266 9.686285
116416  -47.712  -65.312  36.751 9.423370
117751  -33.590  -69.840  44.903 8.250143
120261  -38.561  -71.870  44.244 10.549617
120262  -38.241  -72.304  44.448 10.727570
120263  -38.402  -72.378  43.685 10.445575
120264  -38.382  -72.945  43.105 10.290037
120265  -38.326  -73.302  42.476 10.094923
120266  -38.800  -72.815  41.406 9.541830
120267  -38.507  -73.242  41.604 9.708126
120268  -38.184  -73.779  41.804 9.874781
120269  -37.994  -74.341  41.026 9.645794
120270  -37.725  -74.897  40.199 9.423867
120271  -37.465  -75.408  39.412 9.223739
120275  -40.123  -76.239  33.365 8.031000
120276  -39.732  -76.701  33.522 8.276884
120277  -40.782  -76.935  32.465 8.236609
120278  -40.007  -77.097  33.029 8.389309
120279  -39.192  -77.254  33.627 8.527410
120280  -38.699  -77.752  33.630 8.776830
120281  -38.141  -78.206  33.695 9.019134
120282  -37.511  -78.656  33.817 9.248557
120283  -36.951  -79.130  33.822 9.459908
120284  -37.418  -78.866  33.345 9.371982
120285  -37.253  -78.958  32.854 9.484745
120286  -37.205  -78.948  32.232 9.579366
120287  -38.613  -78.242  31.751 9.228022
120288  -37.930  -78.566  31.667 9.452271
120289  -37.180  -78.980  31.546 9.651034
120290  -37.135  -78.990  30.970 9.697026
120291  -37.013  -79.019  30.396 9.716873
120297  -39.128  -77.785  29.500 8.945464
120298  -38.830  -77.822  29.023 8.939695
122162  -45.616  -63.732  44.040 8.243648
122164  -45.184  -64.009  44.338 8.165130
122165  -44.734  -64.241  44.652 8.066936
122167  -44.502  -65.103  45.054 8.510971
122168  -44.128  -64.839  45.224 8.157795
122177  -42.618  -66.289  45.956 8.494368
122178  -42.161  -66.392  46.246 8.333402
122179  -41.731  -66.461  46.422 8.173844
122180  -41.522  -66.908  46.384 8.442215
122181  -41.176  -67.402  46.319 8.729410
122182  -40.831  -67.884  46.273 9.028743
122183  -40.571  -68.340  46.224 9.331254
122184  -40.914  -68.117  45.918 9.387842
122185  -40.956  -68.281  45.388 9.683815
122186  -40.970  -68.446  44.832 9.906116
122187  -41.668  -67.864  44.697 9.809262
122188  -41.251  -68.188  44.535 9.947392
122189  -40.873  -68.600  44.325 10.050196
122190  -40.902  -68.777  43.799 10.117550
122191  -40.915  -68.839  43.278 10.115460
122192  -40.932  -68.843  42.727 10.055181
122193  -43.061  -66.005  39.018 10.088115
122194  -42.573  -66.308  39.438 10.101357
122195  -42.348  -66.229  38.926 9.906247
122196  -41.629  -66.532  38.809 9.714429
122197  -41.053  -66.888  38.568 9.519222
122198  -40.975  -66.298  37.715 9.256654
122199  -40.787  -66.685  37.996 9.311605
122200  -40.680  -67.210  38.202 9.325063
122201  -40.332  -67.544  37.802 9.134134
122202  -39.979  -67.871  37.339 8.946404
122203  -39.675  -68.171  36.829 8.759709
122204  -39.431  -68.488  36.328 8.570857
122205  -39.447  -68.098  36.149 8.613590
122206  -39.228  -68.101  35.526 8.457536
122207  -39.084  -68.146  34.860 8.287360
122208  -39.323  -67.328  35.157 8.373210
122209  -39.032  -67.765  34.673 8.245891
122210  -38.948  -68.173  34.196 8.100954
126215  -34.081  -75.524  45.564 10.848679
126216  -33.704  -75.117  46.166 10.733438
126217  -33.375  -75.832  45.542 10.640069
126218  -32.702  -76.052  45.511 10.397990
126219  -32.225  -76.162  45.364 10.131353
126220  -32.566  -77.428  43.793 10.138594
126221  -32.126  -76.775  44.550 10.025081
126222  -31.773  -76.078  45.161 9.848388
126223  -31.503  -75.977  44.781 9.555774
126224  -31.244  -75.803  44.401 9.258713
126225  -31.036  -75.667  43.995 8.960835
130179  -39.267  -71.898  37.884 8.115911
130180  -39.049  -72.403  37.960 8.154372
131774  -41.189  -65.179  35.402 8.131627
131785  -47.173  -64.819  35.332 8.427991
131786  -47.000  -64.551  34.868 8.059648
131899  -45.981  -62.760  43.561 8.026037
131900  -48.267  -61.515  42.667 8.060755
131901  -47.924  -61.758  42.912 8.176646
131902  -47.604  -62.016  43.191 8.262043
131903  -47.894  -63.037  42.465 8.899328
131904  -47.595  -62.682  42.993 8.612355
131905  -47.283  -62.335  43.327 8.316031
131906  -46.897  -62.689  43.401 8.339151
131907  -46.470  -63.050  43.526 8.333224
131908  -46.034  -63.417  43.764 8.300530
131909  -46.030  -63.994  43.984 8.572369
131910  -45.900  -64.524  44.076 8.838138
131911  -45.798  -65.009  44.088 9.093991
131912  -46.583  -65.016  43.263 9.505692
131913  -46.191  -65.267  43.658 9.431764
131914  -45.615  -65.511  44.058 9.336373
131915  -45.362  -65.975  43.974 9.560890
131916  -45.012  -66.291  43.897 9.763360
131917  -44.595  -66.592  43.816 9.938785
131918  -44.175  -66.842  43.623 10.082162
131919  -44.757  -66.647  43.270 10.187278
131920  -44.866  -66.671  42.662 10.380869
131921  -44.869  -66.710  41.969 10.513840
131922  -45.893  -66.316  41.769 10.520164
131923  -45.405  -66.520  41.584 10.576268
131924  -44.797  -66.649  41.419 10.583225
131925  -44.634  -66.484  40.846 10.588813
131926  -44.412  -66.302  40.232 10.532825
131927  -44.179  -66.095  39.617 10.418938
131928  -47.583  -65.532  39.874 10.438012
131929  -47.175  -65.772  39.711 10.528937
131930  -46.679  -65.934  39.575 10.566785
131931  -46.889  -65.776  38.524 10.329274
131932  -46.542  -65.896  38.874 10.463516
131933  -46.107  -65.953  39.359 10.553411
131934  -45.457  -65.939  39.227 10.492503
131935  -44.709  -65.920  39.132 10.389597
131936  -43.863  -65.878  39.066 10.252076
131937  -43.544  -65.809  38.621 10.037608
131938  -43.210  -65.789  38.220 9.781491
131939  -42.897  -65.724  37.823 9.490268
131940  -44.105  -65.447  37.390 9.493182
131941  -43.298  -65.459  37.334 9.333288
131942  -42.422  -65.497  37.170 9.171090
131943  -41.977  -65.334  36.578 8.832343
131944  -41.512  -65.274  36.020 8.482710
135566  -33.453  -80.419  38.804 9.789223
135567  -33.057  -80.233  39.465 9.769670
135568  -33.049  -80.786  38.589 9.745481
135569  -32.648  -81.155  38.230 9.675613
135570  -32.238  -81.440  37.813 9.580525
138584  -50.657  -62.873  37.322 8.198880
138585  -50.866  -62.972  36.677 8.180618
138746  -49.918  -62.036  39.598 8.038231
138747  -50.203  -62.357  38.920 8.129222
138748  -50.432  -62.618  38.140 8.182515
142215  -37.298  -69.713  47.406 9.238792
142216  -36.736  -69.972  47.294 9.214925
142217  -37.010  -70.362  47.471 9.725581
142218  -36.753  -71.014  47.470 10.167967
142219  -36.478  -71.693  47.401 10.543156
142220  -37.167  -71.681  47.122 10.890083
142221  -36.719  -71.972  47.183 10.885476
142222  -36.228  -72.375  47.209 10.831915
142223  -35.838  -73.074  46.968 11.022237
142224  -35.395  -73.780  46.704 11.110624
142225  -35.027  -74.465  46.229 11.103300
142226  -37.994  -72.719  44.640 10.893553
142227  -37.650  -73.067  44.918 11.034132
142228  -37.233  -73.434  45.142 11.136634
142229  -37.381  -74.160  43.651 10.739861
142230  -37.051  -74.053  44.480 11.010454
142231  -36.716  -73.848  45.322 11.190610
142232  -36.085  -74.278  45.513 11.189204
142233  -35.408  -74.721  45.617 11.129934
142234  -34.724  -75.147  45.626 11.014561
142235  -34.461  -75.848  44.947 10.864998
142236  -34.262  -76.459  44.216 10.677802
142237  -34.178  -77.177  43.335 10.476064
142238  -35.198  -76.849  42.452 10.394625
142239  -34.640  -77.376  42.441 10.355225
142240  -34.090  -77.860  42.409 10.280282
142241  -34.032  -78.487  41.495 10.106601
142242  -34.054  -78.929  40.665 9.966312
142243  -34.011  -79.378  39.785 9.865612
142244  -38.926  -72.933  38.026 8.222563
142245  -38.698  -73.415  38.113 8.318358
142246  -38.456  -73.869  38.242 8.438479
142247  -38.243  -74.232  36.860 8.028541
142248  -38.165  -74.282  37.604 8.285320
142249  -38.226  -74.321  38.377 8.578317
142250  -37.980  -74.809  38.480 8.732298
142251  -37.632  -75.364  38.565 8.894248
142252  -37.281  -75.842  38.679 9.057614
142254  -38.555  -75.712  35.023 8.059265
142255  -38.091  -75.808  35.670 8.241831
142256  -37.954  -76.585  35.224 8.480117
142257  -37.773  -76.205  35.829 8.441902
142258  -37.669  -75.853  36.460 8.446458
142259  -37.405  -75.954  37.219 8.677065
142260  -37.204  -76.112  37.956 8.934495
142261  -36.914  -76.311  38.756 9.216141
142262  -36.553  -76.781  38.799 9.363792
142263  -36.209  -77.262  38.844 9.495575
142264  -35.865  -77.774  38.948 9.607258
142265  -36.145  -77.943  37.499 9.362885
142266  -35.824  -78.104  38.243 9.528875
142267  -35.352  -78.278  39.053 9.695951
142268  -34.864  -78.818  39.065 9.759302
142269  -34.407  -79.369  39.016 9.796247
142270  -33.953  -79.912  38.914 9.806258
142271  -33.884  -80.447  38.095 9.786203
142272  -33.847  -80.933  37.356 9.800137
142273  -33.830  -81.454  36.506 9.840802
142274  -34.631  -80.751  36.056 9.793404
142275  -34.234  -81.350  35.926 9.862312
142276  -33.828  -81.959  35.643 9.899604
142280  -36.383  -79.727  33.716 9.648653
142281  -35.919  -80.245  33.677 9.810898
142282  -35.436  -80.849  33.590 9.943529
146887  -50.929  -63.124  36.039 8.130966
146888  -51.021  -63.286  35.443 8.053587
147131  -37.246  -68.650  46.880 8.209388
147211  -37.748  -68.525  47.001 8.227432
147212  -37.492  -69.165  47.249 8.731943
147213  -37.748  -69.621  47.476 9.249249
147214  -37.986  -69.952  47.479 9.731305
147215  -38.188  -70.230  47.317 10.147127
147216  -38.796  -69.523  47.214 9.683718
147217  -38.603  -70.045  47.131 10.098278
147218  -38.352  -70.534  47.035 10.469147
147219  -38.464  -70.812  46.582 10.677608
147220  -38.562  -71.087  45.973 10.763895
147221  -38.665  -71.303  45.317 10.731289
147222  -40.291  -68.773  46.141 9.626155
147223  -40.073  -69.189  45.964 9.901276
147224  -39.766  -69.599  45.780 10.144218
147225  -40.029  -69.480  44.771 10.180523
147226  -39.760  -69.774  45.181 10.251473
147227  -39.480  -70.059  45.531 10.343330
147228  -39.216  -70.555  45.237 10.488834
147229  -38.963  -71.006  44.952 10.573519
147230  -38.727  -71.462  44.706 10.593741
147231  -38.823  -71.558  43.858 10.372497
147232  -38.923  -71.671  43.071 10.092464
147233  -39.060  -71.720  42.336 9.778222
147234  -39.523  -70.954  42.411 9.808196
147235  -39.334  -71.361  41.993 9.641675
147236  -39.297  -71.733  41.529 9.451964
147237  -39.479  -71.695  40.720 9.131745
147238  -39.565  -71.601  39.947 8.830700
147239  -39.541  -71.513  39.270 8.557551
147240  -43.683  -67.104  43.435 10.188781
147241  -43.181  -67.283  43.238 10.254518
147242  -42.595  -67.505  43.029 10.276823
147243  -43.042  -67.127  42.075 10.404282
147244  -42.435  -67.413  42.468 10.327672
147245  -41.993  -67.755  42.872 10.255040
147246  -41.544  -68.094  42.640 10.190713
147247  -41.191  -68.454  42.408 10.087410
147248  -40.916  -68.752  42.172 9.950305
147249  -42.126  -66.624  39.844 10.083263
147250  -41.753  -66.956  40.249 10.041497
147251  -41.440  -67.332  40.609 9.984775
147252  -40.889  -67.656  39.722 9.627560
147253  -41.057  -67.659  40.361 9.780766
147254  -41.194  -67.723  40.935 9.922334
147255  -41.018  -68.224  41.272 9.862924
147256  -40.841  -68.673  41.560 9.814957
147257  -40.665  -69.093  41.832 9.785404
147258  -40.467  -69.457  41.466 9.598896
147259  -40.231  -69.821  41.027 9.396791
147260  -40.032  -70.179  40.550 9.184161
147261  -40.075  -69.582  39.631 9.002542
147262  -39.985  -70.100  39.813 8.971059
147263  -39.893  -70.524  40.113 8.965758
147264  -39.765  -70.832  39.578 8.745574
147265  -39.630  -71.127  39.027 8.527820
147266  -39.492  -71.487  38.493 8.316430
147267  -39.290  -71.448  37.714 8.107572
147270  -39.140  -70.522  36.600 8.032541
147276  -39.283  -68.918  35.885 8.376098
147277  -39.184  -69.365  35.410 8.171915
157604  -36.189  -70.089  47.051 9.173838
157605  -35.701  -70.310  46.752 9.113127
157606  -35.230  -70.482  46.427 9.031322
157607  -35.207  -71.771  46.998 9.893924
157608  -34.982  -71.233  46.613 9.412987
157609  -34.736  -70.592  46.107 8.927936
157610  -34.178  -70.609  45.769 8.803444
157611  -33.607  -70.549  45.419 8.658863
157612  -33.139  -70.540  45.164 8.495398
157613  -33.314  -74.565  46.660 10.524769
157614  -33.124  -74.048  46.763 10.236123
157615  -32.995  -73.439  46.685 9.886673
157616  -32.082  -74.049  46.324 9.652833
157617  -32.443  -73.412  46.461 9.605029
157618  -32.899  -72.746  46.431 9.499071
157619  -32.780  -72.023  46.079 9.095248
157620  -32.719  -71.318  45.506 8.695078
157621  -32.708  -70.613  44.943 8.314451
157622  -32.412  -70.678  44.706 8.117253
157625  -31.205  -71.929  45.024 8.038193
157631  -32.636  -79.978  40.056 9.721475
157632  -32.288  -79.542  40.610 9.639243
157633  -31.961  -78.967  41.102 9.519097
157634  -31.747  -79.626  39.576 9.291354
157635  -31.766  -78.922  40.622 9.316216
157636  -31.683  -78.198  41.681 9.359344
157637  -31.369  -77.337  42.382 9.160911
157638  -31.100  -76.382  43.014 8.927322
157639  -30.830  -75.515  43.617 8.664377
157642  -31.045  -77.892  39.824 8.389486
157644  -30.827  -76.915  40.616 8.109687
157645  -30.877  -77.033  41.042 8.373838
157646  -30.818  -76.158  42.174 8.367958
157647  -30.629  -75.332  43.259 8.370769
157648  -30.470  -74.644  44.130 8.379436
157649  -30.062  -73.861  44.414 8.080374
