#!ascii label  , from subject fsaverage vox2ras=TkReg coords=white
1075
158  -25.867  -67.621  -4.649 10.343507
350  -20.014  -81.432  -5.827 8.285381
629  -15.839  -74.542  -9.437 8.797865
630  -22.557  -60.768  -7.162 9.036723
631  -32.646  -54.596  -9.070 10.031619
1407  -22.029  -75.832  -3.878 8.911338
1408  -17.244  -79.356  -8.239 9.709827
1409  -20.137  -70.478  -7.794 10.729692
1410  -18.962  -64.067  -10.721 9.200956
1411  -23.649  -61.738  -8.485 12.219010
1412  -28.021  -57.212  -5.952 11.854836
1413  -29.047  -60.834  -6.200 11.460871
1784  -30.783  -64.035  -7.822 8.162827
2521  -16.196  -82.722  -10.766 8.576774
2522  -13.437  -79.891  -11.329 8.107381
2527  -25.920  -58.225  -4.349 8.954499
2528  -32.120  -51.965  -5.647 9.346693
2530  -29.664  -56.285  -12.014 8.266019
3327  -24.123  -71.587  -3.853 9.557668
3328  -20.588  -73.486  -5.067 10.212580
3329  -22.409  -69.261  -5.705 10.987375
3330  -21.958  -65.937  -8.719 11.522508
3331  -24.324  -65.582  -6.460 11.877379
3332  -25.627  -61.833  -6.700 12.487730
3333  -27.262  -64.070  -5.277 11.109085
5657  -19.131  -83.670  -7.361 8.134890
5658  -16.554  -84.600  -9.725 8.382820
5659  -17.503  -82.125  -8.142 8.942112
5660  -16.529  -77.511  -8.400 9.439366
5661  -15.925  -79.881  -10.233 9.031511
5662  -14.346  -79.207  -8.863 8.508349
5666  -14.596  -72.106  -9.626 8.065547
5667  -20.665  -61.846  -9.124 9.160026
5673  -24.378  -60.237  -5.514 9.010755
5674  -31.094  -56.492  -6.662 11.418313
5675  -30.518  -54.963  -5.592 10.759306
5676  -32.797  -53.318  -7.172 10.006445
5677  -34.034  -49.708  -7.500 8.560593
5678  -33.640  -50.786  -9.342 8.772643
5680  -30.811  -60.454  -10.151 8.397078
7139  -21.364  -78.816  -5.050 8.480755
7140  -19.129  -79.829  -7.274 9.291743
7141  -19.089  -77.664  -5.817 9.661221
7142  -18.294  -75.618  -6.778 10.142044
7143  -18.530  -72.563  -9.440 9.814446
7144  -17.953  -69.671  -10.711 9.041469
7145  -20.163  -67.176  -10.539 10.320698
7146  -21.607  -61.690  -10.022 10.832305
7147  -23.117  -59.374  -7.999 11.048114
7148  -24.931  -58.288  -6.380 10.908323
7149  -25.299  -58.967  -7.132 12.378628
7150  -27.897  -58.963  -6.246 12.353715
7151  -31.038  -58.019  -7.608 11.060536
7999  -27.872  -69.326  -4.326 8.604452
8000  -29.067  -65.859  -5.158 9.244801
10120  -17.213  -80.588  -9.168 9.235359
10121  -15.630  -81.126  -11.153 8.450744
10137  -27.441  -54.005  -4.010 8.587922
10138  -26.993  -57.205  -5.225 10.457786
10139  -28.893  -54.583  -4.689 9.630487
10140  -30.292  -50.843  -4.638 8.550269
10141  -33.219  -48.430  -5.989 8.040329
10144  -30.315  -62.565  -6.415 9.744501
10145  -31.104  -59.359  -9.013 9.807950
10146  -31.208  -55.150  -10.912 9.297955
10149  -32.115  -51.251  -11.263 8.414187
11007  -24.985  -69.605  -4.228 9.938575
11008  -23.155  -70.503  -4.520 10.338839
11009  -24.047  -68.596  -5.001 10.760606
11010  -23.516  -67.430  -6.105 11.435469
11011  -25.003  -66.671  -5.382 11.199534
11012  -25.706  -64.874  -5.712 11.612525
11013  -26.526  -65.871  -5.013 10.748301
13337  -19.513  -82.611  -6.599 8.224302
13338  -18.087  -82.871  -7.809 8.602191
13339  -18.631  -81.758  -6.970 8.736085
13340  -16.394  -75.926  -8.833 9.139376
13341  -15.551  -78.424  -8.991 8.978576
13342  -14.974  -76.791  -8.363 8.663260
13343  -13.397  -77.749  -7.395 8.216248
13344  -14.160  -75.303  -8.517 8.340139
13345  -13.362  -74.286  -8.958 8.019409
13346  -15.333  -73.330  -9.719 8.440823
13347  -21.586  -60.937  -8.118 9.092971
13348  -20.135  -62.655  -8.627 8.162700
13349  -21.257  -62.249  -7.598 8.064188
13351  -22.205  -61.904  -6.736 8.032465
13352  -23.012  -61.570  -5.824 8.073585
13353  -23.402  -60.656  -6.323 9.011032
13354  -32.141  -55.701  -7.701 10.795839
13355  -32.055  -55.007  -6.968 10.745179
13356  -32.855  -53.958  -8.124 10.122042
13357  -33.404  -52.151  -8.292 9.415929
13358  -33.163  -52.698  -9.303 9.404924
15737  -21.547  -77.389  -4.353 8.664541
15738  -20.099  -78.268  -5.414 9.126274
15739  -20.287  -76.937  -4.707 9.345540
15740  -20.180  -72.146  -6.108 10.594795
15741  -19.272  -74.566  -5.922 10.276356
15742  -19.202  -72.958  -7.098 10.406502
15743  -18.387  -73.892  -7.874 10.058340
15744  -19.359  -71.400  -8.722 10.315355
15745  -19.382  -70.006  -10.149 10.050133
15746  -20.254  -68.943  -9.471 10.626933
15747  -22.785  -63.612  -8.788 11.913309
15748  -21.841  -63.680  -9.728 11.326435
15749  -22.670  -61.420  -9.302 11.616215
15750  -22.366  -60.181  -8.980 10.988445
15751  -23.439  -60.001  -8.434 11.798115
15752  -24.236  -59.017  -7.637 11.846811
15753  -24.339  -60.128  -7.862 12.384256
15754  -27.116  -61.458  -6.081 12.106690
15755  -26.511  -60.250  -6.562 12.529782
15756  -28.250  -59.918  -6.332 12.072387
15757  -29.613  -58.643  -6.557 11.822425
15758  -29.946  -59.476  -6.838 11.358321
17550  -27.126  -71.435  -3.993 8.285827
17552  -29.348  -68.318  -5.268 8.149800
22730  -16.118  -83.664  -10.058 8.526352
22731  -15.912  -85.062  -10.915 8.117784
22732  -15.793  -83.984  -11.475 8.169527
22734  -15.271  -82.953  -11.939 8.160113
22735  -18.235  -79.272  -7.853 9.590569
22736  -18.364  -80.149  -8.313 9.386251
22737  -17.249  -79.909  -8.715 9.489477
22738  -15.086  -79.569  -11.243 8.564680
22739  -15.927  -80.411  -10.758 8.764195
22740  -15.047  -80.061  -11.685 8.297416
22757  -18.529  -66.800  -11.029 9.141325
22758  -17.170  -68.343  -10.556 8.543767
22759  -17.538  -66.000  -10.430 8.517427
22774  -24.495  -59.728  -4.276 8.271579
22776  -25.322  -57.856  -3.957 8.332420
22777  -26.132  -55.516  -3.842 8.307323
22778  -26.721  -56.249  -4.058 8.818271
22779  -26.368  -57.544  -6.140 11.548199
22780  -25.954  -57.867  -5.662 10.725287
22781  -27.615  -56.827  -5.578 11.215665
22782  -31.311  -53.570  -5.554 10.068709
22783  -29.791  -54.561  -5.072 10.212908
22784  -30.535  -53.079  -5.039 9.585950
22785  -29.652  -52.799  -4.625 9.099813
22786  -31.304  -51.313  -5.076 8.936707
22787  -31.851  -49.528  -5.212 8.323280
22788  -32.736  -50.233  -5.776 8.652892
22789  -34.521  -48.434  -8.606 8.116890
22794  -30.277  -65.069  -6.231 8.685828
22795  -29.713  -64.217  -5.619 9.529471
22796  -30.729  -63.443  -6.890 8.900993
22797  -30.263  -58.450  -11.267 8.385172
22798  -31.055  -59.926  -9.484 9.080164
22799  -30.691  -58.048  -10.686 8.993634
22800  -31.027  -57.394  -10.225 9.618491
22801  -30.399  -55.719  -11.599 8.783323
22808  -30.951  -51.400  -12.019 8.084055
24419  -23.044  -73.696  -3.733 9.212443
24420  -21.239  -74.746  -4.270 9.623647
24421  -22.116  -72.558  -4.283 9.956601
24422  -21.475  -71.273  -5.195 10.573404
24423  -21.096  -69.785  -6.739 10.974452
24424  -21.087  -68.232  -8.425 11.110591
24425  -22.154  -67.828  -7.163 11.403322
24426  -23.047  -65.842  -7.553 11.845990
24427  -23.785  -63.761  -7.676 12.244186
24428  -24.454  -61.955  -7.596 12.529263
24429  -24.865  -63.624  -6.746 12.251510
24430  -26.299  -63.144  -5.912 11.937227
24431  -28.007  -62.417  -5.538 11.366203
28614  -17.370  -85.036  -9.138 8.124648
28615  -17.592  -84.157  -8.470 8.406210
28616  -16.758  -83.309  -8.939 8.699420
28617  -16.821  -82.529  -9.425 8.870945
28618  -16.723  -78.799  -8.308 9.647935
28619  -16.501  -79.851  -9.086 9.437294
28620  -16.066  -79.284  -9.440 9.252414
28621  -15.244  -79.411  -10.366 8.791409
28622  -13.787  -79.795  -10.299 8.323592
28624  -12.878  -79.956  -8.432 8.069897
28631  -19.814  -62.504  -10.059 9.205152
28632  -18.127  -64.285  -9.854 8.429677
28633  -19.134  -63.243  -9.375 8.298642
28642  -23.809  -60.945  -4.938 8.167557
28643  -25.195  -59.508  -4.834 9.006367
28644  -29.702  -56.950  -6.036 11.799072
28645  -29.348  -56.165  -5.692 11.366968
28646  -30.926  -55.731  -6.093 11.189261
28647  -31.843  -54.266  -6.209 10.480586
28648  -32.589  -52.589  -6.382 9.725979
28649  -33.225  -50.852  -6.517 8.984231
28650  -33.460  -51.543  -7.336 9.259662
28651  -34.005  -50.245  -8.455 8.731383
28652  -34.253  -48.771  -9.577 8.182035
28654  -30.955  -62.265  -8.950 8.315353
32015  -20.876  -80.116  -5.318 8.359913
32016  -19.393  -80.464  -6.374 8.843755
32017  -19.945  -79.400  -6.049 8.963948
32018  -19.126  -78.867  -6.651 9.460447
32019  -18.149  -78.472  -6.991 9.791741
32020  -19.502  -75.832  -5.273 9.909363
32021  -18.386  -76.931  -6.282 10.013595
32022  -17.639  -77.898  -7.221 9.918490
32023  -17.471  -76.521  -7.579 9.844916
32024  -17.515  -74.950  -8.478 9.617123
32025  -17.433  -73.805  -9.826 9.295355
32026  -16.950  -72.400  -10.351 8.923003
32027  -18.274  -71.256  -10.492 9.465396
32028  -19.058  -68.421  -10.838 9.652909
32029  -19.718  -65.301  -11.017 9.839575
32030  -21.034  -66.324  -9.777 10.977990
32031  -20.836  -64.166  -10.596 10.596470
32032  -20.389  -62.360  -10.567 9.992874
32033  -21.060  -61.135  -9.509 10.084929
32034  -21.813  -60.523  -8.504 10.109571
32035  -22.798  -59.741  -7.558 10.083189
32036  -23.707  -59.421  -6.719 10.027812
32037  -23.943  -58.831  -7.146 11.017056
32038  -25.204  -58.243  -6.844 11.760693
32039  -26.557  -58.059  -6.462 12.198188
32040  -25.236  -60.297  -7.230 12.642999
32041  -26.472  -59.067  -6.604 12.555116
32042  -27.957  -58.077  -6.157 12.266152
32043  -29.666  -57.817  -6.299 11.970929
32044  -31.037  -57.342  -7.078 11.381178
32045  -31.926  -56.346  -8.508 10.601446
34321  -23.505  -76.414  -3.815 8.164587
34324  -24.218  -74.667  -3.564 8.435869
34325  -25.123  -72.695  -3.624 8.746736
34326  -26.034  -70.598  -3.897 9.086267
34327  -26.811  -68.533  -4.255 9.446059
34328  -27.505  -66.719  -4.624 9.813941
34329  -28.475  -67.582  -4.734 8.928292
34330  -29.813  -66.663  -5.726 8.428126
40594  -18.412  -80.830  -7.691 9.129695
40595  -17.722  -81.307  -8.726 9.153558
40596  -16.821  -81.672  -9.879 8.932918
40597  -16.440  -80.345  -9.688 9.189769
40598  -16.267  -81.022  -10.122 8.893724
40599  -15.948  -81.824  -11.037 8.548246
40600  -15.062  -81.924  -12.155 8.099904
40621  -16.466  -71.030  -10.177 8.512965
40622  -15.572  -69.727  -10.034 8.051394
40646  -26.772  -53.089  -3.891 8.184892
40647  -28.028  -51.695  -4.038 8.287027
40648  -24.650  -59.236  -5.938 9.952988
40649  -25.642  -58.759  -5.280 9.846246
40650  -26.592  -57.733  -4.740 9.679061
40651  -28.768  -55.797  -5.262 10.766578
40652  -28.022  -56.145  -4.860 10.092381
40653  -27.243  -56.435  -4.414 9.423922
40654  -28.082  -54.576  -4.260 9.075204
40655  -28.844  -52.359  -4.258 8.658377
40656  -29.468  -50.191  -4.290 8.220595
40657  -30.869  -48.909  -4.812 8.035565
40660  -33.802  -49.126  -6.677 8.311460
40666  -28.165  -64.978  -5.010 10.164960
40667  -28.907  -63.338  -5.397 10.456706
40668  -29.709  -61.736  -6.053 10.636376
40669  -31.072  -61.676  -8.171 9.042852
40670  -30.929  -60.984  -7.641 9.847665
40671  -30.487  -60.287  -7.101 10.658538
40672  -31.011  -58.632  -8.470 10.503718
40673  -31.474  -56.908  -9.269 10.184963
40674  -32.070  -54.848  -10.107 9.739770
40680  -29.344  -53.697  -12.526 8.042197
40681  -30.439  -53.292  -11.995 8.469090
40682  -31.595  -53.120  -11.295 8.882350
40683  -32.562  -52.949  -10.400 9.215755
40684  -33.097  -51.031  -10.382 8.661027
40685  -33.751  -49.161  -10.474 8.120851
41727  -25.449  -68.630  -4.431 10.139148
41728  -24.570  -69.087  -4.557 10.360206
41729  -24.959  -68.152  -4.791 10.571208
41730  -24.517  -67.651  -5.212 10.980096
41731  -25.415  -67.188  -4.993 10.784728
41732  -25.783  -66.276  -5.154 10.995831
41733  -26.154  -66.780  -4.852 10.548157
44057  -19.728  -82.048  -6.216 8.255696
44058  -19.058  -82.181  -6.788 8.493861
44059  -19.310  -81.580  -6.411 8.535747
44060  -16.251  -75.217  -9.165 8.971525
44061  -15.718  -76.416  -8.650 8.899311
44062  -15.390  -75.569  -8.845 8.732341
44063  -14.542  -75.942  -8.401 8.501480
44064  -14.978  -74.896  -8.930 8.563342
44065  -14.704  -74.356  -9.198 8.393505
44066  -15.581  -73.968  -9.633 8.620801
44067  -21.973  -60.916  -7.625 9.061760
44068  -21.354  -61.635  -7.844 8.572519
44069  -21.907  -61.484  -7.380 8.541101
44070  -21.689  -62.134  -7.160 8.039001
44071  -22.357  -61.374  -6.939 8.522696
44072  -22.811  -61.294  -6.546 8.518289
44073  -22.941  -60.700  -6.734 9.019778
44074  -32.443  -55.180  -8.361 10.425415
44075  -32.549  -54.803  -8.012 10.466464
44076  -32.828  -54.225  -8.626 10.103535
44077  -33.057  -53.316  -8.739 9.770525
44078  -32.925  -53.573  -9.242 9.722119
46457  -21.786  -76.616  -4.100 8.780475
46458  -20.958  -77.203  -4.545 9.014231
46459  -21.157  -76.331  -4.235 9.138301
46460  -20.122  -71.362  -6.897 10.693582
46461  -19.689  -72.583  -6.588 10.524588
46462  -19.645  -71.775  -7.410 10.560285
46463  -19.241  -72.229  -7.877 10.385934
46464  -19.744  -70.874  -8.267 10.538567
46465  -19.773  -70.198  -9.130 10.464581
46466  -20.159  -69.763  -8.685 10.706028
46467  -23.193  -62.627  -8.701 12.080728
46468  -22.732  -62.534  -9.189 11.809429
46469  -23.142  -61.565  -8.931 11.948062
46470  -23.038  -60.586  -8.933 11.722907
46471  -23.520  -60.721  -8.561 12.055270
46472  -23.853  -60.074  -8.183 12.126662
46473  -23.956  -60.853  -8.217 12.321748
46474  -27.996  -61.206  -6.000 11.810472
46475  -27.786  -60.644  -6.155 12.116673
46476  -28.690  -60.382  -6.243 11.801991
46477  -29.188  -59.711  -6.511 11.740425
46478  -29.422  -60.183  -6.483 11.435021
53450  -16.154  -83.162  -10.450 8.562119
53451  -15.865  -83.817  -10.793 8.363982
53452  -15.902  -83.334  -11.120 8.379142
53453  -15.599  -83.518  -11.791 8.171687
53454  -15.823  -82.785  -11.373 8.377036
53455  -17.741  -79.238  -7.980 9.673650
53456  -17.690  -79.598  -8.405 9.568167
53457  -17.209  -79.645  -8.572 9.602666
53458  -14.311  -79.634  -11.372 8.330738
53459  -15.119  -79.715  -11.523 8.435755
53460  -14.294  -79.769  -11.668 8.205589
53461  -14.304  -80.040  -12.007 8.073076
53477  -18.759  -65.298  -10.974 9.177502
53478  -18.073  -66.249  -10.855 8.843279
53479  -18.189  -65.077  -10.638 8.843634
53494  -25.208  -59.056  -4.321 8.634365
53495  -24.873  -58.875  -4.092 8.310606
53496  -25.586  -58.156  -4.142 8.628719
53497  -26.048  -57.047  -4.003 8.601479
53498  -26.329  -57.299  -4.177 8.898361
53499  -27.179  -57.291  -6.018 11.746609
53500  -26.999  -57.183  -5.849 11.396726
53501  -27.865  -56.927  -5.806 11.556786
53502  -31.708  -52.783  -5.586 9.707925
53503  -31.051  -53.206  -5.302 9.831597
53504  -31.361  -52.480  -5.327 9.486188
53505  -30.895  -52.248  -5.039 9.260434
53506  -31.721  -51.580  -5.374 9.141685
53507  -32.053  -50.777  -5.416 8.805598
53508  -32.425  -51.034  -5.727 8.992598
53514  -30.621  -64.593  -6.976 8.418992
53515  -30.501  -64.232  -6.590 8.800521
53516  -30.823  -63.643  -7.431 8.517470
53517  -29.971  -57.305  -11.749 8.339264
53518  -30.511  -58.156  -11.024 8.684081
53519  -30.214  -57.093  -11.496 8.617165
53520  -30.544  -56.842  -11.309 8.903140
53521  -30.028  -55.901  -11.850 8.521706
56057  -23.581  -72.686  -3.774 9.380117
56058  -22.705  -73.072  -3.923 9.594153
56059  -23.003  -72.099  -3.998 9.770692
56060  -22.762  -69.859  -5.047 10.686483
56061  -22.266  -70.920  -4.819 10.480850
56062  -21.980  -70.208  -5.407 10.774552
56063  -21.260  -70.503  -5.892 10.805171
56064  -21.688  -69.524  -6.212 11.011879
56065  -21.614  -68.802  -6.987 11.184324
56066  -22.240  -68.567  -6.455 11.229520
56067  -23.875  -66.544  -6.291 11.660641
56068  -23.208  -66.758  -6.789 11.679947
56069  -23.677  -65.752  -6.975 11.900151
56070  -23.370  -64.832  -7.700 12.054920
56071  -24.015  -64.752  -7.146 12.106400
56072  -24.310  -63.750  -7.218 12.289791
56073  -24.609  -64.600  -6.630 12.077327
56074  -26.452  -64.480  -5.447 11.385334
56075  -25.964  -64.067  -5.814 11.790237
56076  -26.724  -63.692  -5.532 11.548013
56077  -27.065  -62.835  -5.633 11.678068
56078  -27.565  -63.255  -5.392 11.254558
63047  -18.903  -84.179  -7.656 8.067173
63048  -18.087  -84.417  -8.096 8.209779
63049  -18.368  -83.896  -7.852 8.307032
63050  -17.648  -82.532  -8.007 8.788198
63051  -17.379  -83.100  -8.423 8.687547
63052  -17.091  -82.755  -8.553 8.829115
63053  -16.694  -82.886  -9.144 8.799520
63054  -17.105  -82.425  -8.694 8.939487
63055  -16.583  -78.198  -8.279 9.558699
63056  -16.397  -79.052  -8.881 9.462139
63057  -16.226  -78.524  -8.811 9.348803
63058  -15.006  -78.784  -9.003 8.741958
63059  -15.411  -79.080  -9.772 8.889365
63060  -14.832  -79.353  -9.740 8.652842
63061  -14.632  -79.585  -10.380 8.554825
63062  -14.107  -79.652  -9.644 8.420023
63063  -13.303  -80.015  -9.486 8.196761
63064  -13.623  -79.577  -8.648 8.282671
63065  -12.859  -76.902  -7.460 8.073378
63066  -12.642  -78.260  -7.007 8.011682
63072  -14.032  -73.180  -9.337 8.048634
63077  -20.243  -62.146  -9.581 9.187446
63078  -19.468  -62.919  -9.621 8.761383
63079  -19.922  -62.621  -9.248 8.713803
63094  -23.684  -60.936  -5.689 8.546556
63095  -23.409  -61.357  -5.385 8.116198
63096  -24.137  -60.692  -5.276 8.572759
63097  -24.478  -60.314  -4.893 8.600245
63098  -24.799  -59.974  -5.144 9.011645
63099  -30.407  -56.811  -6.307 11.644885
63100  -30.353  -56.370  -6.045 11.509449
63101  -31.029  -56.114  -6.372 11.333721
63102  -32.521  -54.119  -7.131 10.380444
63103  -31.999  -54.605  -6.571 10.635972
63104  -32.342  -53.836  -6.642 10.262800
63105  -32.215  -53.409  -6.308 10.105423
63106  -32.731  -52.957  -6.744 9.883024
63107  -33.051  -52.099  -6.844 9.503926
63108  -33.141  -52.413  -7.301 9.630479
63109  -33.560  -51.450  -8.818 9.097666
63110  -33.730  -51.113  -8.426 9.067727
63111  -33.898  -50.456  -8.989 8.770535
63112  -34.145  -49.583  -8.944 8.457488
63113  -33.999  -49.714  -9.505 8.469400
70247  -21.191  -79.436  -5.210 8.413055
70248  -20.430  -79.713  -5.684 8.671817
70249  -20.597  -79.201  -5.557 8.735247
70250  -19.598  -78.042  -5.631 9.412313
70251  -19.539  -78.641  -6.035 9.314866
70252  -19.078  -78.349  -6.271 9.555614
70253  -18.574  -78.607  -6.880 9.650019
70254  -18.523  -78.068  -6.406 9.752502
70255  -20.887  -74.154  -4.640 9.939379
70256  -20.392  -75.212  -4.713 9.786354
70257  -20.060  -74.689  -5.101 10.053829
70258  -18.706  -75.117  -6.364 10.232491
70259  -18.772  -75.802  -6.066 10.138756
70260  -18.292  -76.378  -6.496 10.106350
70261  -17.992  -77.493  -6.726 9.990300
70262  -17.852  -76.997  -6.891 10.026664
70263  -17.516  -77.390  -7.443 9.904581
70264  -17.934  -76.066  -7.174 10.010550
70265  -18.488  -73.205  -8.673 9.952642
70266  -17.997  -74.397  -8.247 9.845392
70267  -18.025  -73.810  -8.981 9.711759
70268  -17.548  -74.315  -9.176 9.464652
70269  -18.042  -73.166  -9.668 9.554057
70270  -17.899  -72.550  -10.202 9.377914
70271  -18.503  -71.880  -10.047 9.650430
70272  -19.800  -68.644  -10.376 10.182374
70273  -19.263  -69.264  -10.588 9.866265
70274  -19.661  -67.760  -10.748 9.982903
70275  -19.394  -66.903  -10.964 9.748198
70276  -19.956  -66.385  -10.864 10.100716
70277  -21.558  -67.073  -8.588 11.315450
70278  -21.102  -67.296  -9.155 11.076977
70279  -21.489  -66.093  -9.254 11.271422
70280  -21.813  -62.528  -10.038 11.114498
70281  -21.356  -63.799  -10.201 10.971614
70282  -21.255  -62.726  -10.446 10.722242
70283  -20.694  -63.002  -10.777 10.320468
70284  -21.025  -61.936  -10.316 10.412208
70285  -20.758  -61.582  -10.036 10.047508
70286  -21.385  -61.172  -9.792 10.486320
70287  -22.749  -59.807  -8.498 11.030431
70288  -22.091  -60.250  -8.749 10.573945
70289  -22.444  -59.897  -8.264 10.587890
70290  -22.234  -60.171  -7.973 10.101311
70291  -22.892  -59.573  -7.768 10.584253
70292  -23.352  -59.298  -7.358 10.565493
70293  -23.473  -59.114  -7.571 11.043020
70294  -24.756  -58.925  -7.442 12.152888
70295  -24.744  -58.554  -7.232 11.820127
70296  -25.314  -58.478  -7.045 12.107089
70297  -25.878  -58.099  -6.671 12.023130
70298  -25.871  -58.468  -6.821 12.309747
70299  -24.974  -61.988  -7.150 12.553414
70300  -24.874  -61.057  -7.470 12.610239
70301  -25.421  -61.073  -7.042 12.618700
70302  -27.203  -59.561  -6.358 12.469095
70303  -26.448  -59.615  -6.609 12.593379
70304  -27.163  -59.071  -6.341 12.500202
70305  -27.249  -58.546  -6.368 12.434749
70306  -27.997  -58.524  -6.259 12.354955
70307  -28.831  -57.955  -6.143 12.160892
70308  -28.757  -58.480  -6.190 12.186308
70309  -30.409  -58.348  -6.999 11.462943
70310  -30.336  -58.044  -6.772 11.623084
70311  -30.942  -57.693  -7.273 11.254850
70312  -31.556  -56.887  -7.771 11.008041
70313  -31.470  -57.125  -8.121 10.848207
75675  -23.244  -77.279  -4.030 8.047990
75683  -24.863  -75.032  -3.692 8.058144
75684  -25.237  -74.107  -3.648 8.202647
75685  -24.665  -73.768  -3.562 8.587139
75686  -25.708  -73.121  -3.679 8.354731
75687  -27.504  -70.396  -4.141 8.444006
75688  -26.617  -71.026  -3.894 8.676248
75689  -26.995  -69.972  -4.061 8.843661
75690  -26.443  -69.549  -4.072 9.264161
75691  -27.356  -68.958  -4.237 9.014254
75692  -27.593  -68.077  -4.404 9.186971
75693  -28.195  -68.407  -4.529 8.766282
75695  -29.578  -67.464  -5.519 8.290622
75696  -30.077  -67.022  -6.136 8.066369
75697  -30.247  -66.207  -6.357 8.190952
91225  -16.946  -84.764  -9.446 8.269625
91226  -16.859  -85.240  -9.785 8.087198
91227  -16.515  -85.070  -10.117 8.194637
91240  -19.245  -80.174  -6.820 9.083967
91241  -18.827  -80.686  -7.020 9.017279
91242  -18.859  -80.316  -7.435 9.211878
91243  -17.817  -80.336  -8.755 9.339346
91244  -18.125  -80.658  -8.505 9.274945
91245  -17.577  -80.878  -9.012 9.210674
91246  -17.187  -81.578  -9.310 9.069705
91247  -17.077  -81.096  -9.465 9.090751
91248  -16.187  -79.938  -9.641 9.246649
91249  -16.473  -80.058  -9.461 9.319160
91250  -16.156  -80.165  -10.040 9.123190
91251  -15.806  -80.805  -10.842 8.612848
91252  -16.093  -80.763  -10.334 8.839253
91253  -15.944  -81.056  -10.639 8.678926
91254  -16.166  -81.383  -10.561 8.726818
91255  -15.805  -81.433  -11.119 8.507421
91256  -15.524  -81.869  -11.608 8.325953
91257  -15.354  -81.514  -11.662 8.279279
91307  -17.424  -71.106  -10.604 8.983474
91308  -16.727  -71.707  -10.350 8.723106
91309  -17.248  -70.414  -10.496 8.766530
91310  -16.608  -67.760  -10.369 8.263145
91311  -16.432  -69.007  -10.316 8.285152
91312  -15.837  -68.453  -10.073 8.015972
91315  -17.867  -64.538  -9.475 8.009927
91316  -17.388  -65.272  -9.654 8.093728
91369  -26.769  -54.797  -3.897 8.474050
91370  -26.534  -54.256  -3.859 8.257510
91371  -27.119  -53.640  -3.919 8.375839
91372  -27.403  -52.392  -3.961 8.259144
91373  -27.770  -52.901  -4.001 8.443765
91374  -24.306  -58.787  -6.515 10.490483
91375  -24.177  -59.392  -6.328 9.993139
91376  -24.802  -58.684  -6.155 10.435714
91377  -26.518  -57.521  -5.420 10.603045
91378  -25.850  -58.268  -5.472 10.286203
91379  -26.329  -58.000  -5.215 10.186342
91380  -26.112  -58.339  -4.970 9.772246
91381  -26.795  -57.503  -4.963 10.065706
91382  -29.971  -55.556  -5.617 11.076192
91383  -29.085  -55.939  -5.476 11.081701
91384  -29.790  -55.280  -5.406 10.800805
91385  -29.230  -54.607  -4.876 9.921788
91386  -28.842  -55.380  -4.958 10.188801
91387  -28.386  -55.347  -4.750 9.872418
91388  -27.700  -56.238  -4.680 9.753279
91389  -28.036  -55.451  -4.552 9.560695
91390  -27.614  -55.629  -4.347 9.260356
91391  -28.348  -54.705  -4.470 9.346313
91392  -29.923  -51.915  -4.614 8.823841
91393  -29.194  -52.709  -4.445 8.871369
91394  -29.555  -51.584  -4.419 8.623260
91395  -29.203  -51.234  -4.247 8.438900
91396  -29.920  -50.483  -4.463 8.377178
91397  -30.190  -49.526  -4.551 8.139119
91398  -30.619  -49.796  -4.732 8.285649
91399  -32.535  -49.016  -5.561 8.185300
91400  -32.082  -48.647  -5.345 8.045422
91404  -33.676  -50.307  -6.996 8.777026
91405  -33.520  -50.043  -6.528 8.636140
91406  -33.916  -49.431  -7.065 8.442237
91419  -28.276  -66.287  -4.803 9.530646
91420  -27.796  -65.832  -4.820 9.993838
91421  -28.637  -65.423  -5.036 9.695358
91422  -30.019  -63.359  -6.019 9.648385
91423  -29.329  -63.760  -5.501 9.987403
91424  -29.611  -62.977  -5.809 10.103065
91425  -29.263  -62.566  -5.707 10.563741
91426  -30.027  -62.208  -6.188 10.190384
91427  -30.929  -61.446  -9.505 8.366632
91428  -31.043  -62.028  -8.456 8.667074
91429  -31.093  -61.106  -9.216 8.711098
91430  -31.087  -59.725  -9.168 9.442290
91431  -31.138  -60.582  -8.487 9.457407
91432  -30.977  -60.325  -8.141 9.846766
91433  -30.692  -60.705  -7.233 10.258915
91434  -30.910  -59.910  -7.966 10.233261
91435  -30.780  -59.544  -7.804 10.603118
91436  -31.096  -59.021  -8.731 10.166177
91437  -31.103  -56.231  -10.704 9.472646
91438  -31.254  -56.975  -9.917 9.914685
91439  -31.440  -55.983  -10.205 9.737697
91440  -31.788  -55.859  -9.762 9.975249
91441  -31.626  -54.996  -10.533 9.533007
91458  -29.897  -53.575  -12.210 8.253979
91459  -29.997  -52.483  -12.385 8.088449
91460  -31.510  -51.315  -11.734 8.255582
91461  -31.260  -52.210  -11.743 8.473608
91462  -31.842  -52.258  -11.299 8.652141
91463  -32.116  -53.120  -10.836 9.063489
91464  -32.370  -52.130  -10.855 8.810142
91465  -32.793  -52.015  -10.382 8.939311
91466  -32.622  -51.127  -10.847 8.551838
91468  -33.353  -49.196  -10.959 8.042348
93539  -24.538  -70.631  -3.996 9.744219
93540  -23.577  -71.042  -4.144 9.958038
93541  -24.152  -70.019  -4.316 10.155027
93542  -23.629  -69.474  -4.762 10.545800
93543  -23.226  -68.952  -5.278 10.902000
93544  -22.952  -68.340  -5.946 11.209123
93545  -23.742  -68.059  -5.506 11.124253
93546  -24.278  -67.075  -5.704 11.348833
93547  -24.689  -66.134  -5.931 11.569756
93548  -24.944  -65.306  -6.079 11.779568
93549  -25.406  -65.778  -5.551 11.412772
93550  -26.141  -65.373  -5.318 11.198548
93551  -26.889  -64.918  -5.147 10.937720
97733  -19.208  -83.259  -6.958 8.185725
97734  -18.622  -83.316  -7.526 8.384283
97735  -18.761  -82.785  -7.176 8.444990
97736  -18.201  -82.356  -7.330 8.674897
97737  -18.039  -81.920  -7.594 8.873972
97738  -16.535  -76.758  -8.541 9.297316
97739  -16.083  -78.007  -8.769 9.212856
97740  -15.881  -77.234  -8.673 9.061018
97741  -15.263  -77.720  -8.524 8.823542
97742  -14.681  -78.268  -8.267 8.589078
97743  -13.929  -78.703  -7.927 8.361843
97744  -14.203  -77.353  -7.796 8.434564
97745  -13.718  -76.409  -7.899 8.281005
97746  -13.232  -75.777  -8.053 8.129670
97748  -13.766  -74.791  -8.799 8.179843
97749  -14.381  -73.785  -9.311 8.222596
97750  -15.024  -72.684  -9.658 8.256602
97751  -21.030  -61.561  -8.657 9.127053
97752  -20.369  -62.288  -8.888 8.663157
97753  -20.856  -61.923  -8.372 8.614497
97754  -20.764  -62.397  -8.094 8.106468
97761  -22.587  -61.789  -6.300 8.044553
97762  -23.213  -61.187  -6.126 8.527064
97763  -23.891  -60.466  -5.927 9.009058
97764  -31.682  -56.167  -7.107 11.131073
97765  -31.635  -55.830  -6.779 11.093465
97766  -32.141  -55.309  -7.375 10.800318
97767  -32.537  -54.528  -7.550 10.450328
97768  -32.880  -53.595  -7.673 10.088314
97769  -33.171  -52.806  -7.733 9.721275
97770  -33.164  -53.060  -8.205 9.769538
97771  -33.321  -52.441  -8.765 9.433044
97772  -33.400  -51.624  -9.341 9.086408
102053  -21.367  -78.178  -4.711 8.564416
102054  -20.664  -78.485  -5.209 8.812729
102055  -20.770  -77.849  -4.832 8.905569
102056  -20.204  -77.651  -5.027 9.228473
102057  -19.688  -77.296  -5.216 9.522936
102058  -20.394  -72.872  -5.541 10.433402
102059  -19.911  -74.042  -5.502 10.270018
102060  -19.749  -73.360  -6.011 10.427982
102061  -19.232  -73.855  -6.448 10.371263
102062  -18.733  -74.262  -6.859 10.267700
102063  -18.345  -74.721  -7.240 10.123962
102064  -18.788  -73.479  -7.483 10.248219
102065  -18.862  -72.664  -8.299 10.180164
102066  -18.968  -71.955  -9.098 10.070796
102067  -18.981  -71.209  -9.828 9.927077
102068  -19.366  -70.715  -9.527 10.201382
102069  -19.880  -69.482  -9.876 10.344198
102070  -20.268  -68.100  -10.088 10.497088
102071  -22.333  -64.751  -8.819 11.724490
102072  -21.865  -64.782  -9.333 11.463491
102073  -22.302  -63.597  -9.294 11.645421
102074  -22.287  -62.483  -9.628 11.482177
102075  -22.179  -61.501  -9.699 11.238914
102076  -21.976  -60.843  -9.488 10.922080
102077  -22.550  -60.540  -9.207 11.339705
102078  -22.916  -59.994  -8.720 11.413283
102079  -23.385  -59.550  -8.269 11.457922
102080  -23.658  -59.173  -7.824 11.473342
102081  -23.828  -59.484  -8.012 11.839641
102082  -24.310  -59.453  -7.763 12.159536
102083  -24.776  -59.500  -7.514 12.403562
102084  -26.322  -61.653  -6.281 12.336174
102085  -26.129  -60.969  -6.643 12.535439
102086  -26.933  -60.812  -6.324 12.365139
102087  -27.364  -60.086  -6.287 12.339731
102088  -27.990  -59.459  -6.330 12.258910
102089  -28.752  -58.839  -6.285 12.123923
102090  -28.848  -59.282  -6.366 11.973552
102091  -29.703  -59.096  -6.668 11.626448
102092  -30.419  -58.724  -7.272 11.232310
105316  -26.778  -72.345  -3.895 8.130624
105318  -28.061  -70.675  -4.379 8.068609
105319  -28.388  -69.654  -4.551 8.220331
105320  -28.641  -68.828  -4.725 8.372470
105321  -29.113  -69.110  -5.095 8.006963
114640  -16.244  -84.187  -9.856 8.467451
114641  -16.185  -84.818  -10.322 8.274369
114642  -15.927  -84.381  -10.459 8.329828
114643  -15.724  -84.499  -11.204 8.152173
114649  -18.802  -79.514  -7.648 9.462170
114650  -18.750  -80.005  -7.920 9.370670
114651  -18.352  -79.693  -8.209 9.490408
114652  -17.821  -79.952  -8.526 9.457676
114653  -17.271  -80.224  -8.903 9.367794
114654  -15.646  -79.708  -10.865 8.801179
114655  -15.923  -80.066  -10.564 8.903942
114656  -15.621  -79.881  -11.103 8.671554
114657  -15.563  -80.221  -11.268 8.530793
114658  -15.421  -80.653  -11.370 8.379972
114659  -15.241  -81.110  -11.663 8.220321
114660  -14.941  -80.483  -11.880 8.150887
114689  -18.298  -68.189  -10.877 9.095063
114690  -17.627  -68.936  -10.662 8.802618
114691  -17.877  -67.591  -10.834 8.828975
114692  -17.353  -67.049  -10.604 8.538380
114693  -16.641  -66.810  -10.150 8.223294
114723  -24.627  -58.445  -3.946 8.020496
114724  -25.093  -57.293  -3.855 8.067248
114725  -25.486  -56.175  -3.819 8.091334
114726  -25.801  -56.661  -3.854 8.332214
114727  -26.416  -55.921  -3.918 8.549984
114728  -27.065  -55.148  -4.019 8.714087
114729  -25.620  -57.875  -6.266 11.265417
114730  -25.427  -58.079  -5.995 10.826501
114731  -26.181  -57.559  -5.880 11.150732
114732  -26.750  -57.292  -5.609 11.010885
114733  -27.337  -56.809  -5.396 10.844971
114734  -30.997  -54.234  -5.537 10.421476
114735  -30.159  -54.660  -5.301 10.495384
114736  -30.595  -54.014  -5.275 10.170280
114737  -30.156  -53.893  -5.066 9.905790
114738  -29.766  -53.754  -4.808 9.636786
114739  -29.218  -53.736  -4.627 9.370945
114740  -30.079  -52.911  -4.807 9.339755
114741  -30.478  -51.953  -4.783 9.037723
114742  -30.736  -51.115  -4.832 8.737951
114743  -31.088  -50.146  -4.907 8.447522
114744  -31.603  -50.385  -5.180 8.622135
114745  -32.318  -49.864  -5.507 8.484860
114746  -32.972  -49.355  -5.874 8.333774
114747  -34.270  -49.143  -7.993 8.339598
114748  -34.300  -48.742  -7.618 8.244400
114749  -34.616  -48.022  -8.168 8.045762
114756  -29.745  -65.501  -5.596 8.961981
114757  -29.388  -65.029  -5.394 9.393269
114758  -30.025  -64.646  -5.909 9.093490
114759  -30.293  -63.815  -6.265 9.211614
114760  -30.574  -62.934  -6.727 9.311653
114761  -30.682  -59.600  -10.738 8.404033
114762  -30.974  -60.257  -9.806 8.730111
114763  -30.792  -59.248  -10.477 8.721601
114764  -31.003  -59.092  -10.101 9.052919
114765  -31.060  -58.761  -9.974 9.392314
114766  -31.110  -58.481  -9.621 9.731328
114767  -30.894  -57.679  -10.534 9.307920
114768  -30.752  -56.577  -11.037 9.191093
114769  -30.732  -55.414  -11.316 9.044871
114783  -31.882  -50.401  -11.643 8.032395
114784  -32.463  -50.280  -11.265 8.173921
118415  -22.515  -74.777  -3.755 9.055826
118416  -21.594  -75.286  -4.053 9.276961
118417  -22.114  -74.224  -3.943 9.429281
118418  -21.763  -73.606  -4.210 9.783573
118419  -21.368  -73.021  -4.613 10.106371
118420  -22.682  -71.456  -4.363 10.141991
118421  -21.823  -71.925  -4.666 10.287096
118422  -21.056  -72.341  -5.120 10.385857
118423  -20.807  -71.708  -5.665 10.611846
118424  -20.646  -70.936  -6.363 10.777251
118425  -20.535  -70.161  -7.295 10.878109
118426  -20.600  -69.316  -8.209 10.913990
118427  -21.032  -69.078  -7.612 11.076745
118428  -21.571  -68.040  -7.807 11.286377
118429  -22.033  -66.986  -7.964 11.502152
118430  -22.807  -67.666  -6.610 11.454099
118431  -22.599  -66.859  -7.374 11.626086
118432  -22.465  -65.849  -8.160 11.717696
118433  -22.810  -64.800  -8.290 11.925253
118434  -23.205  -63.699  -8.304 12.116426
118435  -23.640  -62.766  -8.149 12.282630
118436  -24.055  -61.808  -8.049 12.415957
118437  -24.081  -62.854  -7.695 12.404971
118438  -24.594  -62.878  -7.231 12.441492
118439  -25.186  -62.699  -6.733 12.390956
118440  -25.241  -64.376  -6.210 11.969838
118441  -25.544  -63.437  -6.255 12.131723
118442  -25.866  -62.548  -6.309 12.256366
118443  -26.657  -62.268  -5.942 12.045148
118444  -27.563  -61.932  -5.798 11.767722
118445  -28.458  -61.630  -5.832 11.436776
128203  -17.902  -84.958  -8.439 8.089743
128204  -17.424  -84.566  -8.794 8.277015
128205  -17.013  -84.310  -9.125 8.430057
128206  -17.922  -83.438  -8.207 8.513770
128207  -17.083  -83.814  -8.750 8.568938
128208  -16.624  -84.002  -9.295 8.550990
128209  -16.416  -83.496  -9.461 8.642446
128210  -16.422  -83.040  -9.715 8.706776
128211  -16.526  -82.636  -10.117 8.745918
128212  -16.937  -79.165  -8.181 9.700154
128213  -16.747  -79.652  -8.618 9.594379
128214  -16.468  -79.550  -8.766 9.545988
128215  -16.226  -79.614  -9.286 9.359031
128216  -15.958  -79.627  -9.867 9.147300
128217  -15.846  -78.805  -9.473 9.123503
128218  -15.721  -79.304  -10.032 9.026357
128219  -15.648  -79.534  -10.490 8.919302
128220  -15.121  -79.504  -10.871 8.683331
128221  -14.381  -79.594  -10.978 8.447409
128222  -13.572  -79.867  -10.869 8.219207
128223  -12.815  -80.235  -10.639 8.005614
128224  -13.039  -80.121  -10.102 8.104221
128227  -13.176  -79.173  -7.534 8.145847
128243  -19.370  -63.079  -10.421 9.210240
128244  -18.519  -64.115  -10.317 8.829371
128245  -19.042  -63.351  -10.073 8.801140
128246  -18.638  -63.717  -9.608 8.367500
128248  -19.644  -62.930  -9.065 8.228549
128271  -24.068  -60.484  -4.558 8.221623
128272  -24.805  -59.786  -4.565 8.622941
128273  -25.548  -58.959  -4.573 8.989097
128274  -28.868  -57.074  -5.950 11.871279
128275  -28.794  -56.733  -5.764 11.627582
128276  -29.638  -56.582  -5.849 11.610142
128277  -30.141  -55.928  -5.844 11.316244
128278  -30.757  -55.278  -5.859 10.994205
128279  -31.508  -55.438  -6.477 10.995245
128280  -31.415  -54.946  -6.167 10.844167
128281  -31.221  -54.612  -5.848 10.649505
128282  -31.651  -53.836  -5.914 10.288245
128283  -32.035  -53.044  -5.938 9.917309
128284  -32.329  -52.307  -5.955 9.544277
128285  -32.731  -51.381  -6.077 9.176578
128286  -32.883  -51.782  -6.396 9.349813
128287  -33.369  -51.185  -6.926 9.132998
128288  -33.722  -50.610  -7.435 8.900901
128289  -33.470  -51.782  -7.842 9.356301
128290  -33.795  -50.909  -7.901 9.000216
128291  -34.024  -50.026  -7.945 8.659377
128292  -34.270  -49.384  -8.454 8.412681
128293  -34.474  -48.546  -9.076 8.163959
128296  -30.850  -63.145  -8.330 8.246365
128298  -30.742  -61.614  -9.927 8.044427
128299  -30.578  -60.698  -10.486 8.083612
128302  -30.350  -59.806  -11.018 8.103029
128303  -30.024  -58.725  -11.440 8.100161
128304  -29.674  -57.686  -11.918 8.072928
128305  -29.367  -56.499  -12.277 8.020234
137363  -20.439  -80.769  -5.500 8.318551
137364  -19.693  -80.936  -6.049 8.576127
137365  -20.102  -80.282  -5.793 8.619946
137366  -19.761  -79.931  -6.203 8.900087
137367  -19.578  -79.611  -6.641 9.153367
137368  -20.071  -78.792  -5.775 9.038513
137369  -19.648  -79.058  -6.407 9.229281
137370  -19.189  -79.323  -7.013 9.373455
137371  -18.714  -79.034  -7.289 9.554149
137372  -18.165  -78.886  -7.424 9.689958
137373  -17.729  -78.912  -7.714 9.777021
137374  -20.722  -75.881  -4.445 9.477427
137375  -19.999  -76.345  -4.905 9.647590
137376  -19.261  -76.815  -5.489 9.778735
137377  -19.382  -75.228  -5.590 10.121283
137378  -18.909  -76.292  -5.770 9.986372
137379  -18.614  -77.349  -6.038 9.863952
137380  -18.164  -77.944  -6.642 9.898762
137381  -17.777  -78.359  -7.242 9.881649
137382  -17.370  -78.796  -7.749 9.814051
137383  -17.180  -78.405  -7.786 9.802367
137384  -17.033  -77.806  -7.875 9.746298
137385  -17.003  -77.022  -8.011 9.652196
137386  -17.991  -75.211  -7.632 9.947625
137387  -17.555  -75.660  -7.980 9.746464
137388  -17.009  -76.244  -8.273 9.527553
137389  -17.064  -75.413  -8.742 9.380058
137390  -16.910  -74.788  -9.321 9.216562
137391  -16.733  -74.189  -9.837 9.042434
137392  -16.371  -73.693  -10.015 8.861117
137393  -17.216  -73.156  -10.206 9.113989
137394  -17.649  -71.865  -10.469 9.187193
137395  -18.050  -70.449  -10.661 9.262178
137396  -18.858  -70.639  -10.356 9.754748
137397  -18.655  -69.917  -10.669 9.557616
137398  -18.530  -69.023  -10.832 9.337631
137399  -18.904  -67.518  -10.967 9.411208
137400  -19.187  -66.097  -11.115 9.479502
137401  -19.479  -64.428  -11.019 9.538894
137402  -20.656  -68.543  -8.995 10.886659
137403  -20.700  -67.615  -9.689 10.799580
137404  -20.614  -66.712  -10.206 10.656442
137405  -21.373  -64.944  -9.851 11.155952
137406  -20.933  -65.242  -10.232 10.816737
137407  -20.465  -65.704  -10.591 10.460588
137408  -20.296  -64.585  -10.880 10.215007
137409  -20.072  -63.689  -10.923 9.922466
137410  -19.713  -63.093  -10.717 9.586158
137411  -20.087  -62.195  -10.267 9.618762
137412  -20.478  -61.732  -9.811 9.635981
137413  -20.843  -61.440  -9.293 9.638646
137414  -21.665  -60.647  -9.216 10.540435
137415  -21.429  -60.833  -9.007 10.105064
137416  -21.202  -61.214  -8.822 9.629057
137417  -21.623  -60.853  -8.341 9.610610
137418  -22.145  -60.314  -7.843 9.587102
137419  -22.633  -60.117  -7.375 9.561863
137420  -23.134  -60.097  -6.948 9.537594
137421  -23.215  -59.525  -7.145 10.058071
137422  -23.852  -59.010  -6.939 10.533798
137423  -24.488  -58.557  -6.793 10.971835
137424  -24.125  -58.765  -7.390 11.460527
137425  -24.564  -58.482  -7.004 11.420764
137426  -25.134  -58.146  -6.653 11.355494
137427  -25.834  -57.863  -6.509 11.669737
137428  -26.587  -57.713  -6.331 11.902568
137429  -27.257  -57.644  -6.162 12.045804
137430  -24.422  -60.988  -7.842 12.509722
137431  -24.806  -60.214  -7.549 12.558998
137432  -25.299  -59.536  -7.228 12.560948
137433  -25.799  -60.311  -6.887 12.632857
137434  -25.819  -59.629  -6.899 12.624918
137435  -25.864  -59.013  -6.868 12.514435
137436  -26.504  -58.539  -6.570 12.420094
137437  -27.234  -58.071  -6.298 12.279602
137438  -28.076  -57.577  -6.015 12.095659
137439  -28.864  -57.506  -6.063 12.052893
137440  -29.623  -57.396  -6.160 11.922525
137441  -30.436  -57.219  -6.351 11.712979
137442  -29.587  -58.257  -6.404 11.938239
137443  -30.430  -57.639  -6.581 11.706818
137444  -31.072  -56.914  -6.835 11.435501
137445  -31.628  -56.520  -7.420 11.103115
137446  -32.093  -56.001  -8.182 10.729215
137447  -32.302  -55.396  -8.882 10.327062
144004  -20.787  -81.275  -5.311 8.000949
144005  -21.195  -80.646  -5.077 8.034048
144006  -21.639  -79.930  -4.862 8.078918
144007  -22.002  -79.155  -4.796 8.138279
144010  -22.182  -78.451  -4.643 8.213820
144011  -22.305  -77.745  -4.312 8.306001
144012  -22.436  -76.995  -4.041 8.414248
144013  -22.713  -76.164  -3.822 8.537549
144021  -23.773  -75.640  -3.652 8.294483
144022  -23.098  -75.237  -3.667 8.674352
144023  -23.616  -74.194  -3.597 8.823112
144024  -24.090  -73.184  -3.619 8.982205
144025  -24.599  -72.202  -3.703 9.150401
144026  -26.182  -72.053  -3.755 8.512934
144027  -25.657  -71.646  -3.750 8.913434
144028  -25.099  -71.133  -3.855 9.326674
144029  -25.534  -70.112  -3.981 9.510001
144030  -25.876  -69.119  -4.181 9.699176
144031  -26.314  -68.087  -4.391 9.892656
144032  -26.732  -67.137  -4.570 10.087862
144033  -27.170  -67.572  -4.447 9.630180
144034  -27.974  -67.107  -4.635 9.359988
144035  -28.742  -66.722  -4.903 9.088664
144036  -28.901  -67.981  -4.914 8.524281
144037  -29.229  -67.098  -5.130 8.674425
144038  -29.449  -66.316  -5.379 8.821161
144039  -30.015  -65.859  -5.932 8.560725
144040  -30.448  -65.391  -6.663 8.309210
144041  -30.683  -64.838  -7.453 8.067584
162721  -16.181  -85.472  -10.736 8.063709
162736  -18.964  -81.142  -6.617 8.790753
162737  -18.419  -81.334  -7.230 8.948866
162738  -17.953  -81.464  -7.878 9.041104
162739  -18.540  -80.472  -8.042 9.276274
162740  -18.062  -81.083  -8.225 9.175188
162741  -17.573  -81.740  -8.433 9.063946
162742  -17.221  -81.971  -8.990 9.019491
162743  -16.936  -82.132  -9.702 8.915063
162744  -16.542  -82.193  -10.356 8.761562
162745  -16.811  -79.873  -8.954 9.482030
162746  -16.808  -80.177  -9.170 9.360530
162747  -16.757  -80.479  -9.336 9.227980
162748  -16.194  -80.431  -10.237 8.987460
162749  -16.348  -80.598  -9.773 9.048082
162750  -16.669  -80.847  -9.595 9.083107
162751  -16.589  -81.222  -9.978 8.925439
162752  -16.406  -81.730  -10.419 8.754806
162753  -16.119  -82.219  -10.921 8.571721
162754  -15.478  -82.357  -11.458 8.358934
162755  -15.006  -82.452  -12.066 8.135835
162757  -14.961  -81.535  -12.133 8.053366
162817  -16.186  -72.912  -10.119 8.674198
162818  -15.926  -72.229  -9.988 8.481087
162819  -15.593  -71.542  -9.905 8.279817
162820  -16.848  -69.746  -10.401 8.534595
162821  -16.118  -70.320  -10.141 8.290087
162822  -15.160  -70.955  -9.860 8.067245
162826  -17.780  -65.070  -10.131 8.480678
162827  -16.973  -65.981  -9.901 8.166101
162892  -25.880  -54.892  -3.817 8.090034
162893  -26.150  -53.759  -3.843 8.063239
162894  -26.346  -52.571  -3.856 8.012984
162895  -26.992  -51.913  -3.888 8.093231
162896  -27.649  -51.287  -3.950 8.129050
162897  -28.306  -50.603  -4.039 8.123405
162898  -23.556  -60.048  -6.514 9.515415
162899  -24.001  -59.983  -6.132 9.494906
162900  -24.512  -59.770  -5.739 9.474083
162901  -25.297  -58.518  -5.768 10.368325
162902  -25.137  -59.060  -5.573 9.905198
162903  -24.992  -59.506  -5.366 9.449477
162904  -25.419  -59.173  -5.015 9.416563
162905  -25.904  -58.601  -4.765 9.370440
162906  -26.305  -57.955  -4.562 9.306320
162907  -28.515  -56.498  -5.566 11.334547
162908  -28.307  -56.321  -5.411 11.005310
162909  -27.844  -56.429  -5.229 10.652438
162910  -29.283  -55.178  -5.150 10.501441
162911  -28.378  -55.804  -5.054 10.433270
162912  -27.502  -56.702  -4.992 10.287761
162913  -27.302  -56.856  -4.790 9.921748
162914  -27.009  -57.089  -4.605 9.563528
162915  -26.599  -57.334  -4.367 9.220414
162916  -26.955  -56.481  -4.249 9.110674
162917  -27.345  -55.533  -4.086 8.976894
162918  -27.752  -54.339  -4.144 8.821432
162919  -28.865  -53.664  -4.446 9.114584
162920  -28.496  -53.473  -4.286 8.872600
162921  -28.150  -53.159  -4.128 8.648384
162922  -28.529  -51.973  -4.107 8.463264
162923  -28.718  -50.954  -4.145 8.272299
162924  -28.984  -49.921  -4.201 8.081251
162925  -29.679  -49.250  -4.383 8.009040
162928  -31.348  -49.223  -5.044 8.172539
162934  -33.029  -50.528  -6.113 8.821631
162935  -33.316  -49.678  -6.219 8.486061
162936  -33.595  -48.792  -6.287 8.175425
162937  -34.169  -48.625  -7.130 8.133873
162938  -34.070  -48.228  -6.755 8.014928
162952  -27.012  -66.278  -4.776 10.281142
162953  -27.377  -65.422  -4.942 10.467809
162954  -27.727  -64.545  -5.108 10.641627
162955  -29.002  -64.565  -5.269 9.849507
162956  -28.527  -64.161  -5.184 10.321472
162957  -28.081  -63.716  -5.247 10.795657
162958  -28.440  -62.900  -5.397 10.922412
162959  -28.896  -62.104  -5.666 11.014624
162960  -29.338  -61.303  -6.054 11.066062
162961  -30.960  -62.866  -7.946 8.601340
162962  -30.921  -62.523  -7.579 8.983168
162963  -30.777  -62.127  -7.272 9.388955
162964  -31.098  -60.887  -8.798 9.076206
162965  -30.985  -61.347  -7.869 9.438756
162966  -30.569  -61.771  -6.992 9.812455
162967  -30.313  -61.451  -6.702 10.243750
162968  -30.076  -61.022  -6.549 10.669106
162969  -29.816  -60.595  -6.552 11.072137
162970  -30.294  -59.903  -7.043 11.030494
162971  -30.548  -59.166  -7.514 10.941178
162972  -30.981  -58.375  -7.948 10.806290
162973  -31.176  -58.059  -9.442 10.058955
162974  -31.242  -57.777  -8.914 10.362863
162975  -31.365  -57.462  -8.499 10.629890
162976  -31.745  -56.539  -8.963 10.417360
162977  -32.063  -55.648  -9.294 10.174822
162978  -32.374  -54.704  -9.614 9.908641
162996  -29.479  -55.069  -12.305 8.166362
162997  -29.907  -54.695  -12.086 8.399630
162998  -30.360  -54.549  -11.811 8.637373
162999  -30.894  -54.290  -11.542 8.873337
163000  -30.663  -52.340  -12.077 8.283060
163001  -31.084  -53.318  -11.640 8.681290
163002  -31.373  -54.229  -11.098 9.099460
163003  -31.874  -54.051  -10.749 9.306362
163004  -32.292  -53.964  -10.281 9.484564
163005  -32.655  -53.784  -9.768 9.625396
163006  -32.926  -52.867  -9.819 9.331492
163007  -33.137  -51.892  -9.869 9.032976
163008  -33.435  -50.893  -9.892 8.735858
163009  -32.974  -50.186  -10.872 8.294180
163010  -33.377  -50.106  -10.392 8.386427
163011  -33.675  -50.021  -9.866 8.445683
163012  -34.049  -48.905  -10.043 8.167967
