#!ascii label  , from subject fsaverage vox2ras=TkReg coords=white
1464
60  -34.987  -11.102  18.968 18.666677
273  -34.280  -8.194  13.182 25.347694
396  -32.215  -24.083  18.417 18.875845
536  -33.108  -21.264  9.043 25.195675
537  -35.212  -19.494  1.067 22.753475
1177  -34.381  -17.732  19.865 19.906931
1178  -32.316  -23.722  12.983 25.134972
1179  -34.719  -17.413  16.298 26.508053
1180  -36.026  -6.315  11.182 22.815821
1181  -38.550  -14.583  9.483 26.455776
1182  -39.269  -12.874  5.594 23.050034
1183  -34.733  -17.234  -1.940 21.047083
1642  -37.448  -4.229  19.564 18.611330
1643  -33.424  -10.022  15.946 23.511799
1644  -34.728  -1.651  17.624 21.133797
1645  -32.739  0.940  14.657 19.460585
2246  -31.116  -28.593  11.892 17.663462
2247  -33.152  -27.537  6.965 17.248346
2249  -36.309  -16.014  13.072 27.268017
2250  -34.110  -19.885  5.104 23.497562
2252  -40.032  -22.801  -3.983 17.646263
2253  -40.688  -19.479  -6.723 18.479036
3097  -34.586  -14.270  19.967 19.401619
3098  -34.219  -17.829  17.957 24.065834
3099  -33.863  -14.230  18.132 22.745499
3100  -36.757  -5.708  9.825 18.997892
3101  -36.112  -10.696  7.091 23.492241
3102  -36.891  -9.935  5.809 19.142988
3103  -38.607  -11.900  3.705 18.768309
3697  -37.868  -0.833  18.504 18.385798
3698  -36.006  -3.110  18.686 20.302982
3699  -36.064  0.486  17.787 18.837721
3701  -33.286  3.656  15.899 16.971897
3703  -32.634  2.085  13.147 17.066704
4972  -31.263  -26.839  17.937 17.179874
4973  -30.578  -28.924  14.890 16.799089
4974  -30.859  -26.847  14.852 20.036745
4975  -32.728  -22.443  10.856 25.772707
4976  -31.595  -25.507  9.415 21.787676
4977  -32.274  -24.811  7.115 21.333258
4978  -34.438  -27.110  4.852 16.773764
4979  -33.129  -24.293  5.060 20.657930
4980  -33.588  -9.264  14.374 24.852596
4981  -33.465  -13.332  14.003 26.089911
4982  -33.997  -12.830  11.995 26.648502
4983  -36.540  -15.999  6.092 24.908859
4984  -36.632  -16.605  8.298 25.566332
4985  -34.831  -19.776  2.987 23.012157
4986  -35.342  -23.682  1.064 19.897621
4987  -36.260  -23.089  -0.854 19.949289
4988  -39.592  -24.263  -2.547 16.692965
4989  -36.589  -21.937  -2.382 20.350376
4990  -34.517  -15.956  -3.596 18.028532
4991  -36.836  -18.886  -5.118 19.931446
4992  -37.384  -17.351  -6.584 17.735834
4993  -41.291  -17.706  -8.205 17.280233
6727  -33.323  -21.041  19.139 19.736368
6728  -32.083  -24.399  15.550 22.779625
6729  -33.360  -21.493  16.754 24.248299
6730  -33.952  -20.997  14.688 27.007524
6731  -34.850  -20.064  13.092 27.710611
6732  -35.183  -7.115  12.272 24.781836
6733  -34.783  -12.302  10.175 26.632523
6734  -35.298  -11.489  8.515 25.773157
6735  -39.087  -13.807  7.526 25.375080
6736  -36.279  -15.363  4.076 23.979185
6737  -35.062  -18.433  -0.524 22.400572
6738  -36.002  -14.761  2.176 22.037992
6739  -35.660  -14.049  0.098 18.314423
7672  -36.406  -7.636  19.134 18.395912
7673  -33.900  -10.736  17.534 21.441074
7674  -35.313  -6.952  18.204 20.765142
7675  -34.932  -5.809  17.094 22.500595
7676  -34.778  -4.347  16.023 23.322180
7677  -34.486  2.021  16.819 18.320734
7678  -33.484  -0.295  16.184 20.849123
7679  -34.377  -3.029  14.752 22.981127
7680  -34.213  -2.241  13.151 21.351950
7681  -34.654  -1.895  11.492 18.284481
8288  -39.374  -1.849  18.834 17.140198
9299  -31.052  -26.282  11.943 21.503214
9300  -32.016  -28.034  9.286 17.650928
9305  -33.406  -13.817  16.080 24.901962
9306  -35.318  -16.691  14.786 27.307468
9307  -35.750  -18.781  11.862 27.142109
9308  -37.592  -15.350  11.357 26.969959
9309  -36.402  -17.603  10.203 26.290552
9310  -33.539  -20.237  7.222 24.259651
9311  -34.202  -23.978  3.075 20.143311
9317  -36.670  -20.428  -3.773 20.698677
9318  -40.265  -21.148  -5.335 18.598438
9320  -44.382  -18.323  -6.975 16.801903
9321  -45.076  -16.250  -8.244 16.607128
10777  -34.669  -12.701  19.545 19.012621
10778  -34.161  -14.309  19.053 21.212265
10779  -34.156  -12.658  18.717 20.630011
10781  -35.806  -7.607  7.661 19.149492
11377  -37.734  0.828  17.451 17.648802
11378  -36.932  -0.218  18.185 18.726799
11379  -36.881  1.551  17.164 17.607960
12652  -31.660  -25.556  18.058 18.142157
12653  -31.024  -26.837  16.396 18.775772
12654  -31.488  -25.669  16.598 19.997959
12655  -32.941  -21.813  9.928 25.581921
12656  -32.134  -23.493  8.884 23.747643
12657  -32.422  -23.090  7.833 23.412977
12658  -32.676  -24.475  6.042 20.993055
12659  -32.718  -22.589  6.948 23.005613
12660  -33.857  -8.750  13.739 25.217489
12661  -33.359  -11.097  13.040 25.882835
12662  -33.614  -10.760  12.135 26.110424
12663  -35.360  -17.507  3.504 23.867691
12664  -35.187  -17.684  4.473 24.117826
12665  -35.085  -19.698  2.030 22.862711
12666  -35.220  -21.687  0.819 21.518541
12667  -35.388  -21.362  -0.155 21.522657
12668  -36.461  -22.565  -1.627 20.112316
12669  -35.451  -20.870  -0.928 21.585218
12671  -35.621  -16.841  -5.455 17.898090
15052  -33.794  -19.519  19.532 19.908339
15053  -33.217  -21.388  17.905 22.152678
15054  -33.684  -19.704  18.457 22.300770
15055  -34.375  -17.701  17.062 25.524887
15056  -34.048  -19.555  16.462 25.945999
15057  -34.442  -19.320  15.563 27.005955
15058  -34.384  -20.569  13.872 27.586851
15059  -34.999  -18.843  15.030 27.561653
15060  -35.636  -6.686  11.700 24.002317
15061  -34.519  -9.349  10.048 25.427338
15062  -34.835  -8.765  9.500 24.575678
15063  -38.307  -11.990  6.570 23.395933
15064  -37.931  -12.402  7.290 24.793463
15065  -39.224  -13.295  6.547 24.420551
15066  -38.198  -14.561  6.041 24.741034
15067  -37.941  -14.093  5.051 23.846237
15068  -36.153  -15.058  3.161 23.195755
15069  -37.709  -13.623  4.154 22.561712
15071  -36.975  -12.810  2.105 18.523693
16852  -37.005  -5.948  19.548 18.479301
16853  -35.773  -7.363  18.718 19.645449
16854  -36.393  -5.520  19.161 19.596359
16855  -35.378  -2.436  18.213 20.846821
16856  -35.421  -4.343  18.078 21.362318
16857  -35.028  -3.668  17.535 21.930964
16858  -34.853  -5.051  16.576 23.044319
16859  -34.588  -2.900  16.957 22.234718
16861  -35.291  3.260  16.685 16.865931
16863  -32.802  2.261  15.349 18.309946
16864  -33.278  1.568  16.031 19.086292
16865  -33.018  0.351  15.442 20.284193
16866  -33.573  -1.577  15.543 21.951624
16867  -33.281  -1.013  14.687 21.355795
16868  -34.212  -2.607  14.000 22.334572
16869  -33.176  -0.552  13.879 20.461176
16871  -33.285  0.225  12.230 17.748243
18229  -40.253  -0.833  17.945 16.588806
18230  -39.434  -0.331  17.887 17.115389
20680  -30.788  -28.786  13.294 17.373270
20685  -32.186  -24.137  14.220 24.175777
20686  -31.401  -25.416  13.643 22.671970
20687  -31.510  -24.995  12.329 23.437876
20688  -32.109  -26.631  7.984 19.465979
20689  -31.655  -26.915  9.211 19.638166
20690  -32.545  -27.769  8.130 17.474491
20700  -33.566  -10.418  16.723 22.565664
20701  -33.316  -12.241  16.830 23.195124
20702  -33.123  -11.995  15.835 24.143143
20703  -34.680  -14.764  13.387 26.924311
20704  -34.372  -15.011  14.389 26.716997
20705  -35.707  -16.287  13.994 27.343208
20706  -36.118  -17.946  13.846 27.601652
20707  -36.577  -17.490  13.019 27.351250
20708  -36.784  -13.655  9.886 26.748060
20709  -36.387  -14.047  10.695 26.951624
20710  -38.156  -14.949  10.454 26.754051
20711  -34.937  -17.850  6.803 24.695456
20712  -36.589  -17.077  9.295 25.909376
20713  -34.755  -18.133  7.789 25.062275
20714  -34.651  -18.562  8.792 25.491497
20715  -33.799  -19.975  6.216 23.843990
20716  -33.431  -22.147  4.870 22.242470
20717  -33.887  -22.059  3.836 21.953625
20718  -36.979  -24.898  -0.168 18.061605
20719  -36.383  -25.247  0.806 18.057302
20725  -39.830  -23.568  -3.282 17.113016
20730  -34.875  -17.843  -1.275 21.917576
20731  -35.339  -19.591  -2.372 21.587563
20732  -35.291  -18.974  -3.169 21.257427
20733  -38.690  -19.290  -6.019 19.243626
20734  -38.459  -20.085  -5.337 19.663570
20735  -40.411  -20.310  -6.023 18.713610
20736  -42.218  -20.922  -5.626 17.419775
20737  -42.390  -20.068  -6.333 17.695141
20738  -44.178  -19.293  -6.266 16.633713
20739  -42.557  -19.166  -7.044 17.661228
20740  -41.782  -16.825  -8.903 16.588896
20741  -43.240  -17.224  -8.440 16.979511
24007  -34.567  -15.994  20.050 19.727289
24008  -34.192  -17.849  18.899 22.158422
24009  -34.298  -16.042  19.142 21.764648
24010  -34.147  -16.005  18.210 23.477228
24011  -34.161  -15.811  17.321 24.799603
24012  -36.368  -5.940  10.526 21.160759
24013  -35.186  -8.355  8.917 23.289377
24014  -35.449  -7.989  8.253 21.493187
24015  -36.482  -10.247  6.494 21.598457
24016  -38.726  -11.519  5.714 21.472979
24017  -39.082  -12.443  4.644 21.173893
24018  -38.746  -11.089  4.924 18.997456
25087  -37.771  -2.449  19.209 18.644003
25088  -36.717  -3.662  19.159 19.543543
25089  -36.931  -1.872  18.883 19.318558
25090  -36.096  -1.230  18.425 19.785994
25091  -35.255  -0.570  17.892 20.008549
25096  -32.585  2.979  14.652 17.342461
25097  -32.599  1.559  13.874 18.389030
27384  -30.710  -27.980  16.420 17.383554
27385  -30.579  -27.924  14.788 18.428129
27386  -30.684  -27.785  13.291 19.132887
27387  -32.506  -23.152  11.911 25.653172
27388  -31.695  -24.486  11.135 23.838966
27389  -31.929  -23.956  10.004 23.919056
27390  -31.933  -25.115  8.261 21.620487
27391  -32.610  -26.368  6.854 19.213806
27392  -33.775  -27.312  5.871 17.006060
27393  -33.117  -26.082  5.746 18.928925
27394  -33.719  -25.918  4.697 18.652639
27395  -34.299  -25.731  3.773 18.415709
27396  -33.428  -9.720  15.139 24.277630
27397  -33.069  -11.757  14.893 24.897114
27398  -33.171  -11.417  13.986 25.475325
27399  -33.644  -13.001  12.987 26.436415
27400  -35.163  -14.536  12.444 27.022293
27401  -38.376  -15.369  8.136 25.807627
27402  -38.286  -15.798  9.190 26.156307
27403  -36.569  -16.220  7.253 25.243233
27404  -35.020  -17.743  5.595 24.385294
27405  -34.467  -19.793  4.078 23.221586
27406  -34.379  -22.001  2.802 21.736490
27407  -34.825  -21.810  1.868 21.590384
27408  -35.918  -23.471  0.090 19.880760
27409  -37.392  -24.431  -1.091 18.145433
27411  -37.739  -23.886  -1.879 18.332897
27412  -37.968  -23.230  -2.653 18.637749
27413  -38.159  -22.508  -3.379 19.035559
27414  -34.464  -16.660  -2.742 19.728872
27415  -35.240  -18.300  -3.904 20.527538
27416  -35.369  -17.614  -4.675 19.373247
27417  -37.015  -18.106  -5.842 18.961544
27418  -38.999  -18.495  -6.783 18.485601
27419  -40.975  -18.624  -7.444 17.955986
27420  -39.256  -17.667  -7.471 17.530228
31057  -32.809  -22.631  18.778 19.397270
31058  -32.096  -24.359  16.951 20.988020
31059  -32.732  -22.931  17.429 21.711775
31060  -32.803  -23.032  16.129 23.712069
31061  -32.996  -22.849  14.922 25.290865
31062  -33.761  -19.724  17.432 24.356661
31063  -33.587  -21.301  15.669 25.893461
31064  -33.267  -22.475  13.799 26.377380
31065  -33.553  -21.897  12.868 26.956903
31066  -33.823  -21.252  11.933 27.084009
31067  -34.093  -20.526  11.146 26.872375
31068  -34.770  -7.572  12.800 25.214432
31069  -33.898  -10.264  11.416 26.135941
31070  -34.198  -9.808  10.698 25.924868
31071  -35.077  -11.934  9.302 26.337368
31072  -37.235  -13.303  8.997 26.372034
31073  -35.637  -11.082  7.819 24.856394
31074  -37.581  -12.817  8.179 25.751383
31075  -38.857  -14.200  8.485 26.021313
31076  -38.417  -14.963  7.098 25.361095
31077  -36.455  -15.745  4.954 24.513514
31078  -35.452  -17.236  2.520 23.586462
31079  -35.270  -18.963  0.212 22.632498
31080  -35.472  -16.869  1.657 23.188416
31081  -35.388  -16.577  0.872 22.549423
31082  -35.177  -16.091  -0.040 21.535206
31083  -37.384  -13.167  3.188 20.793522
31084  -35.856  -14.440  1.073 20.411512
31085  -34.977  -15.610  -0.878 20.061651
31086  -34.675  -15.014  -1.657 18.155697
33442  -35.657  -9.440  18.697 18.449541
33443  -34.403  -11.003  18.285 20.137821
33444  -34.998  -9.241  18.272 19.807135
33445  -34.478  -8.937  17.674 21.027533
33446  -34.245  -8.469  17.061 22.093857
33447  -35.851  -4.972  18.618 20.569752
33448  -35.119  -6.413  17.670 21.727921
33449  -34.157  -8.054  16.403 22.988810
33450  -34.277  -7.477  15.774 23.688128
33451  -34.626  -6.791  15.330 24.161573
33452  -34.935  -5.951  14.922 24.378601
33453  -36.027  2.332  16.894 17.342854
33454  -35.220  1.227  17.274 18.700129
33455  -34.506  0.088  17.294 19.962406
33456  -33.833  2.882  16.367 17.730480
33457  -33.836  0.859  16.666 19.647549
33458  -34.062  -0.978  16.902 21.136471
33459  -34.093  -2.182  16.278 22.245281
33460  -34.577  -3.472  15.501 23.306591
33461  -35.164  -5.469  14.393 24.312292
33462  -35.315  -4.916  13.870 23.938303
33463  -35.603  -4.522  13.258 23.228727
33464  -35.941  -4.276  12.588 22.146877
33465  -33.164  -0.140  13.011 19.263258
33466  -34.390  -2.031  12.281 20.010254
33467  -36.318  -4.044  11.874 20.649515
33468  -36.641  -3.865  11.111 18.702089
35118  -32.907  -22.666  19.706 16.900408
35119  -33.473  -21.063  20.094 17.152061
35120  -34.076  -19.426  20.409 17.341948
35121  -34.616  -17.805  20.611 17.464197
35124  -34.964  -16.062  20.745 17.488504
35125  -35.112  -14.432  20.640 17.399862
35126  -35.195  -12.913  20.184 17.232029
35127  -35.492  -11.416  19.452 17.063993
35154  -36.169  -9.806  18.959 16.983013
35155  -36.962  -8.021  19.329 17.044504
35156  -37.601  -6.331  19.780 17.250887
35157  -38.117  -4.599  19.789 17.543758
35159  -39.173  -3.388  19.493 16.826563
35160  -38.446  -2.945  19.392 17.801497
35161  -38.645  -1.344  18.701 17.845858
35162  -38.589  0.217  17.725 17.476992
38135  -31.409  -25.636  15.109 21.522635
38136  -30.903  -26.634  13.344 20.939709
38137  -30.948  -27.545  11.792 19.530691
38138  -31.281  -25.888  10.636 21.768585
38139  -31.278  -27.265  10.413 19.678720
38140  -31.528  -28.315  10.567 17.733294
38153  -33.676  -12.491  17.785 22.028915
38154  -33.588  -14.022  17.114 23.969227
38155  -34.145  -15.550  16.365 25.736252
38156  -33.360  -13.508  15.080 25.591368
38157  -34.165  -15.298  15.375 26.347092
38158  -35.018  -16.977  15.601 27.067484
38159  -35.583  -18.439  14.419 27.714476
38160  -35.411  -19.441  12.571 27.513973
38161  -34.306  -19.854  10.417 26.460340
38162  -34.387  -12.614  11.025 26.721943
38163  -35.684  -14.286  11.517 27.033339
38164  -36.943  -15.707  12.267 27.137495
38165  -38.076  -16.305  10.236 26.459919
38166  -37.642  -16.708  11.183 26.753294
38167  -37.154  -17.110  12.111 27.053236
38168  -36.146  -18.162  11.010 26.710785
38169  -34.536  -19.156  9.668 25.971750
38170  -33.310  -20.697  8.097 24.726538
38171  -33.048  -22.384  5.883 22.599731
38172  -33.662  -24.121  4.055 20.368172
38173  -34.998  -25.592  2.782 18.235535
38174  -34.817  -23.906  2.091 19.986809
38175  -35.701  -25.452  1.796 18.116446
38189  -35.441  -20.302  -1.717 21.645582
38190  -36.617  -21.141  -3.080 20.590488
38191  -38.320  -21.728  -4.063 19.439190
38192  -36.686  -19.698  -4.484 20.515013
38193  -38.388  -20.920  -4.713 19.701103
38194  -40.103  -21.994  -4.667 18.193174
38195  -42.142  -21.772  -4.903 16.878431
38201  -42.874  -18.226  -7.759 17.382296
38202  -44.739  -17.292  -7.615 16.759056
41497  -34.788  -11.895  19.269 18.828020
41498  -34.416  -12.682  19.138 19.846170
41499  -34.499  -11.874  18.868 19.619373
42097  -37.697  1.660  16.892 17.062931
42098  -37.309  1.166  17.295 17.656115
42099  -37.262  2.076  16.755 16.973083
43372  -31.922  -24.817  18.236 18.537245
43373  -31.559  -25.619  17.324 19.107012
43374  -31.830  -24.944  17.491 19.566563
43375  -33.015  -21.488  9.501 25.405771
43376  -32.591  -22.417  8.854 24.554384
43377  -32.703  -22.156  8.401 24.357718
43378  -32.557  -22.840  7.360 23.213167
43379  -32.765  -21.947  7.927 24.141476
43380  -34.111  -8.471  13.467 25.313581
43381  -33.668  -9.747  12.920 25.691687
43382  -33.811  -9.493  12.569 25.760651
43383  -35.272  -18.503  2.275 23.317425
43384  -35.187  -18.582  2.782 23.408691
43385  -35.165  -19.608  1.568 22.805292
43386  -35.145  -20.630  0.856 22.201895
43387  -35.196  -20.443  0.418 22.185371
43388  -35.375  -21.111  -0.553 21.549145
43389  -35.216  -20.170  0.049 22.176504
45772  -34.125  -18.719  19.710 19.930132
45773  -33.729  -19.636  18.967 21.136806
45774  -34.020  -18.721  19.207 21.130671
45775  -34.525  -17.570  16.698 26.074310
45776  -34.435  -18.531  16.425 26.358784
45777  -34.657  -18.380  16.004 26.805948
45778  -34.696  -19.096  15.238 27.341881
45779  -34.878  -18.156  15.687 27.134970
45780  -35.865  -6.470  11.476 23.463993
45781  -35.110  -7.740  10.573 24.320021
45782  -35.324  -7.513  10.354 23.758541
45783  -39.123  -12.437  6.188 23.248217
45784  -39.051  -12.648  6.627 24.004200
45785  -39.272  -13.092  6.055 23.793797
45786  -38.874  -13.711  5.859 24.150290
45787  -38.794  -13.492  5.412 23.540285
45788  -37.872  -13.832  4.643 23.259668
45789  -38.628  -13.229  4.931 22.816256
47572  -37.264  -5.049  19.596 18.547132
47573  -36.680  -5.747  19.351 19.053751
47574  -36.926  -4.866  19.430 19.080776
47575  -35.042  -2.047  17.915 21.024586
47576  -35.144  -3.061  17.934 21.384954
47577  -34.912  -2.700  17.612 21.570457
47578  -34.829  -3.284  17.259 22.118130
47579  -34.618  -2.290  17.300 21.686144
47583  -32.727  1.547  15.016 18.906759
47584  -32.863  1.286  15.388 19.333328
47585  -32.850  0.688  15.032 19.903780
47586  -33.097  -0.255  15.083 20.833437
47587  -32.956  -0.005  14.660 20.439503
47588  -33.186  -0.816  14.268 20.945860
47589  -32.852  0.228  14.274 19.976801
51400  -30.944  -28.713  12.587 17.550274
51401  -31.116  -29.140  12.718 16.698442
51402  -31.307  -29.036  12.033 16.797100
51404  -31.526  -28.895  11.389 16.842779
51405  -32.227  -23.980  13.553 24.711229
51406  -31.798  -24.570  13.181 23.947905
51407  -31.877  -24.344  12.604 24.330044
51408  -32.582  -27.101  7.438 18.327772
51409  -32.284  -27.226  8.010 18.441639
51410  -32.849  -27.637  7.538 17.365381
51420  -33.472  -10.190  16.356 23.061001
51421  -33.294  -11.115  16.315 23.359053
51422  -33.196  -11.022  15.848 23.811361
51423  -35.513  -15.450  13.205 27.163530
51424  -35.196  -15.507  13.658 27.145691
51425  -36.023  -16.159  13.501 27.315077
51426  -36.338  -16.913  13.741 27.428688
51427  -36.587  -16.743  13.242 27.335876
51428  -37.860  -14.115  9.822 26.651386
51429  -37.590  -14.295  10.264 26.794367
51430  -38.354  -14.767  10.000 26.618149
51431  -34.407  -18.809  5.927 24.140295
51432  -34.797  -17.942  7.305 24.871149
51433  -34.292  -18.902  6.426 24.313011
51434  -34.204  -18.958  6.998 24.502857
51435  -33.969  -19.935  5.661 23.661844
51436  -33.769  -21.023  4.956 22.917725
51437  -33.954  -20.961  4.435 22.766592
51438  -37.800  -25.236  -0.549 17.159540
51439  -37.538  -25.474  -0.093 17.133677
51445  -39.944  -23.188  -3.655 17.370052
51447  -40.912  -23.139  -3.792 16.624578
51449  -41.003  -22.753  -4.155 16.931072
51450  -34.814  -17.560  -1.595 21.537138
51451  -34.985  -18.462  -2.232 21.594660
51452  -34.893  -18.139  -2.536 21.249510
51453  -39.690  -19.427  -6.408 18.869310
51454  -39.537  -19.852  -6.049 19.079624
51455  -40.545  -19.903  -6.358 18.638916
51456  -41.393  -20.270  -6.220 18.211090
51457  -41.490  -19.853  -6.557 18.182964
51458  -42.414  -19.628  -6.688 17.714987
51459  -41.616  -19.400  -6.930 18.075668
51461  -42.757  -16.570  -9.053 16.589840
55372  -34.592  -15.127  20.046 19.578571
55373  -34.405  -16.020  19.612 20.779905
55374  -34.372  -15.149  19.597 20.572109
55375  -34.015  -14.251  18.598 22.016865
55376  -34.108  -15.128  18.660 22.352091
55377  -34.007  -15.115  18.196 23.118778
55378  -34.169  -15.921  17.773 24.188511
55379  -33.956  -15.025  17.759 23.796677
55380  -36.585  -5.827  10.203 20.143484
55381  -35.797  -6.873  9.439 21.352959
55382  -35.976  -6.759  9.087 20.289618
55383  -35.928  -8.815  6.535 19.165699
55384  -35.862  -8.966  6.933 20.439791
55385  -36.640  -10.076  6.167 20.439707
55386  -37.585  -11.001  6.086 21.562357
55387  -37.804  -10.892  5.682 20.391794
55388  -38.772  -11.325  5.314 20.302301
55389  -37.958  -10.615  5.356 19.084784
57172  -37.886  -1.590  18.903 18.563963
57173  -37.345  -2.146  19.034 19.004660
57174  -37.400  -1.326  18.739 18.847515
57175  -36.515  0.190  17.983 18.812609
57176  -36.495  -0.742  18.367 19.257654
57177  -36.094  -0.372  18.159 19.375439
57178  -35.670  -0.930  18.181 19.929838
57179  -35.645  -0.037  17.898 19.430046
57186  -32.651  3.768  15.061 16.739939
57188  -32.474  3.432  14.338 16.789680
60997  -31.090  -27.423  17.923 16.618980
60998  -30.816  -27.985  17.226 16.736231
60999  -30.951  -27.424  17.174 17.395533
61000  -30.931  -26.845  15.639 19.450798
61001  -30.753  -27.397  15.592 18.712370
61002  -30.668  -27.389  14.799 19.241135
61003  -30.614  -27.863  14.027 18.821829
61004  -30.692  -27.327  14.052 19.681887
61005  -32.609  -22.827  11.346 25.758192
61006  -32.162  -23.499  10.948 24.887547
61007  -32.273  -23.170  10.433 24.898407
61008  -32.121  -24.149  7.948 22.560953
61009  -31.968  -24.318  8.526 22.703018
61010  -32.095  -24.970  7.681 21.487617
61011  -32.185  -25.795  7.476 20.407166
61012  -32.402  -25.629  6.937 20.264252
61013  -32.842  -26.227  6.293 19.072668
61014  -32.602  -25.456  6.401 20.110832
61015  -32.926  -24.382  5.551 20.821804
61016  -33.126  -25.230  5.339 19.798122
61017  -33.406  -25.186  4.797 19.649744
61018  -34.033  -25.835  4.210 18.527853
61019  -33.660  -25.105  4.325 19.512365
61020  -33.496  -9.432  14.783 24.589981
61021  -33.184  -10.538  14.575 24.896744
61022  -33.286  -10.366  14.115 25.168135
61023  -33.526  -11.977  12.458 26.306814
61024  -33.412  -12.074  12.966 26.170031
61025  -33.800  -12.910  12.476 26.559052
61026  -34.306  -13.804  12.658 26.783550
61027  -34.474  -13.693  12.149 26.852539
61028  -37.538  -15.650  7.194 25.382250
61029  -37.571  -15.831  7.771 25.563593
61030  -36.579  -16.161  6.623 25.079987
61031  -34.942  -18.711  3.708 23.604717
61032  -35.092  -17.717  4.993 24.247412
61033  -34.788  -18.745  4.222 23.717594
61034  -34.663  -18.751  4.807 23.843634
61035  -34.654  -19.786  3.504 23.108803
61036  -34.568  -20.815  2.927 22.420069
61037  -34.788  -20.811  2.374 22.339802
61038  -35.653  -22.461  -0.125 20.741341
61039  -35.491  -22.606  0.364 20.730896
61040  -36.114  -23.282  -0.392 19.903391
61041  -36.651  -24.024  -0.572 19.013821
61042  -36.792  -23.767  -0.997 19.066805
61043  -37.578  -24.176  -1.467 18.224850
61044  -36.942  -23.523  -1.402 19.145535
61045  -36.507  -22.277  -2.000 20.225060
61046  -37.160  -22.939  -2.160 19.382505
61047  -37.241  -22.588  -2.526 19.535839
61048  -38.067  -22.871  -3.043 18.828886
61049  -37.307  -22.236  -2.895 19.703196
61050  -34.499  -16.322  -3.163 18.917545
61051  -34.793  -17.169  -3.775 19.556406
61052  -34.854  -16.812  -4.175 18.795404
61053  -36.462  -17.106  -6.056 17.822046
61054  -36.307  -17.494  -5.697 18.524099
61055  -37.196  -17.714  -6.204 18.369846
61056  -38.010  -18.305  -6.324 18.731213
61057  -38.140  -17.907  -6.661 18.202316
61058  -39.113  -18.069  -7.114 18.022280
61059  -38.297  -17.517  -7.025 17.638670
68197  -33.069  -21.854  18.954 19.588028
68198  -32.747  -22.812  18.105 20.586031
68199  -33.012  -22.040  18.281 20.809032
68200  -33.253  -21.463  17.335 23.249495
68201  -33.027  -22.280  17.023 23.048262
68202  -33.093  -22.312  16.402 24.032862
68203  -32.889  -22.975  15.506 24.559612
68204  -33.199  -22.231  15.841 24.907736
68205  -34.207  -17.856  18.414 23.163202
68206  -33.931  -18.831  18.190 23.312267
68207  -34.022  -18.765  17.717 24.256489
68208  -34.031  -20.326  15.596 26.601988
68209  -33.835  -20.442  16.068 25.986397
68210  -33.778  -21.154  15.176 26.519148
68211  -33.512  -21.911  14.748 26.284529
68212  -33.646  -21.756  14.224 26.774075
68213  -33.391  -22.190  13.302 26.728764
68214  -33.820  -21.527  13.785 27.130461
68215  -34.594  -20.358  13.446 27.697998
68216  -34.186  -21.018  12.897 27.472546
68217  -34.374  -20.690  12.505 27.483789
68218  -33.983  -20.903  11.537 27.011879
68219  -34.570  -20.355  12.141 27.410984
68220  -34.917  -7.368  12.494 25.038229
68221  -34.375  -8.690  11.725 25.600273
68222  -34.496  -8.531  11.366 25.407965
68223  -34.753  -10.413  9.203 25.643404
68224  -34.571  -10.706  9.501 25.948126
68225  -35.249  -11.697  8.957 26.093685
68226  -36.075  -12.739  9.063 26.404469
68227  -36.224  -12.501  8.674 26.144436
68228  -35.371  -9.564  7.858 23.428122
68229  -35.168  -9.756  8.194 24.153763
68230  -35.905  -10.853  7.512 24.236044
68231  -38.727  -13.065  7.522 25.168676
68232  -37.715  -12.598  7.737 25.320938
68233  -38.591  -13.311  7.983 25.603115
68234  -38.430  -13.523  8.415 25.956598
68235  -39.061  -14.027  8.034 25.730244
68236  -38.963  -14.631  7.887 25.722662
68237  -38.971  -14.438  7.371 25.432089
68238  -37.234  -14.889  5.156 24.368553
68239  -37.358  -15.119  5.595 24.686050
68240  -36.373  -15.576  4.450 24.269938
68241  -35.786  -16.429  3.728 24.055161
68242  -35.698  -16.230  3.259 23.841805
68243  -35.502  -17.008  2.140 23.409086
68244  -35.700  -16.044  2.867 23.583778
68245  -36.037  -14.874  2.699 22.671015
68246  -35.622  -15.816  2.013 22.869827
68247  -35.559  -15.667  1.554 22.380444
68248  -35.288  -16.321  0.432 22.096561
68249  -35.454  -15.468  1.036 21.783037
68250  -38.818  -12.151  4.150 20.034758
68251  -38.299  -12.798  3.934 20.988062
68252  -38.080  -12.503  3.482 19.877621
68253  -36.211  -13.455  1.077 18.412790
68254  -36.353  -13.595  1.604 19.562864
68255  -35.747  -14.334  0.554 19.416973
68256  -35.266  -15.132  -0.019 20.232536
68257  -35.275  -14.854  -0.392 19.281761
68258  -34.878  -15.326  -1.265 19.155872
68259  -35.150  -14.548  -0.787 18.229305
73597  -36.032  -8.543  18.875 18.402491
73598  -35.293  -9.390  18.492 19.144146
73599  -35.679  -8.470  18.683 19.069799
73600  -35.518  -7.191  18.471 20.223066
73601  -35.132  -8.143  18.197 20.311966
73602  -34.861  -7.983  17.902 20.881306
73603  -34.318  -8.725  17.360 21.580864
73604  -34.767  -7.716  17.629 21.412651
73605  -36.340  -3.386  18.953 19.947493
73606  -36.272  -4.320  18.943 20.039837
73607  -35.950  -4.048  18.684 20.455837
73608  -35.213  -4.996  17.647 21.922480
73609  -35.349  -5.367  17.908 21.553585
73610  -34.969  -6.158  17.330 22.140427
73611  -34.612  -7.241  17.033 22.349066
73612  -34.624  -6.964  16.748 22.746735
73613  -34.199  -7.777  16.089 23.364700
73614  -34.625  -6.621  16.468 23.091679
73615  -34.787  -4.817  16.251 23.218496
73616  -34.747  -5.949  15.959 23.605570
73617  -34.807  -5.514  15.735 23.765892
73618  -34.744  -6.388  15.110 24.303936
73619  -34.928  -5.025  15.554 23.856852
73621  -36.471  2.970  16.652 16.634823
73623  -34.855  2.607  16.809 17.608074
73624  -35.243  2.196  16.937 17.847111
73625  -34.843  1.542  17.087 18.539228
73626  -34.805  0.657  17.338 19.343386
73627  -34.478  1.029  17.066 19.202795
73629  -33.882  3.956  16.309 16.625309
73630  -33.532  3.285  16.131 17.369646
73631  -33.348  0.648  16.115 20.014246
73632  -33.518  1.255  16.344 19.395769
73633  -33.605  0.315  16.441 20.262634
73634  -33.918  -0.046  16.806 20.445230
73635  -33.760  -0.604  16.547 21.028587
73636  -34.002  -1.545  16.618 21.697546
73637  -33.705  -1.245  16.242 21.591230
73638  -33.889  -2.235  15.132 22.474625
73639  -34.045  -2.472  15.544 22.666914
73640  -34.458  -3.265  15.121 23.183189
73641  -35.009  -4.370  15.016 23.818352
73642  -34.938  -4.187  14.660 23.684067
73643  -35.368  -5.204  14.175 24.165325
73644  -34.931  -3.919  14.360 23.470150
73645  -34.194  -2.384  13.593 21.886543
73646  -34.887  -3.475  13.658 22.793333
73647  -34.964  -3.295  13.290 22.323967
73648  -35.783  -4.391  12.929 22.737015
73649  -35.104  -3.278  12.852 21.762180
73650  -32.614  1.815  13.508 17.759871
73651  -32.787  0.721  13.444 18.844570
73652  -32.850  0.929  13.062 18.172853
73653  -33.864  -0.850  11.811 18.032167
73654  -33.776  -0.963  12.208 18.886341
73655  -34.537  -1.953  11.901 19.196621
73656  -35.351  -3.024  12.071 20.343643
73657  -35.489  -2.936  11.675 19.479082
73658  -36.374  -3.897  11.453 19.733255
73659  -35.657  -2.849  11.292 18.507660
77625  -33.196  -21.859  19.917 17.035172
77630  -34.361  -18.617  20.539 17.413288
77640  -35.049  -15.227  20.733 17.457508
77645  -35.301  -12.163  19.821 17.142221
77715  -36.557  -8.887  19.062 16.994404
77718  -37.905  -6.539  19.865 16.605780
77719  -38.180  -5.693  19.940 16.780506
77720  -37.876  -5.452  19.879 17.392677
77721  -38.425  -4.834  19.871 16.970167
77725  -39.750  -2.032  18.857 16.734842
77727  -39.301  -2.610  19.196 17.012552
77728  -38.819  -3.166  19.471 17.328358
77729  -38.929  -2.413  19.180 17.454390
77730  -38.552  -2.132  19.094 17.862999
77731  -38.999  -1.596  18.773 17.511795
77732  -39.327  0.383  17.335 16.916246
77733  -39.006  -0.080  17.829 17.318350
77734  -38.909  0.669  17.248 17.024633
77735  -38.468  0.961  17.160 17.086832
77736  -38.751  1.396  16.652 16.582720
85095  -32.084  -24.396  16.238 21.929321
85096  -31.741  -25.062  16.013 21.400692
85097  -31.705  -25.052  15.263 22.186119
85098  -31.167  -25.841  12.800 22.199045
85099  -31.123  -26.029  13.506 21.824219
85100  -30.954  -26.458  12.647 21.261700
85101  -30.827  -27.066  12.535 20.311531
85102  -30.962  -26.938  11.856 20.511242
85103  -31.520  -24.947  10.260 22.876719
85104  -31.432  -25.186  10.855 22.819653
85105  -31.418  -25.706  10.002 21.805323
85106  -31.818  -27.511  9.183 18.616583
85107  -31.475  -27.099  9.779 19.678293
85108  -31.586  -27.665  9.791 18.665884
85109  -31.373  -27.817  10.460 18.680859
85110  -31.707  -28.175  9.949 17.707180
85111  -32.012  -28.639  10.066 16.810995
85112  -32.288  -28.496  9.463 16.750322
85125  -34.088  -27.222  5.366 16.887268
85140  -34.124  -10.928  17.923 20.811544
85141  -33.951  -11.803  18.071 21.065783
85142  -33.767  -11.637  17.611 21.714417
85143  -33.260  -13.015  16.475 24.067116
85144  -33.396  -13.132  16.985 23.567781
85145  -33.438  -13.894  16.610 24.469364
85146  -33.738  -14.768  16.736 24.890392
85147  -33.742  -14.671  16.239 25.316187
85148  -33.191  -12.550  14.458 25.528229
85149  -33.177  -12.695  14.961 25.234068
85150  -33.389  -13.416  14.557 25.861582
85151  -34.850  -15.837  14.620 27.023607
85152  -34.246  -15.137  14.880 26.556864
85153  -34.737  -16.000  15.092 26.900890
85154  -34.649  -16.128  15.545 26.721582
85155  -35.233  -16.859  15.196 27.219990
85156  -35.371  -17.757  15.084 27.489639
85157  -35.612  -17.564  14.758 27.546961
85158  -36.070  -18.451  12.921 27.466637
85159  -35.847  -18.716  13.261 27.614998
85160  -35.572  -19.091  12.260 27.341690
85161  -34.929  -19.656  11.532 27.086891
85162  -35.094  -19.322  11.209 26.870497
85163  -34.179  -11.352  10.695 26.427259
85164  -33.998  -11.530  11.071 26.467743
85165  -34.583  -12.507  10.556 26.699776
85166  -37.089  -14.683  11.065 26.992973
85167  -36.050  -14.138  11.116 27.005318
85168  -36.722  -14.816  11.510 27.059219
85169  -36.410  -14.987  11.941 27.108324
85170  -37.232  -15.532  11.814 27.058485
85171  -37.596  -16.212  8.829 25.895092
85172  -38.158  -16.006  9.699 26.311169
85173  -37.511  -16.451  9.319 26.055387
85174  -36.505  -17.377  9.736 26.094624
85175  -37.304  -16.976  10.232 26.384033
85176  -37.132  -17.203  10.732 26.556934
85177  -37.414  -16.911  11.676 26.902256
85178  -36.993  -17.437  11.202 26.736687
85179  -36.775  -17.676  11.610 26.922117
85180  -36.312  -17.856  10.634 26.496685
85181  -34.004  -19.305  8.003 24.932730
85182  -34.596  -18.849  9.229 25.726997
85183  -33.941  -19.578  8.457 25.169283
85184  -33.860  -19.867  8.887 25.414629
85185  -33.440  -20.474  7.679 24.488918
85186  -33.070  -21.488  6.951 23.692932
85187  -33.227  -21.330  6.467 23.476978
85188  -33.707  -23.068  3.911 21.191521
85189  -33.461  -23.154  4.421 21.328138
85190  -33.902  -24.044  3.554 20.247190
85191  -34.280  -24.936  3.323 19.281012
85192  -34.570  -24.847  2.864 19.189491
85193  -34.798  -22.894  1.888 20.820826
85194  -34.559  -23.030  2.330 20.887362
85195  -35.109  -23.818  1.573 19.933741
85196  -36.941  -25.850  0.868 17.133718
85197  -36.065  -25.373  1.291 18.079397
85198  -36.576  -25.976  1.337 17.155708
85199  -36.191  -26.061  1.824 17.191309
85230  -35.225  -18.680  -0.154 22.538519
85231  -35.237  -19.633  -0.761 22.145174
85232  -35.116  -19.349  -1.078 22.095608
85233  -35.867  -20.060  -3.165 21.155340
85234  -35.921  -20.439  -2.832 21.167555
85235  -36.552  -20.753  -3.428 20.671265
85236  -37.398  -21.445  -3.608 20.027525
85237  -37.490  -21.093  -3.947 20.148458
85238  -35.986  -18.680  -4.604 20.240852
85239  -35.862  -19.065  -4.280 20.623734
85240  -36.736  -19.311  -4.771 20.275669
85241  -39.361  -20.666  -5.389 19.224648
85242  -38.426  -20.506  -5.029 19.727642
85243  -39.297  -21.095  -5.059 19.161407
85244  -39.216  -21.511  -4.731 19.022526
85245  -40.174  -21.571  -5.004 18.423973
85246  -41.153  -21.967  -4.841 17.542250
85247  -41.214  -21.527  -5.174 17.806734
85248  -43.166  -20.622  -5.654 16.812267
85255  -44.257  -18.812  -6.622 16.749548
85260  -41.127  -18.158  -7.809 17.627953
85261  -41.941  -18.465  -7.652 17.674559
85262  -42.071  -18.016  -8.003 17.414297
85263  -44.195  -16.835  -8.389 16.804211
85264  -43.997  -17.331  -8.080 16.948158
85265  -44.842  -16.819  -7.940 16.690102
93127  -34.601  -13.512  19.775 19.208403
93128  -34.342  -14.321  19.505 20.337381
93129  -34.345  -13.526  19.353 20.090290
93130  -34.145  -13.469  18.912 20.916615
93131  -33.920  -13.401  18.491 21.680098
93132  -36.903  -5.568  9.447 17.728264
93133  -36.206  -6.586  8.795 19.093149
93134  -36.335  -6.392  8.463 17.769625
93135  -35.874  -7.349  7.351 17.781054
93136  -36.240  -8.595  6.252 17.763447
93137  -37.127  -9.757  5.444 17.719555
94207  -37.793  -0.002  18.000 18.086603
94208  -37.386  -0.541  18.361 18.583241
94209  -37.337  0.279  17.897 18.191004
94210  -36.914  0.660  17.698 18.239777
94211  -36.485  1.027  17.543 18.230198
96502  -31.440  -26.245  17.965 17.689163
96503  -31.131  -26.839  17.174 18.016096
96504  -31.336  -26.236  17.224 18.588772
96505  -31.236  -26.264  16.474 19.412706
96506  -31.161  -26.272  15.731 20.152147
96507  -32.853  -22.109  10.380 25.709171
96508  -32.404  -22.876  9.902 24.838055
96509  -32.505  -22.626  9.313 24.718912
96510  -32.285  -23.307  8.335 23.594902
96511  -32.272  -23.984  7.389 22.393501
96512  -32.478  -24.636  6.607 21.165808
96513  -32.469  -23.768  6.915 22.210344
96514  -32.631  -23.526  6.462 22.020645
96515  -32.793  -23.425  5.949 21.831961
96516  -33.725  -9.049  14.031 25.062714
96517  -33.357  -10.222  13.640 25.392550
96518  -33.491  -10.005  13.273 25.567924
96519  -33.447  -10.936  12.548 26.020214
96520  -33.703  -11.879  11.971 26.403744
96521  -35.732  -16.655  4.824 24.400576
96522  -35.690  -16.770  5.296 24.552744
96523  -35.273  -17.579  4.008 23.992876
96524  -35.066  -18.608  3.259 23.502796
96525  -34.973  -19.717  2.547 22.930658
96526  -34.953  -20.820  1.856 22.277025
96527  -35.092  -20.734  1.373 22.231487
96528  -35.313  -21.557  0.310 21.511414
96529  -35.766  -22.263  -0.583 20.773283
96530  -36.390  -22.839  -1.273 20.019203
96531  -35.826  -22.082  -1.005 20.825947
96532  -35.895  -21.778  -1.356 20.896065
96533  -35.950  -21.531  -1.783 20.977232
96534  -34.451  -15.583  -4.063 17.085651
96535  -34.884  -16.460  -4.649 17.965839
96536  -34.999  -16.064  -5.038 17.091700
96537  -35.757  -16.441  -5.826 17.095158
96538  -36.624  -16.707  -6.421 17.092669
96539  -37.598  -16.951  -6.960 17.081738
100822  -33.554  -20.266  19.334 19.843258
100823  -33.237  -21.235  18.522 20.975317
100824  -33.459  -20.470  18.718 21.084820
100825  -33.441  -20.573  18.160 22.263721
100826  -33.459  -20.626  17.636 23.360176
100827  -34.256  -17.783  17.500 24.855085
100828  -34.125  -18.727  17.242 25.083796
100829  -34.227  -18.643  16.808 25.785551
100830  -34.211  -19.440  16.061 26.542696
100831  -34.210  -20.190  15.135 27.080412
100832  -34.164  -20.815  14.279 27.360889
100833  -34.444  -20.008  14.711 27.425730
100834  -34.699  -19.777  14.382 27.647406
100835  -34.968  -19.549  14.086 27.759470
100836  -35.421  -6.904  12.018 24.438953
100837  -34.734  -8.276  11.098 25.135786
100838  -34.953  -8.023  10.837 24.776066
100839  -34.707  -9.054  9.769 25.050659
100840  -34.812  -10.148  8.805 25.250191
100841  -37.189  -11.452  6.766 23.480297
100842  -36.988  -11.723  7.074 24.235876
100843  -38.070  -12.181  6.941 24.155869
100844  -38.829  -12.854  7.095 24.640228
100845  -39.195  -13.529  7.071 24.943068
100846  -38.959  -14.258  6.852 25.082132
100847  -38.866  -13.957  6.337 24.659531
100848  -38.065  -14.329  5.529 24.335102
100849  -37.040  -14.689  4.636 23.986198
100850  -36.127  -15.184  3.651 23.626560
100851  -36.959  -14.466  4.226 23.523960
100852  -36.892  -14.284  3.733 22.966282
100853  -36.768  -14.088  3.253 22.299240
100854  -38.303  -11.678  3.179 17.390079
100855  -37.826  -12.319  2.952 18.643959
100856  -37.615  -12.139  2.416 17.303600
100857  -36.773  -12.682  1.498 17.228119
100858  -36.083  -13.249  0.517 17.167540
100859  -35.486  -13.806  -0.405 17.123636
104062  -36.741  -6.758  19.385 18.424543
104063  -36.065  -7.518  18.948 19.035328
104064  -36.390  -6.620  19.182 19.033651
104065  -36.110  -6.442  18.974 19.612724
104066  -35.848  -6.204  18.728 20.158314
104067  -35.699  -2.759  18.456 20.604574
104068  -35.672  -3.715  18.426 20.822411
104069  -35.413  -3.357  18.183 21.133968
104070  -35.232  -3.947  17.855 21.677380
104071  -35.048  -4.703  17.362 22.234598
104072  -34.902  -5.463  16.825 22.803535
104073  -34.960  -4.285  17.125 22.484690
104074  -34.787  -3.921  16.830 22.667967
104075  -34.688  -3.666  16.513 22.780428
104080  -34.513  3.012  16.625 17.320738
104081  -33.033  2.921  15.663 17.665709
104082  -33.260  2.522  15.944 18.069168
104083  -33.027  1.861  15.702 18.723148
104084  -33.092  0.957  15.773 19.703402
104085  -33.239  0.045  15.827 20.600126
104086  -33.472  -0.928  15.870 21.410803
104087  -33.264  -0.574  15.490 21.157650
104088  -33.427  -1.234  15.110 21.691164
104089  -33.720  -1.962  14.732 22.204206
104090  -34.255  -2.798  14.379 22.698750
104091  -33.648  -1.798  14.321 21.855417
104092  -33.604  -1.610  13.929 21.427248
104093  -33.601  -1.361  13.492 20.918524
104095  -32.878  1.116  12.651 17.428463
104096  -32.948  1.451  12.315 16.609787
104097  -33.328  0.433  11.847 16.867485
104098  -33.969  -0.718  11.435 17.086916
104099  -34.798  -1.831  11.102 17.273180
106541  -39.817  -1.327  18.436 16.853558
106542  -39.431  -1.071  18.386 17.182953
106543  -39.839  -0.594  17.935 16.871098
106544  -39.771  0.140  17.389 16.764196
110952  -30.659  -28.856  14.050 17.124813
110961  -32.117  -24.281  14.873 23.530531
110962  -31.726  -24.934  14.575 22.874773
110963  -31.749  -24.765  13.863 23.462723
110964  -31.453  -25.199  12.968 23.102272
110965  -31.235  -25.638  12.087 22.486689
110966  -31.799  -26.072  8.645 20.633158
110967  -31.596  -26.230  9.246 20.701719
110968  -31.886  -26.733  8.610 19.565216
110969  -32.048  -27.345  8.625 18.539787
110970  -32.286  -27.902  8.677 17.571344
110971  -32.566  -28.368  8.815 16.669403
110972  -32.851  -28.211  8.241 16.574215
110979  -34.761  -27.049  4.380 16.667856
110988  -33.719  -10.585  17.149 22.025795
110989  -33.566  -11.481  17.196 22.312151
110990  -33.394  -11.324  16.761 22.859856
110991  -33.216  -12.081  16.364 23.694935
110992  -33.216  -12.949  15.933 24.507925
110993  -33.996  -14.053  13.652 26.561338
110994  -33.863  -14.175  14.176 26.402853
110995  -34.518  -14.887  13.887 26.836903
110996  -35.020  -15.682  14.146 27.101767
110997  -35.487  -16.483  14.410 27.344263
110998  -35.868  -17.352  14.486 27.546043
110999  -36.062  -17.113  14.110 27.502296
111000  -36.393  -17.750  13.472 27.486923
111001  -36.280  -18.191  12.480 27.294413
111002  -35.670  -13.100  9.894 26.741438
111003  -35.547  -13.276  10.345 26.835423
111004  -36.672  -13.889  10.309 26.867748
111005  -37.438  -14.551  10.645 26.906284
111006  -37.921  -15.209  10.867 26.869717
111007  -35.707  -17.105  7.617 25.168390
111008  -36.644  -16.842  8.804 25.733931
111009  -35.684  -17.262  8.152 25.341856
111010  -35.597  -17.508  8.597 25.527758
111011  -35.577  -17.735  9.153 25.727179
111012  -35.530  -18.014  9.561 25.940243
111013  -34.716  -18.313  8.331 25.269230
111014  -34.130  -19.106  7.543 24.709826
111015  -33.691  -20.101  6.739 24.043720
111016  -33.387  -21.177  5.991 23.274078
111017  -33.568  -21.107  5.424 23.087103
111018  -33.674  -22.085  4.359 22.089027
111019  -33.967  -23.024  3.407 21.072554
111020  -36.161  -24.383  0.389 18.975779
111021  -35.820  -24.534  0.866 18.985773
111022  -36.688  -25.091  0.314 18.050816
111023  -37.231  -25.689  0.382 17.125816
111033  -39.708  -23.906  -2.904 16.885347
111042  -34.997  -18.149  -0.903 22.199852
111043  -35.090  -19.047  -1.459 22.000362
111044  -35.012  -18.772  -1.848 21.839678
111045  -35.354  -19.304  -2.778 21.466017
111046  -35.918  -19.763  -3.524 21.071970
111047  -37.745  -19.051  -5.592 19.598597
111048  -37.623  -19.494  -5.241 19.901222
111049  -38.563  -19.687  -5.686 19.501659
111050  -39.403  -20.239  -5.698 19.199175
111051  -40.336  -20.734  -5.696 18.698904
111052  -41.273  -21.136  -5.545 18.016485
111053  -41.317  -20.668  -5.885 18.154673
111054  -42.305  -20.495  -5.998 17.596165
111055  -43.253  -20.171  -6.008 17.026764
111057  -43.300  -19.737  -6.351 17.168764
111058  -43.372  -19.269  -6.689 17.236876
111059  -43.484  -18.824  -7.053 17.236719
111060  -41.518  -17.265  -8.536 16.929396
111061  -42.263  -17.529  -8.355 17.137175
111062  -42.488  -17.089  -8.700 16.858215
111063  -43.493  -16.755  -8.766 16.769272
111064  -44.412  -16.277  -8.704 16.658621
117457  -34.507  -16.855  19.984 19.838659
117458  -34.277  -17.776  19.397 21.066835
117459  -34.405  -16.927  19.532 20.947929
117460  -34.308  -16.942  19.049 21.988411
117461  -34.277  -16.947  18.576 22.943396
117462  -34.214  -15.151  19.139 21.500553
117463  -34.215  -16.034  18.657 22.667206
117464  -34.278  -16.912  18.176 23.799891
117465  -34.274  -16.844  17.682 24.549116
117466  -34.380  -16.729  17.284 25.187580
117467  -34.423  -16.612  16.842 25.716599
117468  -36.289  -6.132  10.896 22.050240
117469  -35.442  -7.293  10.046 23.082224
117470  -35.679  -7.083  9.753 22.282572
117471  -35.267  -8.133  8.588 22.458702
117472  -35.496  -9.366  7.526 22.571058
117473  -35.531  -7.745  7.977 20.389536
117474  -35.642  -9.212  7.158 21.575891
117475  -36.348  -10.511  6.776 22.615286
117476  -37.404  -11.253  6.416 22.591236
117477  -38.489  -11.751  6.179 22.503723
117478  -39.366  -12.165  5.824 22.362110
117479  -39.152  -12.645  5.147 22.178816
117480  -39.235  -12.011  5.272 21.339617
117481  -39.191  -11.767  4.807 20.179800
117482  -38.987  -11.508  4.372 18.888981
117483  -38.078  -10.418  4.970 17.653862
117484  -38.756  -10.894  4.516 17.572256
117485  -38.758  -11.251  3.880 17.481903
119977  -37.615  -3.360  19.436 18.651419
119978  -37.089  -3.951  19.396 19.096544
119979  -37.225  -3.027  19.249 19.079220
119980  -36.822  -2.747  19.060 19.464684
119981  -36.438  -2.484  18.871 19.802607
119982  -36.935  -1.074  18.580 19.080303
119983  -36.483  -1.626  18.674 19.580673
119984  -36.063  -2.151  18.637 20.087709
119985  -35.693  -1.833  18.373 20.314672
119986  -35.302  -1.493  18.131 20.478546
119987  -34.954  -1.068  17.800 20.575521
119996  -32.807  3.307  15.361 17.221979
119997  -32.691  2.602  15.006 17.849255
119998  -32.626  1.901  14.653 18.425564
119999  -32.617  1.241  14.284 18.955618
120000  -32.563  2.239  14.271 17.890402
120001  -32.511  2.694  13.933 17.301001
120002  -32.489  3.023  13.602 16.656071
125335  -30.629  -28.508  16.507 16.650158
125336  -30.552  -28.503  15.634 17.171831
125337  -30.836  -27.410  16.380 18.095938
125338  -30.628  -27.945  15.590 17.948757
125339  -30.543  -28.436  14.769 17.610363
125340  -30.607  -28.374  14.007 17.965675
125341  -30.687  -28.312  13.251 18.241138
125342  -30.830  -28.234  12.525 18.442572
125343  -32.408  -23.461  12.457 25.447750
125344  -31.951  -24.074  12.006 24.610945
125345  -32.059  -23.805  11.499 24.794703
125346  -31.792  -24.212  10.545 23.915361
125347  -31.702  -24.743  9.669 22.870470
125348  -32.055  -23.693  9.473 23.859528
125349  -31.836  -24.519  9.100 22.809460
125350  -31.758  -25.330  8.810 21.723366
125351  -31.987  -25.899  8.078 20.532539
125352  -32.372  -26.519  7.405 19.346834
125353  -32.868  -27.004  6.867 18.203276
125354  -33.461  -27.433  6.416 17.127468
125355  -33.128  -26.888  6.306 18.072954
125356  -33.433  -26.749  5.757 17.941133
125357  -33.756  -26.641  5.211 17.811804
125358  -32.816  -25.311  5.883 19.953453
125359  -33.407  -25.976  5.236 18.787479
125360  -34.068  -26.553  4.724 17.688421
125361  -34.393  -26.480  4.244 17.574022
125362  -34.767  -26.438  3.732 17.470762
125363  -35.077  -26.313  3.305 17.380247
125364  -33.400  -9.891  15.516 23.917747
125365  -33.145  -10.900  15.388 24.217966
125366  -33.162  -10.786  14.955 24.579752
125367  -33.098  -11.584  14.437 25.207552
125368  -33.236  -12.391  13.957 25.781096
125369  -33.220  -11.280  13.476 25.700697
125370  -33.301  -12.234  13.462 25.994671
125371  -33.554  -13.168  13.501 26.280514
125372  -34.075  -13.876  13.135 26.687088
125373  -34.913  -14.671  12.914 26.984858
125374  -35.785  -15.295  12.790 27.161106
125375  -38.778  -15.037  8.910 26.170328
125376  -38.622  -15.241  9.452 26.346451
125377  -38.318  -15.570  8.664 25.990488
125378  -37.569  -16.024  8.280 25.732681
125379  -36.632  -16.451  7.772 25.403893
125380  -35.702  -16.835  5.856 24.701057
125381  -35.649  -16.854  6.431 24.850674
125382  -35.658  -16.952  7.096 25.005468
125383  -34.911  -17.720  6.255 24.534048
125384  -34.477  -18.792  5.349 23.984146
125385  -34.288  -19.789  4.609 23.350956
125386  -34.149  -20.902  3.926 22.633410
125387  -34.367  -20.854  3.426 22.517939
125388  -34.611  -21.880  2.355 21.654449
125389  -35.010  -22.754  1.430 20.771919
125390  -35.026  -21.797  1.281 21.544880
125391  -35.273  -22.713  0.911 20.741484
125392  -35.670  -23.582  0.607 19.879459
125393  -36.443  -24.245  -0.134 18.984365
125394  -37.221  -24.679  -0.629 18.092199
125395  -38.024  -24.997  -0.988 17.206766
125397  -38.250  -24.746  -1.419 17.279205
125398  -38.424  -24.457  -1.866 17.380758
125399  -38.607  -24.123  -2.267 17.514416
125400  -37.089  -23.246  -1.796 19.251055
125401  -37.889  -23.584  -2.273 18.470959
125402  -38.759  -23.794  -2.688 17.681400
125403  -38.887  -23.454  -3.049 17.880322
125404  -38.991  -23.082  -3.409 18.105984
125405  -39.093  -22.737  -3.748 18.349018
125406  -34.643  -16.915  -2.322 20.442888
125407  -34.857  -17.797  -2.912 20.794472
125408  -34.794  -17.453  -3.326 20.227800
125409  -35.312  -17.969  -4.282 19.999594
125410  -36.046  -18.302  -4.973 19.754072
125411  -35.503  -17.234  -5.074 18.665346
125412  -36.167  -17.895  -5.308 19.175507
125413  -36.917  -18.457  -5.451 19.488682
125414  -37.904  -18.672  -5.982 19.203426
125415  -38.857  -18.885  -6.401 18.899496
125416  -39.847  -19.034  -6.794 18.579441
125417  -40.813  -19.080  -7.070 18.245916
125418  -39.990  -18.615  -7.156 18.226645
125419  -40.151  -18.179  -7.531 17.830580
125420  -40.298  -17.748  -7.878 17.410940
125421  -38.542  -17.107  -7.451 17.060850
125422  -39.517  -17.244  -7.897 17.029093
125423  -40.504  -17.332  -8.278 16.985661
134767  -32.518  -23.370  18.581 19.161161
134768  -32.143  -24.258  17.676 19.965969
134769  -32.455  -23.548  17.903 20.305420
134770  -32.433  -23.658  17.214 21.384451
134771  -32.435  -23.708  16.519 22.383944
134772  -32.987  -22.173  17.662 21.968313
134773  -32.756  -23.008  16.806 22.758589
134774  -32.474  -23.702  15.871 23.291586
134775  -32.550  -23.620  15.233 24.096804
134776  -32.610  -23.512  14.581 24.791090
134777  -32.711  -23.363  13.973 25.368341
134778  -33.963  -18.772  18.700 22.264677
134779  -33.677  -19.758  17.920 23.380087
134780  -33.524  -20.674  17.070 24.355896
134781  -33.903  -19.649  16.933 25.215546
134782  -33.661  -20.567  16.555 25.235319
134783  -33.444  -21.430  16.187 25.133753
134784  -33.344  -22.107  15.271 25.661057
134785  -33.163  -22.644  14.350 25.898098
134786  -32.792  -23.118  13.416 25.825302
134787  -32.905  -22.834  12.864 26.162121
134788  -33.036  -22.483  12.297 26.382584
134789  -33.120  -22.199  11.808 26.494564
134790  -34.003  -21.271  13.385 27.359692
134791  -33.671  -21.607  12.387 27.070953
134792  -33.250  -21.816  11.369 26.509426
134793  -33.354  -21.452  10.925 26.441425
134794  -33.471  -21.111  10.532 26.306406
134795  -33.563  -20.770  10.160 26.121092
134796  -34.542  -7.818  13.012 25.316063
134797  -34.004  -9.195  12.284 25.771320
134798  -34.123  -8.867  11.991 25.719501
134799  -34.107  -10.010  11.110 26.062662
134800  -34.325  -11.146  10.292 26.331726
134801  -34.381  -9.637  10.329 25.715740
134802  -34.460  -10.918  9.875 26.174606
134803  -34.920  -12.094  9.746 26.514080
134804  -35.894  -12.911  9.491 26.600342
134805  -37.062  -13.533  9.425 26.585569
134806  -38.061  -13.955  9.309 26.470114
134807  -34.961  -8.592  9.160 23.991972
134808  -35.002  -9.969  8.485 24.757435
134809  -35.505  -11.248  8.198 25.364687
134810  -36.742  -11.838  7.511 24.867912
134811  -36.512  -12.044  7.896 25.388292
134812  -36.345  -12.263  8.265 25.809601
134813  -37.337  -13.016  8.543 26.097698
134814  -38.275  -13.705  8.864 26.241817
134815  -38.803  -14.369  8.986 26.259798
134816  -38.825  -14.830  8.375 25.965305
134817  -38.389  -15.178  7.612 25.600708
134818  -37.529  -15.483  6.675 25.181589
134819  -38.353  -14.789  6.620 25.078516
134820  -37.422  -15.254  6.134 24.953033
134821  -36.482  -15.875  5.559 24.722935
134822  -35.756  -16.558  4.280 24.237616
134823  -35.454  -17.420  3.000 23.735369
134824  -35.348  -18.385  1.763 23.221943
134825  -35.261  -19.221  0.644 22.699478
134826  -35.374  -18.129  1.361 23.112141
134827  -35.361  -17.882  0.955 22.974960
134828  -35.301  -17.727  0.492 22.794798
134829  -35.656  -15.939  2.438 23.265362
134830  -35.433  -16.752  1.211 22.907787
134831  -35.197  -17.541  0.045 22.553795
134832  -35.083  -17.237  -0.291 22.233576
134833  -34.999  -16.936  -0.642 21.817165
134834  -34.880  -16.671  -0.990 21.291723
134835  -38.477  -13.025  4.459 21.967569
134836  -37.553  -13.438  3.680 21.741680
134837  -36.684  -13.906  2.749 21.512037
134838  -37.186  -12.983  2.636 19.717896
134839  -36.521  -13.743  2.168 20.599323
134840  -35.978  -14.589  1.645 21.286297
134841  -35.455  -15.281  0.522 21.068014
134842  -35.089  -15.900  -0.474 20.857246
134843  -34.790  -16.371  -1.370 20.650631
134844  -34.635  -16.074  -1.752 19.895380
134845  -34.479  -15.816  -2.172 19.035938
134846  -34.442  -15.475  -2.590 18.090269
134847  -34.910  -14.296  -1.235 17.096252
134848  -34.558  -14.700  -2.105 17.083399
134849  -34.397  -15.161  -3.060 17.081299
141472  -35.324  -10.298  18.700 18.538471
141473  -34.722  -11.031  18.634 19.421682
141474  -34.989  -10.226  18.496 19.261667
141475  -34.650  -10.179  18.183 19.950256
141476  -34.382  -10.027  17.888 20.601133
141477  -35.386  -8.299  18.466 19.707254
141478  -34.729  -9.039  17.977 20.435652
141479  -34.161  -9.844  17.550 21.212395
141480  -33.961  -9.704  17.157 21.782993
141481  -33.855  -9.468  16.839 22.311886
141482  -33.735  -9.269  16.469 22.798147
141483  -36.587  -4.587  19.197 19.579891
141484  -36.102  -5.233  18.901 20.103149
141485  -35.656  -5.903  18.464 20.666599
141486  -35.651  -4.686  18.350 20.991299
141487  -35.500  -5.647  18.193 21.133263
141488  -35.185  -6.677  17.928 21.268002
141489  -34.693  -7.460  17.339 21.903051
141490  -34.193  -8.239  16.763 22.564070
141491  -33.754  -9.046  16.132 23.240250
141492  -33.749  -8.874  15.758 23.636261
141493  -33.800  -8.613  15.413 23.983618
141494  -33.909  -8.354  15.096 24.279425
141495  -34.717  -6.278  16.213 23.379509
141496  -34.386  -7.173  15.526 23.955044
141497  -34.039  -8.139  14.769 24.520260
141498  -34.264  -7.772  14.556 24.702812
141499  -34.479  -7.428  14.344 24.823614
141500  -34.656  -7.161  14.078 24.879158
141501  -36.846  2.490  16.654 16.830023
141502  -36.449  1.932  17.035 17.503319
141503  -36.029  1.374  17.343 18.161047
141504  -35.667  2.820  16.781 17.129042
141505  -35.620  1.786  17.106 18.032755
141506  -35.625  0.850  17.529 18.800184
141507  -35.224  0.326  17.603 19.419510
141508  -34.882  -0.192  17.598 20.019732
141509  -34.584  -0.798  17.472 20.602739
141511  -34.191  3.495  16.488 16.991053
141512  -34.152  2.431  16.592 18.049368
141513  -33.515  2.206  16.204 18.429146
141514  -33.809  1.814  16.507 18.741312
141515  -34.132  1.429  16.770 19.000753
141516  -34.162  0.471  16.997 19.837626
141517  -34.239  -0.450  17.139 20.559221
141518  -34.403  -1.358  17.249 21.171606
141519  -34.313  -1.936  16.959 21.729078
141520  -34.336  -2.562  16.618 22.277777
141521  -34.533  -3.244  16.199 22.818945
141522  -33.835  -1.877  15.902 22.136528
141523  -34.299  -2.828  15.886 22.781523
141524  -34.771  -3.891  15.783 23.352255
141525  -34.937  -4.632  15.305 23.875141
141526  -35.101  -5.770  14.661 24.382381
141527  -34.928  -6.836  13.902 24.866138
141528  -35.100  -6.484  13.709 24.780981
141529  -35.290  -6.244  13.461 24.619949
141530  -35.506  -5.990  13.240 24.378698
141531  -34.875  -3.683  14.017 23.174200
141532  -35.531  -4.689  13.612 23.627510
141533  -35.666  -5.788  12.930 24.052231
141534  -36.013  -5.633  12.720 23.634733
141535  -36.057  -5.452  12.318 23.119879
141536  -36.307  -5.301  12.074 22.500797
141537  -32.811  0.502  13.860 19.445358
141538  -33.135  -0.333  13.423 19.900869
141539  -33.599  -1.190  13.015 20.327133
141540  -33.214  -0.004  12.601 18.546371
141541  -33.666  -1.045  12.590 19.650576
141542  -34.318  -2.155  12.694 20.727680
141543  -35.234  -3.115  12.467 21.103476
141544  -36.055  -4.145  12.189 21.452692
141545  -36.475  -5.169  11.723 21.770678
141546  -36.648  -5.007  11.378 20.923929
141547  -36.805  -4.904  11.017 19.956232
141548  -36.953  -4.842  10.615 18.866434
141549  -35.841  -2.774  10.939 17.429482
141550  -36.739  -3.776  10.721 17.557390
141551  -37.237  -4.740  10.292 17.657249
146340  -31.559  -26.199  18.557 16.726080
146341  -31.758  -25.527  18.636 17.116394
146342  -31.985  -24.824  18.760 17.450520
146343  -32.282  -24.104  18.914 17.732319
146369  -32.652  -23.387  19.555 16.741976
146370  -32.557  -23.409  19.060 17.967489
146371  -32.840  -22.646  19.251 18.162670
146372  -33.114  -21.865  19.442 18.323771
146373  -33.386  -21.067  19.622 18.455290
146375  -33.775  -20.241  20.257 17.254179
146376  -33.680  -20.226  19.810 18.559517
146377  -33.936  -19.447  19.986 18.636349
146378  -34.215  -18.644  20.117 18.683863
146379  -34.477  -17.784  20.230 18.699121
146387  -34.831  -16.929  20.693 17.490337
146388  -34.683  -16.870  20.336 18.679403
146389  -34.777  -16.024  20.412 18.623863
146390  -34.832  -15.180  20.395 18.534719
146391  -34.854  -14.365  20.290 18.417433
146393  -35.150  -13.661  20.459 17.321667
146394  -34.877  -13.578  20.110 18.281240
146395  -34.928  -12.820  19.862 18.137697
146396  -35.027  -12.033  19.524 17.999226
146397  -35.226  -11.278  19.217 17.878273
146477  -35.787  -10.634  19.142 17.008057
146478  -35.557  -10.466  18.956 17.785103
146479  -35.919  -9.612  18.861 17.727335
146480  -36.291  -8.716  18.962 17.709095
146481  -36.694  -7.840  19.254 17.730858
146483  -37.309  -7.182  19.591 17.131760
146484  -37.025  -6.971  19.501 17.789282
146485  -37.307  -6.116  19.666 17.877005
146486  -37.569  -5.249  19.723 17.983015
146487  -37.798  -4.399  19.671 18.092297
146493  -38.989  -4.211  19.742 16.607153
146494  -38.632  -3.991  19.697 17.159306
146495  -38.306  -3.770  19.620 17.687044
146496  -37.966  -3.575  19.536 18.185833
146497  -38.098  -2.706  19.310 18.241402
146498  -38.215  -1.877  18.986 18.234341
146499  -38.263  -1.075  18.594 18.138594
146500  -39.029  -0.816  18.323 17.474436
146501  -38.643  -0.535  18.240 17.724669
146502  -38.236  -0.279  18.134 17.929983
146503  -38.162  0.504  17.609 17.588190
146504  -38.049  1.292  17.021 17.100336
155363  -31.778  -25.033  16.758 20.524729
155364  -31.441  -25.692  15.865 20.805479
155365  -31.119  -26.249  14.962 20.801760
155366  -31.390  -25.563  14.366 22.145451
155367  -31.111  -26.155  14.226 21.359110
155368  -30.856  -26.770  14.052 20.532612
155369  -30.756  -27.218  13.277 20.037123
155370  -30.781  -27.685  12.529 19.366856
155371  -31.000  -28.099  11.796 18.577471
155372  -31.591  -24.752  11.727 23.681950
155373  -31.337  -25.418  11.467 22.691790
155374  -31.172  -26.093  11.271 21.670073
155375  -31.409  -26.435  9.853 20.731043
155376  -31.226  -26.618  10.467 20.713881
155377  -31.093  -26.777  11.150 20.643005
155378  -31.101  -27.421  11.104 19.632011
155379  -31.178  -27.963  11.097 18.654102
155380  -31.317  -28.456  11.219 17.721556
155381  -31.752  -28.772  10.724 16.844461
155417  -34.219  -11.842  18.481 20.366781
155418  -33.883  -12.627  18.282 21.358490
155419  -33.732  -13.339  17.989 22.376707
155420  -33.511  -12.368  17.312 22.640602
155421  -33.557  -13.251  17.479 23.005413
155422  -33.722  -14.130  17.631 23.395880
155423  -33.864  -14.907  17.244 24.385983
155424  -34.117  -15.647  16.816 25.313335
155425  -34.509  -16.460  16.404 26.141905
155426  -33.096  -11.883  15.374 24.542986
155427  -33.192  -12.804  15.446 24.895376
155428  -33.390  -13.687  15.565 25.273695
155429  -33.745  -14.264  14.697 26.206425
155430  -33.691  -14.418  15.197 25.965351
155431  -33.697  -14.562  15.709 25.671509
155432  -34.161  -15.423  15.888 26.077291
155433  -34.601  -16.274  16.019 26.472961
155434  -34.890  -17.193  15.963 26.834961
155435  -35.164  -17.906  15.447 27.357830
155436  -35.261  -18.654  14.687 27.680117
155437  -35.307  -19.268  13.800 27.779150
155438  -35.849  -18.202  14.128 27.682631
155439  -35.580  -18.995  13.524 27.724789
155440  -35.129  -19.722  12.815 27.642944
155441  -34.803  -19.989  11.877 27.272577
155442  -34.222  -20.186  10.818 26.682940
155443  -33.646  -20.471  9.717 25.901438
155444  -33.748  -10.518  11.757 26.150234
155445  -33.824  -11.782  11.449 26.458456
155446  -34.176  -12.792  11.469 26.703615
155447  -35.309  -13.458  10.748 26.888987
155448  -34.972  -13.509  11.199 26.907246
155449  -34.677  -13.601  11.656 26.894234
155450  -35.400  -14.396  11.978 27.038374
155451  -36.075  -15.130  12.349 27.142227
155452  -36.581  -15.840  12.653 27.207678
155453  -38.458  -15.448  9.932 26.500835
155454  -38.348  -15.695  10.461 26.639755
155455  -38.073  -15.897  10.935 26.768042
155456  -37.459  -16.737  9.807 26.217482
155457  -37.860  -16.507  10.714 26.606379
155458  -37.826  -16.089  11.493 26.889526
155459  -37.490  -16.256  11.897 27.006786
155460  -37.223  -16.442  12.365 27.121048
155461  -36.890  -16.583  12.784 27.231619
155462  -36.902  -17.288  12.654 27.204308
155463  -36.527  -17.937  12.042 27.110023
155464  -35.920  -18.472  11.402 26.928295
155465  -35.405  -18.289  9.962 26.165525
155466  -35.352  -18.625  10.387 26.399906
155467  -35.207  -18.981  10.777 26.637718
155468  -34.438  -19.532  10.049 26.219305
155469  -33.726  -20.180  9.263 25.661886
155470  -33.170  -20.967  8.530 24.965269
155471  -32.942  -21.633  7.476 23.916830
155472  -32.854  -22.516  6.372 22.798855
155473  -33.011  -23.364  5.415 21.650820
155474  -33.234  -22.245  5.365 22.413233
155475  -33.212  -23.243  4.937 21.481819
155476  -33.368  -24.256  4.529 20.505699
155477  -33.955  -24.988  3.832 19.388931
155478  -34.641  -25.639  3.274 18.317984
155479  -35.443  -26.232  2.801 17.303410
155480  -34.142  -21.980  3.337 21.836161
155481  -34.257  -23.016  2.885 20.971243
155482  -34.487  -23.980  2.574 20.056643
155483  -35.532  -24.639  1.397 19.012657
155484  -35.229  -24.739  1.889 19.055614
155485  -34.874  -24.846  2.357 19.114481
155486  -35.328  -25.550  2.271 18.168388
155487  -35.805  -26.181  2.327 17.240459
155525  -35.218  -19.907  -0.351 22.166988
155526  -35.432  -20.591  -1.309 21.621651
155527  -35.979  -21.207  -2.151 21.059589
155528  -35.416  -19.943  -2.017 21.640728
155529  -35.971  -20.822  -2.504 21.128876
155530  -36.623  -21.555  -2.748 20.477360
155531  -37.375  -21.854  -3.249 19.872561
155532  -38.275  -22.178  -3.756 19.244894
155533  -39.155  -22.320  -4.072 18.595348
155534  -35.275  -18.627  -3.472 20.947067
155535  -35.913  -19.396  -3.886 20.899092
155536  -36.708  -20.088  -4.120 20.652292
155537  -37.545  -19.896  -4.904 20.103027
155538  -37.559  -20.317  -4.623 20.204296
155539  -37.547  -20.714  -4.282 20.214081
155540  -38.375  -21.341  -4.395 19.598476
155541  -39.181  -21.907  -4.420 18.826818
155542  -40.070  -22.423  -4.333 17.926905
155543  -41.026  -22.340  -4.501 17.243347
155546  -42.220  -21.388  -5.287 17.175247
155561  -41.788  -18.932  -7.295 17.900860
155562  -42.739  -18.684  -7.410 17.545336
155563  -43.648  -18.333  -7.409 17.179070
155564  -43.045  -17.714  -8.094 17.188448
155565  -43.841  -17.823  -7.742 17.077858
155566  -44.572  -17.808  -7.290 16.800867
