#!ascii label  , from subject fsaverage vox2ras=TkReg coords=white
430
217  -34.671  19.736  52.787 12.774450
696  -36.243  11.131  56.853 10.846766
1537  -39.452  2.873  53.078 10.508214
1540  -38.996  16.097  52.158 10.284081
1541  -36.935  22.280  48.048 10.385288
1543  -33.660  24.168  48.723 11.822886
1809  -40.180  -0.841  50.223 10.213732
3520  -38.826  3.189  55.578 10.602465
3521  -39.502  5.378  54.271 10.277007
3522  -38.662  5.656  56.473 10.493237
3523  -35.868  15.801  54.568 11.842741
3524  -37.382  14.220  54.381 11.184321
3525  -36.826  18.215  52.753 11.896823
3526  -37.784  19.218  50.076 10.519536
3527  -35.863  21.587  50.868 12.270226
3528  -35.352  23.992  49.056 11.775439
3529  -33.783  22.226  51.297 12.935324
3978  -38.373  0.125  51.898 10.255912
5858  -36.517  6.625  58.528 10.225972
5860  -34.873  12.491  56.478 10.313452
5861  -34.218  16.792  53.505 11.373308
5862  -32.691  19.773  51.954 12.024140
7428  -38.158  9.430  56.091 10.643985
7436  -34.120  25.602  46.931 10.399492
7438  -32.224  21.684  49.926 11.666954
8062  -40.155  0.744  51.979 10.460646
8063  -38.907  1.624  53.991 10.593042
11200  -37.617  3.367  57.019 10.421306
11201  -38.717  4.299  56.148 10.536654
11202  -37.584  4.591  57.499 10.393796
11203  -35.426  17.817  53.589 12.357483
11204  -36.314  17.115  53.728 12.078475
11205  -35.895  19.196  52.795 12.491261
11206  -36.290  20.037  51.914 12.164778
11207  -35.245  20.870  52.073 12.764981
11208  -34.887  22.132  51.253 12.811277
11209  -34.133  21.108  52.159 12.996112
13606  -34.808  14.653  54.708 10.855813
13607  -34.163  14.988  53.861 10.203717
13608  -33.523  16.904  52.778 10.620852
16315  -39.416  2.563  51.996 10.305074
16317  -39.160  3.991  52.610 10.214875
16323  -36.437  8.751  57.937 10.475491
16324  -37.456  7.928  57.459 10.566228
16325  -37.146  10.180  56.668 10.818899
16326  -38.145  15.404  53.368 10.868406
16327  -38.322  13.441  54.036 10.632998
16333  -37.253  20.772  48.994 10.518369
16340  -34.419  24.390  49.177 12.024752
16341  -34.766  24.972  48.028 11.170445
16342  -34.038  25.141  47.818 11.226085
16343  -33.335  25.807  46.649 10.266104
16344  -33.293  25.032  47.215 10.849260
16345  -31.966  19.439  51.074 10.990895
16346  -32.244  20.859  50.867 12.001496
16347  -31.640  20.385  49.976 10.829729
17687  -41.051  -0.260  50.777 10.208189
17688  -40.753  0.554  51.436 10.276365
17689  -40.227  -0.099  51.308 10.343713
17691  -38.655  0.808  52.971 10.459713
17692  -37.561  1.394  54.216 10.344224
17693  -37.881  1.929  55.331 10.443284
24766  -39.351  3.085  54.189 10.621712
24767  -39.351  4.099  53.723 10.416604
24768  -39.313  4.049  54.914 10.535848
24769  -39.382  5.383  55.301 10.433350
24770  -39.484  6.985  55.391 10.364281
24771  -36.075  13.369  55.684 11.317153
24772  -36.787  12.648  55.625 11.179085
24773  -36.585  15.050  54.600 11.616367
24774  -37.156  16.398  53.623 11.545430
24775  -37.745  17.148  52.521 11.122759
24776  -38.325  17.560  51.173 10.425472
24777  -37.342  18.881  51.441 11.340492
24778  -36.797  20.506  50.481 11.457911
24779  -36.416  22.034  49.518 11.416960
24780  -36.229  23.244  48.660 11.182844
24781  -35.611  22.822  50.103 12.149355
24782  -34.611  23.291  50.386 12.568491
24783  -33.792  23.294  50.081 12.541818
25590  -39.327  -0.467  50.932 10.261152
29027  -35.521  9.658  58.222 10.227059
29030  -35.564  11.903  56.779 10.687573
29031  -35.475  14.144  55.329 11.224017
29032  -35.137  16.303  54.091 11.780087
29033  -34.329  18.323  53.309 12.280219
29034  -33.577  19.849  52.633 12.634162
29035  -33.381  18.446  52.768 11.789853
29036  -32.581  18.416  52.035 10.903737
32772  -37.632  6.037  57.627 10.429432
32773  -38.524  7.382  56.532 10.519677
32774  -39.167  8.860  55.225 10.366647
32775  -37.651  11.805  55.286 10.871267
32776  -38.633  10.961  54.857 10.457710
32794  -35.711  24.266  47.687 10.757483
32800  -33.106  21.077  51.801 12.749119
32801  -32.901  21.983  50.816 12.551373
32802  -33.028  22.901  49.570 12.007237
32803  -31.616  21.140  48.943 10.383556
32804  -32.346  22.318  48.780 11.002647
32805  -32.969  23.699  48.022 11.142212
34499  -40.128  1.563  51.740 10.319978
34500  -39.862  1.842  52.502 10.523501
34501  -39.455  0.272  52.068 10.444679
34502  -39.676  1.189  52.845 10.584302
34503  -39.523  2.174  53.646 10.645751
34504  -38.948  2.401  54.923 10.635725
34505  -37.901  2.526  56.284 10.456724
41920  -37.011  3.402  57.586 10.266850
41921  -37.562  3.862  57.347 10.402892
41922  -37.007  4.024  57.801 10.258627
41923  -35.094  18.759  53.211 12.584217
41924  -35.585  18.593  53.264 12.483122
41925  -35.333  19.468  52.854 12.679856
41926  -35.626  20.062  52.428 12.651364
41927  -34.986  20.309  52.467 12.834389
41928  -34.706  21.022  52.140 12.935071
41929  -34.387  20.452  52.473 12.915740
47035  -39.427  2.798  52.553 10.414911
47036  -39.195  3.373  52.344 10.269502
47037  -39.277  3.475  52.851 10.378411
47043  -36.360  9.937  57.418 10.646836
47044  -36.806  9.422  57.335 10.682089
47045  -36.670  10.673  56.770 10.853872
47046  -38.577  15.831  52.771 10.604835
47047  -38.709  14.987  53.133 10.506315
47048  -39.155  15.434  52.571 10.210454
47053  -37.053  21.544  48.526 10.469743
47059  -36.888  22.819  47.610 10.264206
47060  -34.088  24.330  49.008 11.984182
47061  -34.302  24.772  48.487 11.652310
47062  -33.974  24.736  48.248 11.565290
47063  -33.677  25.138  47.492 11.093401
47064  -33.516  24.625  47.943 11.361248
47065  -31.640  19.168  50.650 10.351517
47066  -31.772  19.925  50.531 10.944131
47067  -31.458  19.602  50.074 10.271660
48407  -40.656  -0.570  50.538 10.227210
48408  -40.606  -0.230  50.962 10.276975
48409  -40.176  -0.493  50.765 10.277407
48411  -37.430  1.145  53.571 10.260768
48413  -37.018  1.533  54.733 10.227476
56635  -39.217  3.170  54.930 10.630920
56636  -39.333  3.591  54.578 10.584015
56637  -39.187  3.645  55.217 10.595086
56638  -38.624  4.909  56.408 10.508829
56639  -39.136  4.825  55.689 10.511497
56640  -39.078  5.498  55.856 10.477250
56641  -39.477  6.144  55.403 10.391844
56642  -39.087  6.324  55.932 10.456285
56643  -35.987  14.640  55.098 11.576635
56644  -36.339  14.277  55.055 11.511810
56645  -36.215  15.457  54.563 11.760829
56646  -36.531  17.808  53.235 12.039050
56647  -36.718  16.788  53.668 11.836626
56648  -36.990  17.351  53.164 11.726711
56649  -37.447  16.796  53.133 11.374426
56650  -37.261  17.688  52.654 11.524453
56651  -37.521  17.982  52.056 11.240137
56652  -37.061  18.581  52.134 11.659827
56653  -36.057  20.841  51.407 12.242400
56654  -36.560  20.311  51.174 11.850642
56655  -36.329  21.102  50.698 11.888315
56656  -36.560  21.296  49.991 11.460157
56657  -36.168  21.874  50.211 11.877481
56658  -36.056  22.494  49.796 11.812837
56659  -35.713  22.202  50.491 12.240788
56660  -34.377  22.207  51.328 12.933129
56661  -34.726  22.713  50.843 12.728090
56662  -34.202  22.753  50.870 12.815942
56663  -34.152  23.384  50.294 12.616982
56664  -33.754  22.760  50.705 12.781204
63849  -35.207  11.180  57.432 10.273681
63850  -35.219  12.188  56.689 10.528377
63851  -35.545  13.048  56.005 10.949374
63852  -35.175  13.257  55.878 10.798182
63853  -34.641  15.691  54.043 11.122231
63854  -34.956  15.564  54.430 11.353287
63855  -34.675  16.605  53.879 11.621260
63856  -34.809  17.420  53.649 12.042594
63857  -34.269  17.598  53.408 11.869647
63858  -33.848  18.414  53.052 12.087577
63859  -33.785  17.666  53.113 11.599247
63861  -33.041  17.775  52.406 10.783104
63862  -32.639  17.716  52.093 10.256799
63863  -32.255  18.332  51.666 10.338843
71988  -39.433  4.699  54.000 10.350192
71989  -39.403  4.635  53.462 10.253571
72004  -37.145  5.496  58.104 10.292665
72005  -37.061  6.351  58.117 10.345638
72006  -37.805  8.680  56.830 10.638821
72007  -38.028  7.642  57.076 10.558470
72008  -38.349  8.426  56.388 10.568690
72009  -38.860  8.046  55.911 10.472467
72010  -38.622  9.080  55.837 10.515193
72011  -37.031  13.421  55.001 11.223325
72012  -37.200  12.239  55.487 11.042307
72013  -37.502  13.032  54.797 11.018942
72014  -38.752  12.956  53.809 10.336687
72015  -38.448  12.125  54.501 10.535898
72016  -38.934  11.807  54.118 10.273925
72017  -39.250  10.604  54.416 10.229988
72033  -38.059  18.373  50.623 10.481565
72055  -35.758  23.625  48.948 11.513542
72056  -36.013  23.757  48.201 10.992496
72057  -35.539  24.167  48.402 11.281749
72058  -34.451  25.345  47.444 10.800419
72059  -34.929  25.069  47.366 10.680821
72060  -34.596  25.361  46.916 10.328713
72070  -33.108  19.783  52.368 12.387144
72071  -33.309  20.547  52.282 12.726881
72072  -32.844  20.415  51.867 12.447383
72073  -32.205  21.313  50.401 11.875384
72074  -32.573  21.386  50.919 12.343424
72075  -32.566  21.853  50.419 12.167155
72076  -32.992  22.452  50.216 12.322499
72077  -32.648  22.264  49.828 11.904515
72082  -32.021  22.094  48.124 10.358997
72083  -32.318  22.684  48.015 10.556245
72084  -32.684  23.004  48.432 11.132572
72085  -32.646  23.454  47.734 10.639558
72086  -32.824  24.091  47.367 10.615324
76100  -40.452  0.668  51.773 10.372486
76101  -40.508  1.058  51.643 10.303619
76102  -40.258  1.176  51.963 10.407660
76103  -39.948  1.740  52.092 10.428449
76104  -40.042  1.327  52.296 10.500888
76105  -38.843  -0.242  51.450 10.267697
76106  -39.372  -0.116  51.455 10.355435
76107  -39.000  0.142  52.028 10.371365
76108  -38.774  1.209  53.504 10.537260
76109  -39.201  0.930  52.955 10.545783
76110  -39.324  1.352  53.422 10.606167
76111  -39.611  1.680  53.215 10.625978
76112  -39.350  1.872  53.877 10.644424
76113  -39.329  2.303  54.250 10.660019
76114  -38.995  2.006  54.518 10.625566
76115  -37.205  1.971  55.908 10.301117
76116  -37.911  2.184  55.823 10.459106
76117  -37.211  2.242  56.407 10.307173
76118  -37.176  2.586  56.908 10.298814
93886  -38.274  3.281  56.271 10.533187
93887  -38.806  3.734  55.844 10.570231
93888  -38.210  3.814  56.626 10.506691
93889  -38.191  4.407  56.891 10.484147
93890  -38.176  5.097  56.990 10.472578
93891  -35.702  16.816  54.088 12.106507
93892  -36.087  16.473  54.122 12.012342
93893  -35.917  17.478  53.663 12.256690
93894  -36.120  18.178  53.235 12.296450
93895  -36.349  18.791  52.796 12.224681
93896  -36.550  19.153  52.336 12.046287
93897  -36.076  19.729  52.394 12.382688
93898  -35.791  20.540  51.965 12.502145
93899  -35.574  21.285  51.493 12.572419
93900  -35.464  21.865  51.075 12.584330
93901  -35.072  21.498  51.657 12.821393
93902  -34.576  21.685  51.719 12.970827
93903  -33.915  21.705  51.803 13.005364
98216  -34.867  13.549  55.507 10.583389
98217  -34.682  13.674  55.135 10.304905
98218  -34.567  14.755  54.299 10.563985
98219  -34.245  15.901  53.594 10.811348
98220  -33.815  16.763  53.212 11.037853
98221  -33.849  15.966  53.275 10.425075
103098  -39.692  6.027  54.387 10.203103
103107  -36.517  7.636  58.296 10.334941
103108  -37.011  7.290  57.983 10.427385
103109  -36.959  8.287  57.720 10.539515
103110  -37.366  8.978  57.088 10.678088
103111  -37.638  9.778  56.457 10.747065
103112  -37.711  14.830  53.909 11.064221
103113  -37.825  13.750  54.252 10.918488
103114  -38.249  14.488  53.664 10.745403
103115  -38.737  14.069  53.468 10.415421
103125  -37.542  20.009  49.475 10.533609
103138  -34.883  24.233  49.159 11.951097
103139  -35.093  24.494  48.540 11.498676
103140  -34.624  24.680  48.568 11.626919
103141  -34.343  25.105  47.942 11.249291
103142  -34.029  25.496  47.335 10.829782
103143  -33.703  25.771  46.824 10.381158
103144  -33.713  25.499  47.188 10.759189
103145  -33.352  25.483  46.883 10.583513
103146  -32.994  25.398  46.602 10.303078
103147  -32.295  19.666  51.476 11.554187
103148  -32.422  20.344  51.422 12.049064
103149  -32.070  20.195  50.929 11.542747
103150  -31.918  20.671  50.411 11.460752
103151  -31.863  21.108  49.894 11.302870
105565  -40.908  0.155  51.205 10.242873
105566  -40.581  0.158  51.378 10.327239
105567  -40.296  0.332  51.750 10.406622
105568  -37.865  0.521  52.443 10.220970
105569  -38.518  0.468  52.471 10.364210
105570  -37.974  0.830  52.993 10.328799
105571  -38.155  1.145  53.489 10.420582
105572  -38.281  1.490  54.136 10.491812
105573  -38.401  1.806  54.729 10.539936
105574  -37.746  1.681  54.806 10.405465
105575  -37.124  1.721  55.357 10.275537
119224  -39.409  2.975  53.658 10.579121
119225  -39.325  3.536  53.404 10.470773
119226  -39.419  3.550  53.959 10.540980
119227  -39.386  4.050  54.327 10.488885
119228  -39.376  4.677  54.612 10.428230
119229  -39.141  4.156  55.457 10.552996
119230  -39.293  4.668  55.128 10.483395
119231  -39.553  5.361  54.768 10.365185
119232  -39.724  6.067  54.840 10.306042
119233  -39.718  6.835  54.942 10.256388
119234  -39.803  7.596  54.858 10.221025
119235  -36.152  12.245  56.278 11.071824
119236  -36.553  11.807  56.252 11.052332
119237  -36.432  13.057  55.601 11.273424
119238  -36.655  13.814  55.078 11.390886
119239  -36.962  14.605  54.555 11.420468
119240  -36.485  16.127  54.209 11.848549
119241  -36.856  15.718  54.128 11.627507
119242  -37.276  15.331  54.023 11.362029
119243  -37.602  15.904  53.550 11.218515
119244  -37.940  16.259  53.022 10.996348
119245  -38.274  16.633  52.405 10.705383
119246  -38.624  16.854  51.663 10.357688
119247  -38.051  17.390  51.853 10.801823
119248  -37.837  18.175  51.288 10.887255
119249  -37.590  19.019  50.770 10.954486
119250  -36.789  19.453  51.650 11.771640
119251  -37.075  19.689  50.976 11.415714
119252  -37.333  19.848  50.221 10.996568
119253  -37.049  20.638  49.736 11.006824
119254  -36.778  21.430  49.308 10.980062
119255  -36.673  22.203  48.792 10.912172
119256  -36.599  22.806  48.336 10.801323
119257  -36.352  22.701  49.074 11.324858
119258  -35.941  23.048  49.459 11.691501
119259  -35.513  23.446  49.645 11.993849
119260  -35.276  22.470  50.645 12.530676
119261  -35.157  23.104  50.219 12.407355
119262  -35.030  23.685  49.745 12.213363
119263  -34.506  23.876  49.802 12.332711
119264  -34.136  23.890  49.677 12.337906
119265  -33.755  23.723  49.455 12.219966
121146  -39.696  -0.756  50.577 10.241378
129249  -36.043  8.111  58.466 10.205128
129250  -35.981  9.223  58.076 10.371940
129251  -35.880  10.360  57.586 10.568779
129259  -35.516  10.706  57.614 10.445032
129260  -35.831  11.545  56.919 10.792689
129261  -35.816  12.721  56.161 11.039199
129262  -35.757  13.919  55.464 11.302876
129263  -35.662  15.087  54.917 11.576542
129264  -35.106  14.433  55.092 11.075891
129265  -35.356  15.265  54.685 11.503922
129266  -35.480  16.088  54.452 11.852036
129267  -35.204  17.100  53.964 12.119632
129268  -34.866  18.096  53.494 12.368499
129269  -34.465  19.041  53.065 12.586749
129270  -34.095  19.829  52.714 12.762166
129271  -33.919  19.111  52.979 12.481365
129272  -33.447  19.127  52.747 12.263726
129273  -33.018  19.129  52.454 11.934669
129274  -33.405  17.638  52.889 11.234488
129275  -33.013  18.442  52.488 11.391999
129276  -32.618  19.112  52.007 11.501261
129277  -32.212  18.975  51.594 10.975358
129278  -31.924  18.774  51.186 10.372252
139506  -39.271  4.073  53.170 10.323586
139524  -37.076  4.740  57.992 10.265165
139525  -37.631  5.250  57.588 10.400848
139526  -38.167  5.816  57.066 10.478074
139527  -37.561  6.975  57.583 10.483645
139528  -38.153  6.656  57.128 10.505576
139529  -38.634  6.440  56.510 10.495328
139530  -38.984  7.143  55.980 10.453512
139531  -39.382  7.885  55.335 10.354937
139532  -39.676  8.565  54.790 10.203630
139533  -36.938  11.458  56.150 10.986928
139534  -37.424  10.976  55.988 10.882318
139535  -37.976  10.544  55.712 10.745303
139536  -37.945  12.630  54.663 10.786917
139537  -38.153  11.347  55.113 10.673843
139538  -38.410  10.081  55.491 10.582629
139539  -38.921  9.849  55.113 10.400887
139540  -39.464  9.556  54.638 10.206329
139588  -36.482  23.364  47.900 10.647835
139589  -36.211  23.850  47.444 10.454343
139590  -35.978  24.287  47.041 10.225273
139591  -35.296  24.639  47.872 11.001593
139592  -35.478  24.695  47.249 10.484129
139606  -33.808  20.493  52.433 12.882375
139607  -33.575  21.097  52.069 12.936287
139608  -33.409  21.643  51.601 12.914129
139609  -32.656  20.902  51.388 12.435241
139610  -32.962  21.543  51.304 12.692690
139611  -33.349  22.116  51.053 12.808921
139612  -33.371  22.592  50.483 12.616862
139613  -33.397  23.065  49.863 12.337934
139614  -33.358  23.592  49.170 11.976293
139616  -31.565  20.803  49.427 10.643741
139617  -31.917  21.379  49.395 11.066282
139619  -31.980  21.680  48.813 10.750580
139620  -32.290  21.978  49.448 11.375158
139621  -32.681  22.617  49.125 11.557648
139622  -33.015  23.284  48.879 11.610596
139623  -33.274  24.024  48.429 11.540310
139624  -33.122  24.398  47.683 11.042196
139625  -32.912  24.735  47.024 10.497386
144530  -40.359  1.401  51.390 10.205013
144531  -39.856  1.889  51.499 10.202677
144532  -39.728  2.091  51.871 10.321425
144533  -39.653  2.242  52.289 10.431467
144534  -39.636  2.368  52.759 10.526196
144535  -39.805  -0.344  51.155 10.322182
144536  -39.871  0.070  51.551 10.401838
144537  -39.930  0.543  52.061 10.474065
144538  -39.108  0.498  52.472 10.465999
144539  -39.567  0.675  52.559 10.522630
144540  -39.951  0.958  52.364 10.533580
144541  -39.865  1.506  52.694 10.575944
144542  -39.718  2.060  53.032 10.598179
144543  -39.507  2.481  53.337 10.599040
144544  -39.425  2.580  53.938 10.643632
144545  -39.258  2.732  54.596 10.654331
144546  -38.910  2.820  55.251 10.626410
144547  -38.502  2.129  55.230 10.564857
144548  -38.471  2.470  55.587 10.568754
144549  -38.417  2.843  55.941 10.556214
144550  -37.753  2.942  56.662 10.441826
144551  -37.107  2.925  57.321 10.282796
