#!ascii label  , from subject fsaverage vox2ras=TkReg coords=white
880
120  -54.738  21.359  19.690 10.742586
121  -50.164  31.837  1.134 9.942088
525  -43.374  27.932  14.963 10.586008
526  -52.811  27.608  8.070 12.802548
1158  -50.623  33.815  4.073 9.996105
1159  -51.154  32.575  10.045 12.445909
1160  -51.904  29.687  5.148 11.453842
1161  -48.459  26.543  7.807 9.655068
1628  -49.935  20.951  21.617 10.575961
2219  -50.895  25.642  17.581 12.730597
2221  -50.511  28.860  11.132 14.174585
2222  -53.765  24.303  12.457 12.053388
2223  -50.827  23.331  10.232 9.386337
3070  -53.768  19.231  21.822 9.731254
3074  -54.958  21.201  16.706 9.840123
3078  -51.400  32.818  2.400 10.358517
3079  -51.962  31.415  4.609 11.187225
3080  -51.099  30.492  2.904 10.553881
3081  -48.927  28.846  4.712 10.007656
3673  -48.752  18.556  22.804 9.660574
3674  -46.868  20.587  21.866 9.391757
4910  -44.749  25.996  16.865 10.095970
4911  -48.244  25.159  18.844 11.238438
4912  -47.874  26.488  15.227 12.307725
4916  -52.641  30.174  8.492 13.527706
4917  -50.552  31.610  11.048 13.738479
4918  -52.639  28.277  9.504 13.985463
4919  -52.844  26.210  11.682 13.639933
4920  -53.155  25.702  9.793 12.549210
4921  -52.734  23.742  10.772 10.703517
4922  -52.003  25.254  8.835 11.101289
6693  -48.557  33.729  9.480 9.916737
6694  -51.420  32.199  6.682 11.024483
6695  -52.597  30.685  6.909 12.368073
6696  -52.418  28.998  7.141 12.392819
6697  -51.134  26.873  7.450 11.300080
6698  -50.132  28.120  6.390 10.874861
7639  -51.333  18.798  22.807 9.999494
7640  -52.760  21.453  21.388 11.112684
7650  -50.083  36.911  2.469 9.322394
7651  -51.062  34.429  0.329 9.784980
7652  -49.854  32.894  -0.274 9.507029
9219  -47.520  23.452  21.363 10.174879
9220  -50.409  23.967  20.652 11.656680
9221  -53.126  23.920  19.173 12.119169
9224  -42.577  30.609  13.775 10.235534
9225  -46.892  33.446  11.907 11.307299
9226  -46.505  31.473  12.597 12.504315
9227  -47.096  28.800  12.730 12.875978
9228  -50.911  26.679  13.676 13.684954
9229  -53.219  25.115  15.132 12.942045
9230  -54.295  23.241  16.239 11.506824
9231  -54.109  22.704  13.783 10.353191
9234  -49.778  24.958  8.882 9.688932
10750  -54.438  20.406  20.900 10.252862
10751  -54.756  19.389  20.552 9.401726
10752  -55.061  20.299  19.520 9.886772
10753  -55.080  20.274  17.907 9.457500
10754  -55.061  21.266  18.282 10.324368
10758  -51.099  32.428  1.626 10.244832
10759  -51.454  31.523  2.507 10.562881
10760  -50.624  31.129  1.997 10.214158
10761  -49.636  30.044  2.633 9.983451
10762  -48.894  30.854  1.896 9.684052
10764  -48.543  31.480  1.260 9.447894
12588  -41.619  27.860  16.321 9.453509
12589  -42.247  26.884  17.062 9.331356
12590  -44.017  26.920  15.802 10.431315
12591  -46.347  26.173  15.916 11.233266
12592  -45.674  27.160  14.741 11.603800
12596  -52.870  28.975  8.224 13.354947
12597  -52.609  29.433  8.971 13.872490
12598  -53.005  27.972  8.712 13.470078
12599  -53.106  26.901  9.483 13.391939
12600  -53.050  26.656  8.840 12.736115
12601  -52.733  25.445  9.220 11.833715
12602  -52.620  26.381  8.259 12.005479
14993  -49.645  34.184  5.065 9.519227
14994  -50.171  33.084  6.349 9.993973
14995  -51.100  32.766  5.317 10.453056
14996  -52.131  30.564  4.932 11.438259
14997  -52.283  30.959  5.791 11.742867
14998  -52.526  30.162  5.979 11.986456
14999  -52.789  29.879  6.966 12.546266
15000  -52.345  29.371  6.250 11.953197
15001  -51.502  28.462  6.647 11.669615
15002  -51.290  28.907  5.743 11.257786
15004  -47.822  28.403  5.787 9.526791
16780  -49.359  19.635  22.110 10.077575
16781  -50.094  18.653  22.892 9.892790
16782  -50.730  19.918  22.103 10.403202
16783  -52.075  20.177  22.022 10.549769
16784  -51.329  21.236  21.582 10.959196
16806  -50.810  35.547  1.212 9.643008
16807  -50.785  35.781  0.333 9.361104
16808  -51.025  34.735  -0.355 9.523819
20492  -46.618  24.332  20.715 9.715425
20493  -49.630  25.484  18.190 12.118544
20494  -49.382  24.830  19.973 11.553573
20495  -50.754  25.050  19.296 12.198569
20496  -51.797  24.102  20.011 12.040034
20497  -52.079  24.993  18.501 12.535882
20505  -42.264  31.967  13.294 9.783116
20506  -49.995  33.271  9.964 11.284477
20507  -47.987  33.950  10.911 10.592612
20508  -49.212  33.331  11.416 12.032898
20509  -50.386  30.475  10.980 14.088674
20510  -48.497  31.853  12.179 13.304861
20511  -48.677  30.537  11.801 13.639060
20512  -46.825  30.126  12.448 12.816816
20513  -48.938  28.901  11.835 13.708666
20514  -49.194  27.620  12.991 13.531776
20515  -50.710  27.536  12.120 14.019860
20516  -53.388  25.213  12.078 12.901786
20517  -53.045  25.635  13.325 13.310695
20518  -53.725  24.784  13.825 12.597003
20519  -53.947  24.193  15.835 12.274837
20520  -54.215  23.823  14.315 11.793410
20521  -54.381  22.949  14.961 10.960748
20522  -53.999  23.536  13.173 11.186855
20523  -51.947  23.473  10.368 10.024311
20524  -52.506  23.064  11.459 9.874654
20528  -49.891  26.684  7.515 10.511582
20529  -50.485  25.924  7.945 10.515371
20530  -49.144  25.774  8.129 9.750840
23966  -54.491  21.236  15.518 9.342277
23972  -51.163  33.415  3.325 10.277420
23973  -51.577  32.447  4.308 10.696297
23974  -51.700  31.965  3.373 10.727938
23975  -51.771  31.013  3.696 10.957579
23976  -51.327  30.053  4.084 10.971646
23977  -50.624  29.252  4.685 10.796861
23978  -50.013  29.475  3.581 10.358015
23979  -48.144  29.391  3.812 9.586906
25043  -47.930  17.576  23.670 9.369050
25044  -47.284  18.628  22.662 9.363102
25045  -47.938  19.509  22.125 9.636816
25046  -48.524  20.604  21.593 10.023073
27270  -45.289  25.381  18.351 9.655393
27271  -46.884  24.993  19.382 10.215439
27272  -46.767  25.513  17.578 10.743821
27273  -48.207  25.751  16.870 11.799457
27274  -49.702  26.078  16.231 12.670593
27280  -52.160  31.342  9.112 13.227243
27281  -50.770  32.374  10.892 13.160653
27282  -51.871  30.986  9.591 13.793611
27283  -51.834  29.969  9.788 14.148170
27284  -51.836  28.575  10.336 14.250406
27285  -51.916  27.348  11.343 14.124487
27286  -52.762  27.139  10.382 13.887010
27287  -53.203  25.928  10.609 13.180559
27288  -53.320  24.884  10.890 12.307650
27289  -53.376  23.956  11.501 11.397494
27290  -52.950  24.629  10.213 11.615990
27291  -52.322  24.383  9.707 10.898977
27292  -51.429  24.184  9.531 10.203463
30973  -41.156  28.821  15.637 9.368832
30976  -48.793  33.678  7.765 9.335123
30977  -50.403  32.819  8.073 10.586915
30978  -51.487  32.261  8.321 11.704313
30979  -51.910  31.766  5.535 11.219063
30980  -52.165  31.441  6.863 11.846786
30981  -52.274  31.483  8.189 12.542767
30982  -52.654  30.500  7.910 12.995530
30983  -52.787  29.597  7.771 13.031453
30984  -52.567  28.447  7.674 12.691695
30985  -52.194  27.278  7.609 12.063961
30986  -51.762  28.024  7.293 11.954408
30987  -50.695  27.760  7.179 11.172681
30988  -49.204  27.366  7.128 10.329113
30989  -49.623  28.575  5.588 10.460043
30990  -48.403  27.870  6.431 9.978900
30991  -47.656  27.232  7.351 9.370298
33351  -49.422  17.580  23.814 9.484285
33352  -50.730  17.648  23.759 9.522822
33353  -52.016  17.692  23.530 9.443734
33354  -52.582  19.021  22.462 9.944130
33355  -53.321  20.359  21.661 10.492228
33356  -53.906  21.503  20.782 11.027309
33382  -50.326  35.309  3.195 9.631269
33383  -50.890  34.625  2.223 9.937611
33384  -51.155  33.875  1.424 10.054138
33385  -50.960  33.095  0.609 9.980121
33386  -49.973  32.472  0.437 9.715125
33387  -50.831  33.563  -0.130 9.742384
33388  -50.655  34.004  -0.768 9.506973
37900  -47.247  21.941  21.643 9.737315
37901  -48.819  22.203  21.385 10.488105
37902  -47.975  24.653  20.437 10.683700
37903  -48.939  23.705  21.093 11.004273
37904  -50.231  22.492  21.278 11.111865
37905  -51.666  22.739  20.998 11.513143
37906  -53.010  22.773  20.537 11.642266
37907  -54.089  22.711  19.501 11.507506
37916  -42.906  29.169  14.316 10.518686
37918  -45.530  33.715  11.159 9.680902
37919  -44.656  33.234  12.065 10.333755
37920  -48.587  32.802  12.077 12.741549
37921  -46.439  32.659  12.554 11.975784
37922  -44.271  32.306  12.878 10.943496
37923  -44.553  31.075  13.066 11.430073
37924  -44.800  29.678  13.226 11.723538
37925  -45.263  28.344  13.748 11.781686
37926  -47.490  27.577  13.720 12.690177
37927  -49.431  26.794  14.583 13.162811
37928  -51.026  26.074  15.563 13.237263
37929  -52.087  26.527  12.747 13.833701
37930  -52.278  25.917  14.566 13.444926
37931  -52.174  25.461  16.544 13.005009
37932  -53.203  24.695  17.162 12.547539
37933  -54.049  23.669  17.789 11.919404
37934  -54.656  22.464  18.070 11.162947
37935  -54.867  22.141  16.614 10.682395
37936  -54.654  22.055  15.248 10.135587
37937  -54.017  21.989  14.154 9.575838
37938  -53.375  23.257  12.206 10.528872
37939  -53.327  22.578  12.852 9.738932
37944  -51.730  26.105  7.864 11.258562
37945  -50.897  25.037  8.713 10.387626
37946  -50.268  24.078  9.559 9.543326
41470  -54.621  20.890  20.313 10.504686
41471  -54.817  20.350  20.227 10.081615
41472  -54.938  20.829  19.649 10.321567
41473  -55.083  20.786  18.942 10.114221
41474  -54.955  21.330  19.105 10.545730
41478  -50.745  32.167  1.361 10.117038
41479  -50.921  31.732  1.776 10.256326
41480  -50.371  31.426  1.540 10.070896
41481  -49.859  30.961  1.874 9.972119
41482  -49.559  31.285  1.454 9.838979
41483  -48.687  31.165  1.615 9.559353
41484  -49.438  31.587  1.064 9.719517
43308  -42.497  27.874  15.583 10.002804
43309  -42.826  27.378  15.997 9.958580
43310  -43.707  27.421  15.278 10.534869
43311  -44.801  27.035  15.232 11.017798
43312  -44.522  27.546  14.792 11.128751
43316  -52.844  28.303  8.119 13.118250
43317  -52.927  28.506  8.423 13.438971
43318  -52.928  27.832  8.342 13.149538
43319  -53.079  27.300  8.714 13.134028
43320  -53.014  27.135  8.386 12.788667
43321  -52.881  26.529  8.527 12.375700
43322  -52.787  26.973  8.124 12.425605
45713  -50.158  34.032  4.559 9.781256
45714  -50.396  33.406  5.169 10.001713
45715  -50.834  33.267  4.716 10.211163
45716  -52.068  30.111  5.095 11.474257
45717  -52.324  30.354  5.496 11.706503
45718  -52.278  29.928  5.565 11.736471
45719  -52.470  29.742  6.009 12.003050
45720  -52.144  29.529  5.707 11.705689
45721  -51.906  29.142  5.969 11.617234
45722  -51.695  29.327  5.432 11.380651
47500  -49.651  20.266  21.836 10.319622
47501  -50.030  19.769  22.123 10.259481
47502  -50.313  20.464  21.806 10.521893
47503  -51.022  20.601  21.813 10.678950
47504  -50.610  21.127  21.590 10.793576
51212  -46.137  24.600  20.335 9.457808
51213  -50.286  25.621  17.893 12.464015
51214  -50.231  25.328  18.778 12.188187
51215  -50.912  25.411  18.494 12.466427
51216  -51.384  25.063  18.964 12.408380
51217  -51.495  25.365  18.134 12.662600
51225  -42.355  32.428  12.796 9.514251
51226  -50.577  32.966  10.116 11.902727
51227  -49.645  33.382  10.757 11.657375
51228  -50.256  33.027  10.889 12.280079
51229  -50.431  29.677  10.975 14.164404
51230  -49.553  30.600  11.435 13.913533
51231  -49.651  29.778  11.364 13.985192
51232  -48.787  29.653  11.691 13.706916
51233  -49.752  28.900  11.498 13.990939
51234  -49.925  28.177  11.906 13.934795
51235  -50.591  28.128  11.515 14.123958
51236  -53.603  24.683  12.192 12.484449
51237  -53.596  24.991  12.903 12.751410
51238  -53.849  24.568  13.109 12.344429
51239  -54.022  24.324  14.094 12.201932
51240  -54.042  24.138  13.372 11.924917
51241  -54.171  23.681  13.691 11.500789
51242  -53.915  23.910  12.797 11.618419
51243  -51.406  23.381  10.261 9.699789
51244  -51.740  23.115  10.694 9.625892
51245  -51.128  23.004  10.612 9.317538
51248  -49.178  26.614  7.646 10.095905
51249  -49.503  26.228  7.763 10.139275
51250  -48.795  26.166  7.923 9.726097
55290  -53.431  18.652  22.402 9.476370
55292  -54.042  18.765  21.783 9.327969
55300  -55.006  20.739  17.314 9.658958
55302  -54.849  20.788  16.615 9.424095
55304  -54.725  21.227  16.072 9.590335
55313  -51.315  33.126  2.814 10.342840
55314  -51.531  32.583  3.253 10.529310
55315  -51.548  32.337  2.838 10.533338
55316  -51.334  31.015  2.692 10.583825
55317  -51.607  31.212  3.084 10.749567
55318  -51.535  30.791  3.267 10.776611
55319  -51.645  30.565  3.869 10.990112
55320  -51.196  30.248  3.480 10.753233
55321  -50.769  29.772  3.754 10.683395
55322  -50.683  29.918  3.173 10.477198
55323  -48.667  30.059  2.741 9.632950
55324  -48.869  29.657  3.182 9.803681
55325  -47.924  29.728  3.351 9.401722
57101  -47.089  19.598  22.193 9.398192
57102  -47.404  20.043  21.950 9.540676
57103  -48.238  20.010  21.836 9.817986
57104  -47.695  20.570  21.693 9.711082
60806  -43.514  26.406  16.833 9.725056
60808  -43.982  25.945  17.324 9.551761
60809  -44.287  25.643  18.014 9.354108
60810  -45.074  25.659  17.586 9.883409
60811  -46.031  25.443  17.966 10.194304
60812  -45.815  25.741  17.147 10.437156
60813  -47.110  26.289  15.534 11.788601
60814  -47.383  25.902  16.255 11.547421
60815  -48.101  26.066  15.966 12.064516
60816  -48.951  25.904  16.533 12.266865
60817  -48.865  26.325  15.636 12.530257
60826  -52.435  30.763  8.740 13.439580
60827  -52.022  31.225  9.371 13.531945
60828  -52.351  30.549  8.986 13.695450
60829  -52.620  28.897  9.217 13.958159
60830  -52.313  29.659  9.381 14.046823
60831  -52.299  29.075  9.613 14.131412
60832  -51.776  29.325  10.016 14.230681
60833  -52.311  28.404  9.911 14.155390
60834  -52.370  27.766  10.345 14.123622
60835  -52.726  27.621  9.875 13.959271
60836  -53.179  26.293  9.586 12.990793
60837  -53.156  26.462  9.975 13.298491
60838  -53.216  25.815  10.141 12.880604
60839  -53.316  25.355  10.752 12.755575
60840  -53.187  25.237  10.305 12.431812
60841  -53.155  24.731  10.487 11.968925
60842  -53.066  25.134  10.028 12.085776
60843  -52.413  25.335  8.972 11.466496
60844  -52.534  24.904  9.439 11.363435
60845  -52.153  24.797  9.273 11.001675
60846  -51.912  24.300  9.600 10.546806
60847  -51.707  24.705  9.198 10.645955
68021  -50.879  32.601  6.566 10.528125
68022  -50.338  32.882  7.200 10.275720
68023  -50.968  32.484  7.344 10.836141
68024  -50.966  32.584  8.217 11.171646
68025  -51.482  32.141  7.452 11.352644
68026  -51.776  31.897  4.455 10.970742
68027  -51.725  32.087  4.931 10.943979
68028  -51.948  31.585  5.070 11.229736
68029  -52.481  30.807  6.322 12.049951
68030  -52.315  31.197  6.293 11.822812
68031  -52.414  31.067  6.896 12.149055
68032  -52.253  31.420  7.549 12.190256
68033  -52.491  31.029  7.503 12.485448
68034  -52.500  31.003  8.034 12.821166
68035  -52.650  30.613  7.456 12.687255
68036  -52.695  29.478  7.024 12.508740
68037  -52.789  29.757  7.394 12.804143
68038  -52.684  29.294  7.410 12.725404
68039  -52.709  29.002  7.730 12.903895
68040  -52.463  28.745  7.446 12.564075
68041  -52.207  28.266  7.468 12.329405
68042  -52.104  28.528  7.226 12.205352
68043  -50.858  28.268  6.478 11.282228
68044  -51.066  28.092  6.873 11.445073
68045  -50.439  27.926  6.810 11.042789
68046  -50.006  27.520  7.120 10.761408
68047  -49.672  27.739  6.761 10.620584
68048  -49.788  29.022  4.659 10.420477
68049  -50.169  28.909  5.139 10.647455
68050  -49.318  28.723  5.164 10.233635
68052  -48.121  28.138  6.125 9.760206
68053  -47.613  27.839  6.604 9.476959
68054  -48.013  27.574  6.885 9.689080
73380  -48.390  18.044  23.192 9.496929
73381  -48.653  17.582  23.802 9.433064
73382  -49.104  18.047  23.283 9.593863
73383  -50.761  18.691  22.828 9.964973
73384  -50.436  18.145  23.315 9.725924
73385  -51.049  18.168  23.261 9.748128
73386  -51.343  17.684  23.647 9.499573
73387  -51.657  18.239  23.168 9.734664
73388  -52.301  18.341  22.966 9.684005
73389  -51.969  18.899  22.670 9.992828
73390  -52.440  20.849  21.725 10.833055
73391  -52.710  20.334  21.890 10.546098
73392  -53.054  20.920  21.526 10.825715
73393  -53.669  20.916  21.231 10.764661
73394  -53.363  21.499  21.136 11.098352
73455  -50.210  36.208  2.849 9.472321
73456  -50.656  34.929  2.645 9.807819
73457  -50.545  35.740  2.272 9.652157
73458  -51.022  34.945  0.722 9.736856
73459  -51.028  34.691  1.263 9.875287
73460  -51.113  34.185  0.855 9.916991
73461  -51.103  33.483  0.989 10.040861
73462  -51.042  33.762  0.444 9.911871
73463  -50.877  33.385  0.247 9.859571
73464  -50.998  33.952  0.071 9.787104
73465  -50.979  34.918  -0.688 9.389071
73466  -50.936  34.374  -0.574 9.538735
73467  -50.798  34.562  -0.913 9.409785
73468  -50.558  34.205  -1.135 9.383228
84513  -46.854  23.319  21.509 9.731733
84514  -46.652  22.564  21.672 9.528080
84515  -47.391  22.730  21.526 9.945841
84516  -48.101  22.067  21.457 10.121641
84517  -48.139  22.818  21.394 10.355268
84518  -47.567  25.096  19.139 10.735739
84519  -47.482  24.910  19.965 10.464160
84520  -48.156  24.952  19.724 10.957439
84521  -49.878  24.468  20.380 11.633978
84522  -49.149  24.372  20.623 11.275738
84523  -49.671  23.837  20.937 11.359556
84524  -49.552  23.106  21.239 11.088507
84525  -50.296  23.245  21.030 11.384169
84526  -50.970  22.635  21.128 11.344764
84527  -51.019  23.382  20.817 11.617366
84528  -52.470  24.025  19.637 12.117365
84529  -52.345  23.446  20.372 11.870506
84530  -53.016  23.386  19.947 11.887496
84531  -53.584  22.755  20.097 11.605330
84532  -53.631  23.320  19.450 11.835597
84551  -41.467  31.052  14.005 9.440351
84553  -41.666  30.298  14.318 9.645235
84554  -41.872  29.642  14.660 9.810103
84555  -42.749  29.884  14.005 10.401887
84558  -47.542  34.054  9.980 9.506855
84559  -47.377  33.727  11.449 10.949917
84560  -46.700  33.873  11.093 10.159281
84561  -46.166  33.634  11.600 10.502530
84562  -45.026  33.466  11.636 10.007794
84563  -45.748  33.307  12.000 10.845046
84564  -50.674  32.041  10.969 13.473238
84565  -49.734  32.700  11.699 12.996413
84566  -49.632  32.285  11.696 13.307586
84567  -47.531  31.690  12.423 12.946516
84568  -47.470  32.292  12.478 12.696500
84569  -46.393  32.102  12.686 12.263021
84570  -45.349  32.483  12.733 11.485258
84571  -45.331  31.919  12.852 11.760675
84572  -44.322  31.733  12.996 11.207030
84573  -45.494  31.315  12.794 11.992722
84574  -46.974  29.500  12.502 12.878648
84575  -45.830  29.907  12.807 12.294917
84576  -45.997  29.274  12.924 12.355027
84577  -45.074  28.992  13.402 11.783190
84578  -46.181  28.630  13.124 12.352354
84579  -46.404  27.997  13.633 12.288489
84580  -47.254  28.157  13.101 12.811521
84581  -50.059  27.134  13.287 13.665858
84582  -49.254  27.163  13.756 13.367017
84583  -50.173  26.714  14.171 13.469851
84584  -50.315  26.379  15.033 13.244336
84585  -51.024  26.305  14.616 13.471371
84586  -52.441  26.736  11.539 13.924769
84587  -51.974  26.855  11.971 13.995237
84588  -52.543  26.387  12.274 13.775548
84589  -53.150  25.385  14.168 13.129779
84590  -52.729  25.782  13.978 13.417104
84591  -52.809  25.514  14.862 13.219203
84592  -52.295  25.643  15.496 13.229456
84593  -52.752  25.275  15.870 13.013216
84594  -52.676  25.094  16.937 12.800444
84595  -53.209  24.871  16.170 12.748169
84596  -54.185  23.758  16.049 11.900367
84597  -54.019  23.948  16.863 12.102743
84598  -54.301  23.434  17.042 11.734778
84599  -54.348  23.083  17.946 11.554486
84600  -54.479  22.865  17.155 11.343737
84601  -54.827  22.281  17.340 10.935034
84602  -54.560  22.678  16.452 11.099161
84603  -54.348  22.808  14.378 10.660746
84604  -54.600  22.502  15.180 10.545574
84605  -54.405  22.401  14.551 10.252314
84606  -54.385  22.022  14.691 9.854718
84607  -54.081  22.382  14.015 9.956695
84608  -53.029  23.852  10.991 11.051387
84609  -53.389  23.596  11.857 10.954817
84610  -53.098  23.469  11.356 10.614235
84611  -52.396  22.737  11.857 9.500114
84612  -52.895  22.849  12.154 9.807266
84613  -52.857  22.507  12.494 9.441065
84614  -53.270  22.236  13.168 9.377349
84623  -51.703  27.046  7.523 11.684011
84624  -52.094  26.624  7.697 11.676268
84625  -51.461  26.508  7.633 11.298003
84626  -50.112  25.434  8.384 10.102123
84627  -50.713  25.484  8.331 10.463354
84628  -50.365  24.985  8.796 10.038341
84629  -50.576  24.526  9.158 9.957689
84630  -50.052  24.531  9.264 9.621600
84735  -49.901  32.708  0.081 9.610421
84736  -49.114  32.215  0.495 9.508669
84737  -48.969  32.458  0.188 9.410274
93078  -54.139  19.827  21.308 9.992738
93079  -54.333  19.311  21.221 9.577584
93080  -54.659  19.874  20.727 9.831344
93081  -54.934  19.848  20.058 9.647087
93082  -55.075  19.847  19.265 9.447611
93084  -55.137  20.283  18.708 9.676334
93085  -55.088  20.721  18.099 9.890966
93086  -55.037  21.200  17.449 10.086837
93092  -51.305  32.659  2.008 10.325591
93093  -51.495  32.107  2.384 10.488215
93094  -51.280  31.927  2.028 10.395506
93095  -51.185  31.375  2.214 10.410971
93096  -50.943  30.802  2.424 10.374527
93097  -50.434  30.188  2.715 10.289854
93098  -50.201  30.597  2.281 10.121829
93099  -49.314  30.479  2.254 9.824708
93100  -48.256  30.432  2.372 9.481629
93102  -48.027  30.797  2.106 9.348339
96388  -41.896  27.365  16.710 9.416730
96389  -43.192  26.875  16.436 9.863658
96390  -44.378  26.394  16.265 10.282001
96391  -45.578  26.077  16.383 10.662432
96392  -45.174  26.513  15.775 10.859306
96393  -45.981  26.624  15.274 11.438534
96394  -46.798  26.764  14.869 11.998782
96400  -52.794  29.576  8.333 13.496098
96401  -52.615  29.881  8.735 13.727787
96402  -52.808  29.200  8.556 13.637627
96403  -52.835  28.699  8.815 13.722992
96404  -52.854  28.151  9.096 13.752763
96405  -52.919  27.554  9.465 13.731222
96406  -53.074  27.397  9.056 13.451929
96407  -53.137  26.766  9.119 13.078219
96408  -53.092  26.171  9.293 12.653373
96409  -52.987  25.584  9.517 12.197176
96410  -52.921  26.039  9.032 12.296612
96411  -52.661  25.926  8.726 11.929393
96412  -52.319  25.810  8.476 11.558837
100716  -49.311  33.738  6.295 9.436076
100717  -49.918  33.500  5.643 9.742404
100718  -50.655  32.889  5.784 10.250050
100719  -51.247  32.434  5.970 10.723942
100720  -52.094  30.986  4.764 11.343201
100721  -52.148  31.141  5.212 11.453750
100722  -52.254  30.779  5.352 11.612754
100723  -52.411  30.591  5.881 11.900268
100724  -52.617  30.384  6.366 12.199107
100725  -52.720  30.290  6.924 12.500455
100726  -52.673  30.013  6.463 12.269866
100727  -52.633  29.626  6.593 12.264175
100728  -52.433  29.182  6.742 12.185829
100729  -52.036  28.736  6.942 12.039850
100730  -51.962  28.902  6.455 11.840551
100731  -51.423  28.657  6.219 11.474919
100732  -50.727  28.493  6.063 11.088254
100733  -48.024  28.883  4.838 9.554557
100734  -48.424  28.606  5.240 9.782454
103932  -49.058  19.095  22.465 9.855911
103933  -49.416  18.599  22.856 9.788887
103934  -49.729  19.159  22.486 10.012918
103935  -50.422  19.242  22.443 10.138779
103936  -51.041  19.362  22.442 10.226029
103937  -51.686  19.474  22.382 10.269382
103938  -51.400  20.051  22.094 10.501570
103939  -51.740  20.753  21.817 10.783955
103940  -52.087  21.364  21.516 11.066491
103978  -50.505  36.297  1.847 9.504542
103979  -50.480  36.423  1.316 9.360527
103980  -50.814  35.649  0.697 9.502331
103981  -50.976  35.087  0.294 9.600823
103982  -51.059  34.592  -0.031 9.654882
103983  -50.977  35.200  -0.053 9.464117
103984  -50.970  35.324  -0.414 9.323932
110613  -46.431  23.755  21.241 9.491494
110614  -47.059  23.961  21.121 9.957866
110615  -48.937  25.323  18.481 11.705186
110616  -48.835  25.031  19.459 11.420197
110617  -49.540  25.170  19.127 11.835534
110618  -50.096  25.016  19.584 11.910748
110619  -50.533  24.602  20.093 11.928385
110620  -51.080  24.098  20.376 11.885764
110621  -51.225  24.634  19.715 12.149447
110622  -51.954  24.610  19.249 12.291600
110623  -52.640  24.542  18.714 12.353713
110637  -42.401  31.322  13.565 10.026481
110638  -49.301  33.524  9.716 10.614696
110639  -48.306  33.838  10.239 10.245565
110640  -49.015  33.627  10.490 10.970405
110641  -48.575  33.687  11.214 11.337848
110642  -48.055  33.486  11.707 11.706678
110643  -50.456  31.025  11.063 13.945823
110644  -49.621  31.857  11.743 13.570207
110645  -49.470  31.264  11.645 13.774320
110646  -48.553  31.266  11.990 13.504181
110647  -47.635  31.043  12.230 13.139753
110648  -46.680  30.811  12.477 12.690934
110649  -47.786  30.352  12.150 13.270011
110650  -47.897  29.613  12.105 13.334446
110651  -48.006  28.879  12.280 13.333414
110652  -48.116  28.217  12.734 13.269967
110653  -49.057  28.213  12.341 13.648156
110654  -49.989  27.607  12.560 13.823715
110655  -50.790  27.098  12.859 13.870600
110656  -53.155  25.727  11.853 13.292412
110657  -52.961  25.899  12.451 13.482183
110658  -53.299  25.442  12.716 13.135141
110659  -53.420  25.213  13.535 12.970210
110660  -53.521  24.963  14.483 12.799899
110661  -53.653  24.662  15.456 12.624425
110662  -53.854  24.502  14.807 12.438714
110663  -54.132  24.009  15.073 12.054920
110664  -54.292  23.521  15.280 11.655399
110665  -54.268  23.078  15.603 11.245646
110666  -54.256  23.380  14.644 11.377997
110667  -54.223  23.261  14.025 11.077959
110668  -54.058  23.133  13.520 10.763992
110669  -52.352  23.600  10.553 10.359789
110670  -52.644  23.354  11.110 10.276375
110671  -52.204  23.247  10.876 9.945940
110672  -52.017  22.929  11.229 9.560266
110678  -50.526  26.753  7.453 10.910717
110679  -50.841  26.402  7.621 10.918230
110680  -50.181  26.288  7.658 10.533974
110681  -49.790  25.867  7.958 10.138900
110682  -49.463  25.374  8.465 9.735482
110745  -49.711  33.116  -0.587 9.401758
110746  -48.919  32.658  -0.150 9.311732
117374  -50.995  33.533  3.640 10.161784
117375  -51.175  33.057  4.276 10.369097
117376  -51.402  32.827  3.731 10.475043
117377  -51.699  32.223  3.796 10.737802
117378  -51.834  31.702  3.936 10.945411
117379  -51.641  31.718  2.928 10.669001
117380  -51.766  31.450  3.533 10.870759
117381  -51.923  31.248  4.178 11.095361
117382  -51.929  30.826  4.275 11.187614
117383  -51.814  30.329  4.498 11.223627
117384  -51.603  29.851  4.639 11.206848
117385  -51.333  29.453  4.836 11.140703
117386  -51.031  29.612  4.283 10.906046
117387  -50.289  29.365  4.143 10.571259
117388  -49.425  29.136  4.157 10.200337
117389  -49.791  29.685  3.120 10.161314
117390  -49.095  29.323  3.650 9.993422
117391  -48.454  29.084  4.265 9.790062
117392  -47.579  29.186  4.436 9.337083
119875  -47.647  18.079  23.114 9.389063
119876  -48.027  18.547  22.794 9.515935
119878  -47.588  19.063  22.454 9.483912
119879  -48.367  19.081  22.465 9.676522
119880  -48.675  19.551  22.120 9.866678
119881  -48.976  20.073  21.809 10.081473
119882  -49.276  20.741  21.601 10.315454
125070  -45.411  25.172  19.175 9.422187
125071  -46.196  24.978  19.683 9.695814
125072  -46.168  25.195  18.807 9.944052
125073  -46.857  25.247  18.520 10.479803
125074  -47.603  25.347  18.262 11.011925
125075  -46.619  25.810  16.658 10.998340
125076  -47.486  25.631  17.207 11.285432
125077  -48.244  25.482  17.854 11.521356
125078  -48.990  25.612  17.495 11.989406
125079  -49.695  25.760  17.191 12.398698
125080  -50.315  25.857  16.908 12.735183
125092  -51.705  32.008  9.651 12.892732
125093  -50.985  32.553  10.594 12.813446
125094  -51.603  31.916  9.961 13.235574
125095  -51.439  31.666  10.164 13.546129
125096  -51.282  31.311  10.287 13.811066
125097  -52.380  30.086  9.122 13.900433
125098  -51.852  30.484  9.725 14.001529
125099  -51.215  30.779  10.363 14.019711
125100  -51.157  30.204  10.396 14.165154
125101  -51.188  29.476  10.422 14.244569
125102  -51.183  28.749  10.757 14.259595
125103  -51.219  28.056  11.138 14.215207
125104  -51.838  27.943  10.778 14.212540
125105  -52.422  27.212  10.905 14.043838
125106  -52.798  26.630  11.002 13.777529
125107  -53.015  27.044  9.877 13.665581
125108  -53.027  26.544  10.471 13.564746
125109  -53.076  26.079  11.117 13.437685
125110  -53.277  25.529  11.301 13.046233
125111  -53.415  25.011  11.441 12.622159
125112  -53.516  24.536  11.636 12.180788
125113  -53.610  24.113  11.947 11.734464
125114  -53.361  24.377  11.156 11.851196
125115  -53.131  24.253  10.701 11.505395
125116  -52.831  24.174  10.463 11.152170
125117  -52.835  25.025  9.730 11.726913
125118  -52.658  24.518  9.938 11.257022
125119  -52.501  24.040  10.224 10.798550
125120  -52.123  23.898  10.023 10.450226
125121  -51.646  23.792  9.919 10.110759
125122  -51.134  23.709  9.868 9.781809
134538  -41.420  28.328  15.962 9.437788
134539  -42.249  28.365  15.243 9.992835
134544  -48.711  33.645  8.638 9.612123
134545  -49.547  33.371  7.016 9.687664
134546  -49.665  33.240  7.885 9.968870
134547  -49.495  33.370  8.848 10.278955
134548  -50.204  33.101  9.071 10.924929
134549  -50.822  32.796  9.231 11.529838
134550  -51.356  32.471  9.267 12.072092
134551  -51.369  32.636  4.834 10.601733
134552  -51.586  32.269  5.440 10.862330
134553  -51.704  32.009  6.107 11.151604
134554  -52.132  31.331  5.674 11.514644
134555  -52.049  31.549  6.179 11.521113
134556  -51.836  31.819  6.789 11.468364
134557  -51.915  31.805  7.553 11.808971
134558  -51.938  31.899  8.307 12.166614
134559  -51.798  32.107  9.240 12.531837
134560  -52.255  31.384  8.718 12.892775
134561  -52.500  30.876  8.450 13.143775
134562  -52.668  30.369  8.246 13.279988
134563  -52.765  30.188  7.417 12.793026
134564  -52.771  30.132  7.829 13.064433
134565  -52.782  29.842  8.096 13.302469
134566  -52.827  29.310  8.015 13.217745
134567  -52.794  28.744  7.947 13.036246
134568  -52.669  28.050  7.834 12.771418
134569  -52.568  27.437  7.821 12.438300
134570  -52.386  27.898  7.623 12.407253
134571  -51.928  27.652  7.479 12.032035
134572  -51.397  27.449  7.389 11.649257
134573  -51.667  28.298  7.000 11.832045
134574  -51.221  27.844  7.190 11.569141
134575  -50.848  27.305  7.331 11.259045
134576  -50.279  27.178  7.331 10.858986
134577  -49.564  27.059  7.386 10.443565
134578  -48.825  26.966  7.485 10.005364
134579  -51.003  29.102  5.193 11.028523
134580  -50.583  28.714  5.595 10.873275
134581  -49.902  28.388  5.979 10.677265
134582  -48.712  28.443  5.647 10.013034
134583  -48.989  28.237  6.009 10.236590
134584  -49.278  28.006  6.343 10.442597
134585  -48.767  27.628  6.724 10.171865
134586  -48.377  27.268  7.152 9.868060
134587  -48.117  26.891  7.610 9.535633
141207  -48.162  17.118  24.249 9.310084
141208  -48.929  17.140  24.257 9.332820
141209  -49.717  17.162  24.244 9.341441
141210  -49.779  18.104  23.347 9.672579
141211  -50.096  17.639  23.798 9.516159
141212  -50.375  17.180  24.164 9.330290
141216  -52.638  17.837  23.238 9.355144
141217  -52.913  18.468  22.717 9.596778
141218  -53.172  19.170  22.278 9.855557
141219  -52.345  19.598  22.230 10.266044
141220  -52.934  19.740  22.099 10.216250
141221  -53.568  19.793  21.779 10.123390
141222  -53.942  20.383  21.306 10.392303
141223  -54.185  20.958  20.848 10.655214
141224  -54.372  21.439  20.275 10.906045
141288  -49.503  34.862  4.543 9.321606
141289  -50.023  34.700  4.062 9.585355
141297  -49.916  35.506  3.651 9.409559
141298  -50.549  34.368  3.529 9.804302
141299  -50.804  34.201  3.119 9.976138
141300  -51.005  33.994  2.760 10.099642
141301  -51.186  33.642  2.288 10.174239
141302  -50.840  35.228  1.686 9.786830
141303  -51.061  34.304  1.835 10.019796
141304  -51.225  33.450  1.960 10.200100
141305  -51.192  33.123  1.534 10.177663
141306  -50.982  32.821  1.159 10.107450
141307  -50.645  32.485  0.903 9.989902
141308  -50.060  32.174  0.795 9.824585
141309  -50.570  32.796  0.500 9.871805
141310  -50.594  33.079  0.107 9.759459
141311  -50.463  33.230  -0.239 9.649742
141312  -50.973  34.148  -0.267 9.663661
141313  -50.787  33.791  -0.456 9.625814
141314  -50.364  33.439  -0.573 9.539390
141315  -50.219  33.630  -0.895 9.425714
141316  -49.879  33.873  -1.105 9.305882
154663  -46.440  21.853  21.753 9.349354
154664  -47.084  21.240  21.733 9.551692
154665  -47.912  21.275  21.549 9.905908
154666  -48.761  21.413  21.448 10.247755
154667  -49.444  21.591  21.454 10.563920
154668  -46.777  24.786  20.156 9.958474
154669  -47.243  24.515  20.581 10.203254
154670  -47.719  24.092  20.964 10.421748
154671  -48.667  24.730  20.233 11.139439
154672  -48.415  24.247  20.813 10.866547
154673  -48.198  23.562  21.281 10.604370
154674  -48.803  22.927  21.319 10.741067
154675  -49.540  22.389  21.334 10.822634
154676  -50.133  21.757  21.427 10.841419
154677  -50.884  21.869  21.352 11.069252
154678  -51.585  21.991  21.286 11.238580
154679  -52.341  22.077  21.172 11.343863
154680  -51.702  23.457  20.622 11.780635
154681  -52.366  22.783  20.859 11.612579
154682  -52.945  22.132  21.029 11.383505
154683  -53.533  22.145  20.697 11.359154
154684  -54.050  22.115  20.196 11.275779
154685  -54.454  22.031  19.597 11.140790
154711  -42.049  28.975  14.968 9.927623
154712  -43.137  28.510  14.602 10.580874
154716  -47.184  34.087  10.582 9.824766
154717  -45.984  33.975  10.668 9.361710
154720  -43.937  33.323  11.659 9.480208
154721  -43.558  33.030  12.161 9.789165
154722  -49.964  32.952  11.377 12.649285
154723  -48.809  33.148  11.847 12.398894
154724  -47.648  33.202  12.108 12.064548
154725  -48.503  32.371  12.216 13.047543
154726  -47.417  32.805  12.345 12.398641
154727  -46.544  33.078  12.270 11.653247
154728  -45.494  32.978  12.456 11.176405
154729  -44.387  32.805  12.520 10.649055
154730  -43.297  32.639  12.649 10.088735
154731  -43.273  32.128  12.992 10.369605
154732  -43.368  31.558  13.266 10.622054
154733  -43.536  30.856  13.390 10.837148
154734  -45.717  30.576  12.771 12.172885
154735  -44.686  30.345  13.133 11.604455
154736  -43.646  30.105  13.527 11.006882
154737  -43.753  29.407  13.705 11.124209
154738  -44.050  28.710  14.003 11.184465
154739  -44.287  28.077  14.344 11.185731
154740  -45.479  27.771  14.188 11.720462
154741  -46.613  27.371  14.206 12.168336
154742  -47.668  27.014  14.468 12.519416
154743  -48.286  27.645  13.362 13.149995
154744  -48.489  27.155  14.080 12.980936
154745  -48.664  26.722  14.892 12.771294
154746  -49.583  26.429  15.384 12.927871
154747  -50.367  26.101  15.925 12.997119
154748  -50.971  25.846  16.544 12.988721
154749  -51.311  27.409  11.689 14.118842
154750  -51.418  27.020  12.444 13.979442
154751  -51.536  26.644  13.233 13.805540
154752  -52.622  26.068  13.051 13.604188
154753  -52.209  26.202  13.612 13.648064
154754  -51.634  26.307  14.152 13.605541
154755  -51.704  26.033  15.126 13.386374
154756  -51.631  25.791  16.067 13.153688
154757  -51.543  25.614  17.112 12.911605
154758  -52.092  25.263  17.612 12.773644
154759  -52.668  24.886  17.848 12.581029
154760  -53.165  24.434  18.134 12.338565
154761  -53.643  24.428  16.531 12.442570
154762  -53.639  24.240  17.532 12.252123
154763  -53.611  23.893  18.453 12.050646
154764  -54.044  23.286  18.688 11.721709
154765  -54.409  22.669  18.843 11.356962
154766  -54.750  21.969  18.960 10.962610
154767  -54.917  21.852  18.219 10.750739
154768  -54.998  21.763  17.446 10.514112
154769  -54.956  21.691  16.664 10.261203
154770  -54.663  22.597  15.822 10.830313
154771  -54.804  22.121  15.897 10.413551
154772  -54.793  21.670  15.984 9.998988
154773  -54.567  21.666  15.391 9.733640
154774  -54.300  21.636  14.853 9.469943
154776  -53.699  23.729  12.332 11.292108
154777  -53.720  23.400  12.706 10.860350
154778  -53.723  22.994  12.998 10.443522
154779  -52.959  23.169  11.762 10.198611
154780  -53.305  22.909  12.535 10.122979
154781  -53.722  22.645  13.280 10.044245
154782  -53.699  22.307  13.541 9.663828
154783  -53.615  21.927  13.801 9.302713
154794  -52.461  26.816  7.899 12.053104
154795  -52.229  26.242  8.048 11.631750
154796  -51.868  25.712  8.312 11.189895
154797  -51.130  26.019  7.868 10.886984
154798  -51.291  25.571  8.251 10.824825
154799  -51.482  25.157  8.776 10.741357
154800  -51.187  24.584  9.144 10.298093
154801  -50.888  24.110  9.509 9.869539
154802  -50.552  23.694  9.878 9.462762
154803  -48.444  25.737  8.354 9.341969
154804  -48.838  25.319  8.635 9.355065
154805  -49.168  24.947  9.020 9.332457
154929  -49.292  31.926  0.772 9.610550
154930  -48.331  31.741  0.941 9.346223
