#!ascii label  , from subject fsaverage vox2ras=TkReg coords=white
2244
32  -22.275  -80.784  17.004 11.881971
140  -11.463  -99.583  12.803 10.917649
206  -27.090  -96.720  -5.806 10.855562
208  -40.640  -87.461  -7.104 10.214964
304  -17.125  -93.441  17.676 12.642883
305  -21.695  -99.585  11.834 11.101780
306  -24.265  -88.694  12.145 11.901879
578  -22.168  -98.903  0.577 10.448146
686  -29.954  -90.818  -6.192 9.735682
687  -33.097  -91.871  -8.412 11.228161
688  -38.397  -88.734  -4.244 11.295192
782  -21.571  -83.202  21.959 11.928639
783  -15.975  -88.391  22.422 10.690065
784  -18.080  -87.408  17.225 14.512982
785  -19.746  -91.859  14.218 14.326518
786  -21.699  -84.927  13.092 12.809780
1272  -10.152  -92.884  13.690 10.443578
1274  -8.300  -99.341  8.167 10.700426
1276  -10.873  -103.120  8.649 9.695528
1277  -24.703  -97.774  10.791 10.902356
1278  -19.334  -100.108  5.197 10.186741
1279  -22.544  -95.177  5.840 11.244527
1280  -22.946  -93.702  0.844 10.435465
1522  -23.499  -100.051  -8.399 10.702291
1524  -27.674  -96.376  -11.136 10.078140
1700  -14.658  -97.329  17.715 10.786505
1701  -15.533  -100.812  13.267 10.651423
1702  -18.173  -96.898  14.726 12.414616
1703  -22.215  -95.004  12.369 12.328237
1704  -27.552  -92.755  12.271 10.114109
1934  -22.637  -80.081  26.961 9.695819
2336  -28.762  -83.072  12.612 9.867495
2337  -29.968  -87.797  12.295 10.026553
2370  -19.138  -101.424  -3.482 9.837469
2371  -23.670  -98.280  -3.250 10.892179
2482  -41.852  -84.457  -2.680 10.042263
2607  -34.673  -89.199  -5.553 10.710297
2702  -21.508  -81.836  19.505 12.331375
2703  -19.661  -84.928  19.644 13.344968
2704  -20.422  -84.143  16.900 13.633121
2705  -19.476  -86.206  14.979 14.297765
2706  -21.870  -82.912  14.778 12.666570
3190  -11.255  -97.439  16.152 10.442644
3191  -10.664  -94.873  17.222 9.968164
3192  -11.754  -95.463  12.486 10.918713
3193  -9.445  -95.771  10.236 10.888310
3194  -10.611  -99.004  9.786 11.045579
3195  -9.533  -101.657  8.842 10.409697
3196  -11.111  -101.641  11.264 10.609077
3197  -26.784  -96.300  10.066 10.015664
3198  -23.922  -96.818  8.493 10.937785
3199  -25.518  -94.915  8.130 10.256307
3200  -24.220  -93.422  6.042 10.592364
3496  -25.643  -98.815  -6.843 10.951666
3497  -24.575  -97.819  -9.994 10.432254
3498  -26.428  -96.617  -8.926 10.672660
3499  -37.188  -90.518  -7.674 11.082244
3500  -34.212  -92.083  -9.572 10.222108
3790  -16.400  -91.169  19.547 11.833535
3792  -15.587  -93.878  19.932 10.585734
3793  -14.245  -96.201  20.328 9.960120
3794  -16.087  -95.443  17.878 11.413679
3795  -16.194  -97.022  15.647 11.641310
3796  -17.423  -95.023  15.965 12.785079
3797  -21.879  -90.088  13.013 13.310946
3798  -21.086  -93.159  13.259 13.349018
3799  -23.283  -92.099  12.506 12.359169
3800  -25.094  -93.792  12.180 11.322738
3801  -25.890  -90.849  12.136 11.133290
5198  -27.704  -81.399  12.813 9.711252
5272  -18.742  -100.587  12.307 10.813783
5273  -15.464  -102.017  10.188 9.873723
5274  -18.652  -101.447  9.289 10.024257
5275  -19.255  -99.577  2.018 10.202483
5279  -21.822  -101.467  -0.863 10.047054
5280  -21.758  -100.707  -3.563 10.751985
5281  -23.516  -99.036  -1.050 10.748564
5842  -27.452  -94.140  -6.191 10.470655
5843  -28.515  -94.330  -8.459 11.020530
5844  -31.532  -91.064  -7.774 11.199855
5845  -36.019  -90.106  -6.402 11.755743
5846  -39.670  -88.514  -5.586 11.650232
6016  -21.449  -84.937  24.094 10.797206
6017  -17.967  -87.090  24.698 9.710445
6018  -18.814  -86.152  22.413 11.841155
6019  -17.326  -87.813  19.875 13.075772
6020  -17.380  -90.718  17.508 13.999574
6021  -18.182  -92.942  15.787 14.134162
6022  -18.241  -89.932  15.209 14.872323
6023  -20.080  -88.213  13.403 14.085480
6024  -22.671  -86.651  12.208 12.455756
6900  -6.902  -94.525  12.485 10.053951
6901  -6.542  -97.312  10.404 10.074958
6902  -6.044  -99.864  8.851 9.878286
6904  -7.172  -101.829  7.450 9.963554
6907  -23.322  -98.884  11.342 11.249234
6908  -21.245  -100.152  8.582 10.492622
6909  -22.340  -98.501  8.673 10.968617
6910  -20.708  -97.339  5.529 11.021658
6911  -21.404  -96.488  2.265 11.118311
6912  -22.903  -96.560  0.399 10.976748
6913  -22.613  -94.343  2.949 11.192230
6914  -23.472  -91.590  3.663 10.211628
7390  -21.322  -100.992  -9.946 9.876174
7392  -23.012  -99.068  -11.601 10.022749
7393  -25.556  -97.110  -13.144 9.878055
7395  -29.812  -94.177  -9.929 10.494396
7396  -30.512  -93.830  -11.541 9.689520
7807  -12.327  -98.199  19.308 9.997080
7808  -12.295  -98.885  15.835 10.707373
7809  -12.717  -100.783  13.511 10.718347
7810  -14.949  -98.984  15.209 10.987916
7811  -17.431  -98.995  14.431 11.405793
7812  -19.939  -98.480  13.645 11.811795
7813  -18.925  -94.432  14.562 13.559817
7814  -20.361  -96.059  13.750 12.728026
7815  -22.207  -97.436  12.918 11.901509
7816  -23.743  -96.477  12.160 11.424490
7817  -26.437  -95.474  11.821 10.402110
8406  -22.877  -83.297  26.324 10.109698
8407  -23.150  -81.237  24.048 10.686483
8408  -23.163  -79.553  21.723 10.876892
8409  -23.544  -78.495  19.230 10.695523
9538  -24.859  -77.203  17.453 10.078705
9565  -24.081  -80.051  14.805 10.778296
9566  -24.238  -81.998  13.104 11.107085
9567  -25.132  -83.792  12.050 11.098889
9568  -26.267  -85.548  12.006 10.984617
9570  -29.766  -85.296  12.303 10.057763
9571  -27.294  -88.074  11.823 10.754178
9572  -28.781  -90.395  11.972 10.116520
9658  -12.820  -102.345  11.146 10.102231
9667  -21.015  -100.750  -6.803 10.532314
9668  -23.934  -100.011  -5.114 11.091517
9669  -26.388  -97.195  -3.595 10.859920
9670  -24.316  -96.310  -1.186 10.535951
9671  -25.442  -95.353  -2.219 10.078945
9672  -27.157  -94.657  -3.868 10.016675
10000  -39.582  -87.967  -1.617 9.830935
10001  -40.610  -87.139  -3.256 11.050030
10002  -41.154  -85.681  -4.560 10.688020
10382  -21.825  -81.232  18.251 12.209989
10383  -21.063  -83.011  18.159 13.030063
10384  -21.362  -82.551  16.944 12.808532
10385  -21.014  -83.521  15.846 13.276364
10386  -22.053  -81.939  15.895 12.345529
10870  -11.649  -97.990  14.034 10.780912
10871  -11.734  -96.331  14.301 10.707595
10872  -11.813  -97.489  12.244 10.967634
10873  -11.340  -97.212  10.706 11.084339
10874  -11.205  -99.347  11.280 11.019991
10875  -10.736  -100.691  10.692 10.869885
10876  -11.263  -100.714  12.083 10.857416
10878  -26.296  -95.865  9.008 10.076129
10880  -26.339  -93.955  7.992 9.811871
11176  -26.618  -97.927  -6.031 10.935749
11177  -25.881  -97.939  -7.797 10.805388
11178  -26.630  -96.884  -7.438 10.868896
11179  -38.958  -89.062  -7.541 10.746440
11180  -37.713  -89.884  -8.288 10.313956
11181  -39.604  -88.276  -8.056 9.805109
11470  -17.010  -92.802  18.557 12.310983
11471  -16.221  -92.868  19.649 11.155659
11472  -16.404  -93.716  18.841 11.632351
11473  -15.695  -94.625  19.007 11.071478
11474  -16.529  -94.433  17.751 11.966683
11475  -16.756  -95.070  16.845 12.136939
11476  -17.156  -94.170  16.663 12.798182
11477  -23.169  -89.337  12.500 12.602989
11478  -22.556  -90.962  12.900 12.846849
11479  -23.659  -90.521  12.391 12.195218
11480  -24.571  -91.566  12.297 11.742953
11481  -24.916  -89.799  12.021 11.555499
12952  -20.231  -100.107  11.970 10.954757
12953  -18.935  -101.111  10.771 10.422344
12954  -20.414  -100.651  10.525 10.578779
12955  -20.745  -99.081  1.155 10.305087
12956  -20.018  -100.526  1.520 9.762516
12957  -21.561  -100.213  0.786 9.949171
12958  -21.583  -101.409  0.213 9.698187
12959  -22.756  -100.083  0.023 10.199839
12960  -22.762  -100.303  -0.936 10.479667
12961  -23.380  -98.951  -0.028 10.606112
13576  -28.465  -92.453  -6.293 10.142154
13577  -28.828  -92.603  -7.563 10.825711
13578  -30.592  -90.966  -7.118 10.599601
13579  -36.667  -88.900  -4.902 11.086302
13580  -35.276  -89.651  -5.980 11.437505
13581  -37.297  -89.338  -5.363 11.677969
13582  -37.880  -89.581  -6.020 11.809542
13583  -39.063  -88.839  -4.854 11.717669
13867  -21.602  -83.999  23.030 11.439909
13868  -20.149  -85.681  23.153 11.276002
13869  -20.489  -84.803  21.986 12.050343
13870  -18.679  -85.969  18.488 13.998017
13871  -18.371  -86.295  19.844 13.378855
13872  -17.630  -87.619  18.567 13.974628
13873  -17.040  -89.340  18.617 13.614306
13874  -17.460  -89.101  17.352 14.420428
13875  -17.777  -90.340  16.356 14.650694
13876  -17.941  -88.677  16.222 14.817449
13877  -20.403  -85.590  14.009 13.648450
13878  -19.460  -87.295  14.169 14.292204
13879  -20.670  -86.571  13.290 13.545870
13880  -21.315  -87.389  12.611 13.303124
13881  -22.114  -85.794  12.617 12.672572
15333  -10.865  -93.610  15.437 10.282618
15335  -10.192  -92.566  16.494 9.942651
15337  -9.275  -92.159  14.583 10.061670
15338  -7.544  -93.166  13.743 9.928069
15339  -8.598  -93.386  12.680 10.374781
15340  -8.933  -97.612  9.043 10.868262
15341  -7.920  -96.498  10.126 10.565476
15342  -7.616  -98.119  9.214 10.500193
15343  -6.302  -98.642  9.621 10.012700
15344  -7.097  -99.538  8.551 10.329476
15345  -6.621  -100.736  7.904 10.044662
15346  -7.614  -100.675  7.865 10.391440
15347  -10.170  -102.633  9.015 10.060536
15348  -9.189  -102.690  8.023 9.895391
15352  -23.900  -98.412  11.153 11.154017
15353  -23.216  -99.002  9.911 11.056811
15354  -23.740  -98.310  9.926 11.038838
15355  -23.235  -96.181  7.219 11.094263
15356  -22.289  -96.845  7.403 11.130548
15357  -21.657  -96.235  5.840 11.244512
15358  -20.541  -96.925  3.665 11.085277
15359  -21.769  -95.457  4.099 11.318673
15360  -22.192  -95.414  2.761 11.295205
15361  -22.630  -94.551  4.403 11.300548
15362  -24.906  -92.068  6.197 10.059352
15363  -23.841  -92.486  4.816 10.524300
15364  -24.365  -91.102  5.060 9.899975
16246  -22.422  -100.482  -9.186 10.368402
16247  -22.361  -100.212  -10.594 9.994762
16248  -23.186  -99.527  -9.827 10.369376
16249  -26.075  -97.128  -10.962 10.251513
16250  -25.052  -97.339  -11.630 10.141001
16251  -26.492  -96.914  -12.163 9.979350
16252  -27.039  -96.590  -13.126 9.733824
16253  -28.006  -96.011  -12.088 9.800112
16254  -30.653  -92.869  -8.589 11.138964
16255  -29.151  -94.249  -9.267 10.837234
16256  -31.248  -93.021  -9.249 10.839652
16258  -32.154  -92.804  -10.740 9.899789
17130  -16.623  -87.474  23.739 10.154810
17140  -14.497  -96.948  19.189 10.453022
17141  -13.379  -97.387  20.116 9.908499
17142  -13.414  -97.854  18.723 10.385784
17143  -12.342  -98.350  17.676 10.443057
17144  -13.533  -98.095  17.121 10.692369
17145  -13.579  -99.088  15.673 10.832024
17146  -14.757  -97.893  16.287 10.959412
17147  -17.083  -97.060  15.111 12.059430
17148  -16.660  -97.983  14.868 11.570916
17149  -17.814  -97.925  14.685 11.878176
17150  -18.749  -98.851  14.174 11.628175
17151  -19.028  -97.660  14.295 12.133204
17152  -18.889  -92.522  14.847 14.413092
17153  -18.405  -93.526  14.931 13.907386
17154  -19.243  -93.029  14.307 14.035560
17155  -21.503  -94.132  12.754 12.833418
17156  -20.640  -94.829  13.609 13.097212
17157  -21.271  -95.634  13.196 12.619037
17158  -21.311  -96.699  13.323 12.305635
17159  -22.115  -96.279  12.727 12.160346
17160  -22.816  -97.056  12.531 11.741789
17161  -22.965  -95.740  12.215 11.848825
17162  -26.359  -93.330  12.262 10.710765
17163  -25.840  -94.618  12.115 10.821221
17164  -27.181  -94.114  12.057 10.212307
17165  -27.689  -94.867  11.677 9.816133
18507  -22.360  -81.423  28.191 9.713184
18508  -22.706  -82.864  27.926 9.859972
18509  -22.853  -81.657  26.744 10.063977
18510  -23.017  -82.168  25.147 10.453736
18511  -23.182  -80.482  25.452 10.164969
18513  -23.657  -78.273  23.038 10.189307
18514  -23.938  -77.523  21.792 10.141747
18515  -23.175  -79.039  20.474 10.837687
18516  -24.193  -76.900  20.546 10.044790
21351  -25.365  -78.453  15.217 9.912570
21352  -25.395  -79.731  14.169 10.129759
21353  -24.130  -81.021  13.956 10.993914
21354  -25.592  -80.714  13.377 10.275496
21355  -28.202  -82.133  12.681 9.784523
21356  -26.376  -82.487  12.324 10.387379
21357  -26.977  -83.307  12.174 10.405263
21358  -25.683  -84.624  11.945 11.044685
21359  -27.539  -84.255  12.113 10.429564
21363  -31.166  -86.659  13.056 9.830726
21364  -31.094  -85.470  13.066 9.761771
21365  -29.823  -86.596  12.271 10.094204
21366  -28.535  -86.615  12.049 10.443706
21367  -28.659  -87.903  11.929 10.341396
21368  -28.022  -89.324  11.800 10.494802
21369  -29.209  -89.069  12.017 10.112530
21577  -14.011  -100.860  13.491 10.656456
21578  -12.813  -101.548  12.547 10.479999
21579  -14.048  -101.739  12.250 10.354705
21585  -20.377  -100.177  6.807 10.296732
21586  -19.619  -101.290  7.053 9.947495
21587  -18.680  -101.317  5.214 9.752797
21600  -19.659  -101.126  -7.411 10.000304
21601  -19.800  -101.002  -5.365 10.232690
21602  -22.699  -99.593  -3.570 10.945119
21603  -22.475  -100.385  -4.703 10.988184
21604  -23.865  -99.245  -4.031 11.054668
21605  -25.592  -98.587  -4.065 11.069508
21606  -25.039  -97.620  -3.309 10.887723
21607  -22.850  -95.179  0.579 10.848754
21608  -23.727  -96.470  -0.303 10.784103
21609  -23.761  -95.079  -0.162 10.460816
21611  -24.941  -94.180  -1.518 9.678889
21613  -26.494  -94.774  -2.661 9.981091
22436  -41.698  -85.155  -1.997 9.851750
22437  -40.942  -86.473  -2.185 10.284300
22438  -41.272  -85.712  -2.918 10.615989
22439  -40.912  -86.427  -3.954 11.114143
22440  -41.502  -85.039  -3.571 10.523038
23123  -32.275  -89.850  -6.089 10.236283
23124  -33.965  -88.601  -5.065 9.767187
23125  -36.029  -88.160  -4.281 10.198639
23126  -37.587  -88.337  -3.570 10.512981
23296  -21.426  -82.515  20.766 12.234030
23297  -20.599  -84.221  20.730 12.633178
23298  -20.837  -83.544  19.519 12.971277
23299  -20.097  -84.493  18.282 13.662974
23300  -19.200  -85.714  17.114 14.235995
23301  -18.781  -86.858  16.127 14.617243
23302  -19.890  -85.089  15.902 14.073000
23303  -20.622  -84.553  14.816 13.563884
23304  -21.675  -83.912  13.849 12.819500
24174  -10.835  -97.497  18.262 9.907644
24176  -10.991  -96.134  16.521 10.240157
24177  -11.382  -94.847  14.624 10.544185
24178  -11.114  -94.067  12.889 10.742199
24179  -9.845  -94.085  11.772 10.753346
24180  -10.853  -95.397  11.078 11.000197
24181  -10.270  -97.290  9.540 11.065009
24182  -9.569  -99.036  8.595 10.945501
24183  -8.885  -100.524  8.209 10.653377
24184  -10.048  -100.447  9.174 10.811466
24185  -10.423  -101.769  10.057 10.534791
24186  -10.980  -102.464  10.159 10.201884
24187  -25.774  -97.123  10.340 10.504497
24188  -24.526  -97.480  9.612 10.855825
24189  -25.423  -96.742  9.253 10.516093
24190  -24.738  -96.080  8.313 10.657718
24191  -24.056  -95.248  7.231 10.857016
24192  -23.480  -94.472  5.953 11.012602
24193  -24.802  -94.204  7.184 10.467054
24194  -25.535  -93.105  7.134 9.999054
24724  -24.463  -99.546  -7.737 10.885652
24725  -24.020  -98.919  -9.180 10.598279
24726  -25.039  -98.452  -8.455 10.726279
24727  -25.479  -97.293  -9.453 10.545026
24728  -27.104  -96.446  -10.069 10.380443
24729  -35.184  -91.452  -7.926 11.229061
24730  -33.567  -92.224  -8.960 10.793038
24731  -35.781  -91.409  -8.526 10.635566
24732  -36.199  -90.769  -9.202 9.909831
25254  -16.161  -89.587  20.742 11.270261
25255  -15.498  -89.640  21.975 9.994282
25256  -15.911  -91.170  20.654 10.588219
25257  -15.646  -92.830  20.836 10.001279
25260  -14.833  -94.952  20.234 10.181612
25261  -15.074  -95.818  19.249 10.675667
25262  -15.621  -96.571  17.874 11.020100
25263  -15.556  -96.933  16.723 11.207483
25264  -16.189  -96.154  16.746 11.598241
25265  -16.827  -96.158  15.784 12.156400
25266  -17.663  -96.041  15.082 12.642231
25267  -20.754  -90.907  13.599 13.924731
25268  -20.302  -92.364  13.808 13.858724
25269  -21.427  -91.615  13.263 13.432666
25270  -22.121  -92.543  12.840 12.918847
25271  -22.840  -93.513  12.320 12.398944
25272  -23.584  -94.320  12.106 11.881441
25273  -24.261  -93.025  12.288 11.847713
25274  -25.516  -92.513  12.381 11.240221
25275  -26.772  -91.858  12.325 10.637314
27796  -31.185  -87.824  13.089 9.802583
27797  -30.362  -88.819  12.248 9.839044
27798  -31.491  -88.851  12.890 9.678490
27922  -17.020  -100.760  12.788 10.706711
27923  -15.480  -101.580  11.844 10.301480
27924  -17.200  -101.367  11.235 10.325339
27925  -17.069  -101.720  9.674 9.901352
27927  -18.586  -99.990  3.426 10.158600
27935  -20.445  -101.829  -1.977 9.948316
27936  -20.576  -101.101  -3.456 10.359009
27937  -21.685  -101.388  -2.152 10.418596
27938  -22.558  -100.161  -2.312 10.743327
27939  -23.222  -98.805  -2.387 10.848339
27940  -23.427  -91.904  1.268 9.802144
27941  -23.918  -93.301  0.146 9.897245
28990  -27.126  -95.615  -6.087 10.706049
28991  -27.121  -95.720  -7.466 10.917477
28992  -27.868  -94.320  -7.385 10.919124
28993  -29.843  -92.698  -8.240 11.166802
28994  -32.421  -91.420  -8.052 11.403435
28995  -33.163  -90.124  -6.607 11.054818
28996  -34.025  -90.547  -6.980 11.531827
28997  -34.690  -90.997  -7.411 11.571596
28998  -36.653  -90.514  -7.011 11.609171
28999  -38.413  -89.580  -6.888 11.463364
29000  -40.078  -88.055  -6.357 11.107729
29398  -21.192  -86.148  24.967 10.030851
29400  -19.772  -86.544  24.321 10.368071
29401  -18.295  -86.872  23.591 10.813378
29402  -17.188  -87.224  22.566 11.350238
29403  -19.318  -85.445  21.088 12.713532
29404  -17.793  -86.773  21.222 12.459988
29405  -16.621  -87.999  21.077 11.938512
29406  -16.634  -89.491  19.683 12.517529
29407  -16.939  -91.114  18.585 13.014590
29408  -17.532  -92.416  17.601 13.361146
29409  -17.627  -93.145  16.588 13.514703
29410  -17.838  -91.892  16.634 14.176716
29411  -18.358  -91.620  15.486 14.639569
29412  -18.967  -90.964  14.523 14.689490
29413  -18.612  -88.048  15.162 14.758121
29414  -18.969  -89.045  14.225 14.655718
29415  -19.831  -90.029  13.768 14.354348
29416  -20.918  -89.108  13.021 13.737573
29417  -22.187  -88.332  12.437 12.975860
29418  -23.542  -87.524  12.075 12.195971
31461  -8.201  -94.820  11.196 10.529906
31462  -6.601  -95.862  11.222 10.089633
31471  -8.368  -101.757  7.906 10.219463
31472  -7.974  -102.771  7.083 9.695948
31477  -22.832  -99.187  11.684 11.215942
31478  -21.794  -100.071  10.362 10.767967
31479  -22.618  -99.498  10.105 10.946682
31480  -21.781  -99.250  8.563 10.761323
31481  -20.900  -98.978  7.022 10.662979
31482  -23.184  -97.647  8.714 11.042771
31483  -21.452  -97.915  7.309 10.968463
31484  -19.901  -98.646  5.307 10.638583
31485  -19.458  -98.626  3.348 10.666200
31486  -20.299  -98.131  2.043 10.721655
31487  -21.567  -97.888  1.085 10.781209
31488  -22.759  -97.880  0.466 10.822289
31489  -22.289  -96.717  1.247 11.088265
31490  -22.371  -95.384  1.512 11.139115
31491  -22.522  -93.987  1.819 10.893700
31492  -23.243  -93.629  4.539 11.020039
31493  -22.997  -93.007  3.264 10.809772
31494  -22.975  -92.496  2.193 10.380107
31495  -23.522  -90.807  2.532 9.688981
32678  -23.353  -98.690  -13.459 9.684327
32679  -23.689  -98.242  -10.876 10.280457
32680  -24.099  -97.788  -12.728 9.977330
32681  -24.556  -97.658  -14.062 9.689994
32685  -27.332  -95.593  -8.622 10.837221
32686  -28.098  -95.440  -9.507 10.573007
32687  -28.745  -95.362  -10.364 10.238983
32688  -31.763  -93.083  -10.008 10.396924
32689  -30.175  -94.111  -10.713 10.095371
32690  -29.063  -95.193  -11.342 9.903154
33810  -11.440  -98.132  17.905 10.189034
33811  -11.573  -98.330  15.941 10.588659
33812  -11.648  -99.383  14.279 10.796313
33813  -11.758  -100.481  13.336 10.817801
33814  -12.513  -99.932  14.511 10.796132
33815  -13.819  -99.988  14.460 10.818048
33816  -15.217  -99.966  14.246 10.884308
33817  -15.695  -97.924  15.482 11.254983
33818  -16.207  -98.977  14.777 11.182983
33819  -16.651  -99.935  13.915 10.999244
33820  -18.130  -99.862  13.556 11.150907
33821  -19.572  -99.629  13.200 11.315511
33822  -20.980  -99.061  12.849 11.460805
33823  -17.759  -93.922  15.708 13.475430
33824  -18.131  -94.854  15.158 13.282627
33825  -18.564  -95.747  14.563 12.992621
33826  -19.923  -93.864  14.008 13.579079
33827  -19.562  -95.338  14.130 13.153103
33828  -19.293  -96.627  14.230 12.652411
33829  -20.262  -97.322  13.846 12.288741
33830  -21.162  -97.920  13.306 11.915430
33831  -22.099  -98.612  12.658 11.548898
33832  -22.859  -98.185  12.390 11.539094
33833  -23.457  -97.912  12.108 11.395063
33834  -24.458  -97.396  11.871 11.096699
33835  -24.492  -95.074  12.090 11.388416
33836  -25.195  -96.024  11.944 10.962803
33837  -25.601  -96.816  11.372 10.655609
33838  -26.787  -96.130  11.056 10.122603
35502  -22.133  -85.344  26.040 9.795711
35503  -22.331  -84.091  25.005 10.412779
35504  -22.514  -83.059  23.910 10.907127
35505  -22.444  -82.255  22.920 11.273795
35506  -23.414  -79.324  24.236 10.198853
35507  -23.143  -80.363  22.889 10.825021
35508  -22.351  -81.448  21.854 11.507483
35509  -22.276  -80.806  20.589 11.598991
35510  -22.411  -80.291  19.344 11.537342
35511  -22.916  -79.685  18.104 11.318051
38852  -24.628  -76.246  19.618 9.878683
38853  -24.057  -77.813  18.300 10.441336
38854  -23.562  -79.036  17.136 10.951551
38934  -24.261  -78.725  16.139 10.467345
38935  -22.964  -80.358  15.927 11.385201
38936  -22.897  -81.475  14.816 11.711946
38937  -22.883  -82.443  13.828 11.907741
38938  -23.015  -83.404  12.969 11.969934
38939  -25.916  -81.637  12.732 10.354228
38940  -24.601  -82.913  12.453 11.131270
38941  -23.308  -84.327  12.439 11.923061
38942  -23.843  -85.219  12.092 11.807713
38943  -24.475  -86.068  12.005 11.659557
38944  -25.142  -87.029  12.048 11.489013
38950  -29.247  -84.146  12.555 9.966148
38951  -28.090  -85.410  11.994 10.454948
38952  -26.763  -86.730  11.923 10.902472
38953  -25.750  -88.213  11.955 11.275198
38954  -26.538  -89.433  11.768 10.979643
38955  -27.483  -90.685  11.962 10.578979
38956  -28.158  -91.616  12.215 10.096486
38957  -29.754  -90.083  12.087 9.772514
39208  -11.882  -101.287  12.442 10.659416
39209  -11.811  -102.093  11.304 10.335230
39210  -11.776  -102.795  9.878 9.886110
39211  -14.080  -102.359  10.806 9.942822
39217  -20.257  -101.006  8.905 10.230591
39236  -21.175  -100.925  -8.472 10.246941
39237  -22.530  -100.601  -7.596 10.691122
39238  -21.227  -100.727  -5.102 10.699035
39239  -22.441  -100.661  -5.999 10.909213
39240  -23.766  -100.305  -6.696 10.964577
39241  -25.119  -99.461  -5.766 11.065742
39242  -26.455  -98.114  -4.723 11.015762
39243  -27.001  -96.911  -4.583 10.840549
39244  -23.613  -97.660  -0.224 10.825000
39245  -23.859  -97.769  -1.282 10.778934
39246  -24.009  -97.432  -2.386 10.691278
39247  -24.433  -94.530  -0.865 10.043667
39248  -24.633  -96.078  -1.906 10.281088
39249  -24.531  -96.863  -2.677 10.589458
39250  -25.795  -96.198  -2.788 10.512166
39251  -26.959  -95.815  -3.608 10.495115
39252  -27.142  -95.684  -4.773 10.559219
39253  -27.298  -94.571  -5.062 10.187405
39254  -27.739  -93.161  -5.159 9.748265
40235  -38.190  -88.005  -2.158 9.799161
40236  -38.810  -88.215  -2.781 10.646654
40238  -40.078  -87.729  -2.366 10.566017
40239  -39.667  -88.281  -3.592 11.286828
40240  -40.251  -87.885  -4.330 11.526690
40241  -40.652  -87.158  -4.972 11.268016
40242  -41.054  -86.521  -5.755 10.551534
40248  -41.920  -83.713  -3.336 9.813408
40249  -41.852  -84.284  -4.324 9.960938
40250  -41.825  -85.051  -5.350 9.834850
41102  -22.029  -80.955  17.666 12.070011
41103  -21.601  -81.904  17.626 12.522012
41104  -21.796  -81.666  17.001 12.351048
41105  -21.646  -82.188  16.436 12.603319
41106  -22.118  -81.363  16.474 12.129107
41590  -11.613  -98.780  13.246 10.874202
41591  -11.742  -97.735  13.073 10.878751
41592  -11.641  -98.592  12.440 10.952147
41593  -11.556  -98.423  11.615 11.019580
41594  -11.334  -99.516  12.063 10.974767
41595  -11.146  -100.172  11.707 10.947033
41596  -11.342  -100.171  12.417 10.911827
41896  -26.936  -97.318  -5.831 10.903510
41897  -26.656  -97.481  -6.708 10.898787
41898  -26.885  -96.856  -6.606 10.895013
41899  -39.844  -88.270  -7.322 10.504088
41900  -39.264  -88.665  -7.862 10.295185
41901  -40.135  -87.898  -7.624 10.011982
41903  -40.949  -87.126  -7.427 9.686362
42190  -17.140  -93.190  18.208 12.497910
42191  -16.837  -93.379  18.702 11.961680
42192  -16.801  -93.596  18.286 12.147952
42193  -16.362  -93.989  18.384 11.819536
42194  -16.770  -93.747  17.726 12.293357
42195  -16.859  -94.244  17.180 12.395719
42196  -17.069  -93.635  17.142 12.743004
42197  -23.717  -89.018  12.279 12.246482
42198  -23.439  -89.931  12.468 12.403796
42199  -24.011  -89.627  12.264 12.064487
42200  -24.284  -90.232  12.172 11.869973
42201  -24.593  -89.266  12.099 11.736952
43672  -20.965  -99.839  11.900 11.029675
43673  -20.426  -100.367  11.298 10.766027
43674  -21.083  -100.166  11.239 10.847552
43675  -21.451  -98.942  0.840 10.373039
43676  -21.114  -99.586  0.968 10.115203
43677  -21.855  -99.409  0.637 10.208045
43678  -22.268  -100.072  0.448 10.068367
43679  -22.634  -99.390  0.397 10.311210
43680  -23.100  -99.519  0.008 10.420716
43681  -22.872  -98.907  0.344 10.527150
44296  -29.182  -91.633  -6.355 9.946784
44297  -29.412  -91.714  -6.857 10.366934
44298  -30.241  -90.959  -6.635 10.187745
44299  -37.581  -88.858  -4.577 11.215530
44300  -36.998  -89.163  -5.142 11.432265
44301  -37.892  -89.027  -4.828 11.524048
44302  -38.208  -89.139  -5.100 11.725659
44303  -38.715  -88.865  -4.544 11.562695
44587  -21.626  -83.570  22.504 11.705385
44588  -21.074  -84.446  22.457 11.736398
44589  -21.109  -84.063  21.915 12.030669
44590  -18.290  -86.670  17.801 14.277740
44591  -18.058  -86.776  18.547 14.031777
44592  -17.823  -87.522  17.887 14.295100
44593  -17.458  -88.363  17.956 14.220974
44594  -17.715  -88.258  17.283 14.512327
44595  -17.711  -88.880  16.746 14.675185
44596  -18.015  -88.008  16.729 14.695055
44597  -21.034  -85.251  13.557 13.243533
44598  -20.489  -86.091  13.653 13.618112
44599  -21.161  -85.744  13.210 13.196607
44600  -21.327  -86.207  12.898 13.115766
44601  -21.871  -85.387  12.833 12.754099
46053  -10.661  -93.132  14.561 10.387755
46054  -10.593  -93.054  15.985 10.120171
46055  -10.294  -92.570  15.084 10.216878
46056  -9.898  -92.128  15.530 10.030825
46057  -9.730  -92.462  14.150 10.259649
46058  -8.912  -92.767  13.524 10.240413
46059  -9.409  -92.985  13.100 10.441046
46060  -8.607  -98.531  8.567 10.802631
46061  -8.251  -97.897  9.059 10.703176
46062  -7.966  -98.677  8.626 10.631701
46063  -7.351  -98.824  8.828 10.428719
46064  -7.671  -99.440  8.248 10.528209
46065  -7.377  -100.045  8.011 10.392895
46066  -7.949  -100.018  7.973 10.562688
46067  -10.495  -102.930  8.891 9.875285
46068  -9.986  -103.005  8.355 9.792874
46072  -24.294  -98.107  11.017 11.048237
46073  -23.863  -98.466  10.549 11.080478
46074  -24.271  -98.068  10.425 10.991306
46075  -22.816  -95.691  6.541 11.175822
46076  -22.299  -96.134  6.652 11.210077
46077  -22.068  -95.667  5.839 11.274369
46078  -21.639  -95.811  4.923 11.290519
46079  -22.050  -95.155  4.994 11.321700
46080  -22.218  -94.981  4.252 11.343143
46081  -22.535  -94.725  5.108 11.289453
46082  -25.216  -91.417  6.321 9.776437
46083  -24.579  -91.609  5.622 10.010331
46084  -24.901  -90.926  5.723 9.703303
46966  -22.955  -100.261  -8.752 10.555479
46967  -22.909  -100.069  -9.494 10.382523
46968  -23.346  -99.788  -9.148 10.540470
46969  -26.939  -96.837  -11.061 10.163774
46970  -26.325  -97.036  -11.540 10.111335
46971  -27.189  -96.727  -11.602 10.024357
46972  -27.358  -96.549  -12.120 9.892679
46973  -27.885  -96.218  -11.633 9.935975
46974  -31.897  -92.219  -8.575 11.190687
46975  -31.026  -92.908  -8.897 11.014845
46976  -32.190  -92.369  -8.849 11.033125
47850  -16.174  -87.855  23.189 10.413490
47851  -15.864  -87.765  23.637 9.794138
47852  -15.665  -88.418  23.023 10.057945
47860  -14.638  -97.202  18.466 10.640437
47861  -13.980  -97.404  19.051 10.401698
47862  -14.036  -97.575  18.283 10.583876
47863  -13.500  -97.865  18.015 10.560681
47864  -14.084  -97.663  17.512 10.723752
47865  -14.131  -97.988  16.770 10.822613
47866  -14.694  -97.507  16.987 10.892138
47867  -17.624  -97.012  14.916 12.248393
47868  -17.372  -97.420  14.848 11.978005
47869  -17.910  -97.373  14.686 12.139181
47870  -18.387  -97.845  14.516 12.015247
47871  -18.556  -97.274  14.528 12.279466
47872  -19.311  -92.224  14.496 14.413992
47873  -19.062  -92.831  14.530 14.238531
47874  -19.593  -92.515  14.311 14.209738
47875  -21.850  -94.594  12.551 12.578807
47876  -21.277  -95.000  13.003 12.740353
47877  -21.701  -95.362  12.785 12.495184
47878  -21.715  -95.993  12.966 12.386175
47879  -22.070  -95.738  12.571 12.255839
47880  -22.443  -96.067  12.433 12.024838
47881  -22.597  -95.408  12.268 12.083825
47882  -26.958  -93.051  12.270 10.406101
47883  -26.774  -93.730  12.162 10.453141
47884  -27.346  -93.467  12.153 10.151585
47885  -27.773  -93.828  12.046 9.916675
47886  -27.923  -93.180  12.101 9.865967
49227  -22.469  -80.710  27.595 9.713905
49228  -22.624  -81.490  27.513 9.885393
49229  -22.755  -80.852  26.893 9.914960
49230  -23.010  -81.077  26.091 10.124939
49231  -22.965  -80.285  26.226 9.924932
49233  -24.019  -76.841  22.525 9.800719
49234  -24.216  -76.445  21.883 9.762061
49235  -24.030  -77.195  21.140 10.100616
49236  -24.395  -76.102  21.274 9.714986
52071  -25.988  -78.999  14.388 9.725925
52072  -26.107  -79.619  13.980 9.811140
52073  -25.470  -80.241  13.755 10.211647
52074  -26.221  -80.108  13.580 9.881840
52075  -28.496  -82.547  12.585 9.823853
52076  -27.579  -82.670  12.414 10.090543
52077  -27.886  -83.155  12.340 10.116836
52078  -27.274  -83.745  12.142 10.416158
52079  -28.150  -83.677  12.286 10.146942
52083  -30.543  -87.111  12.621 9.942418
52084  -30.543  -86.608  12.634 9.952770
52085  -29.845  -87.174  12.254 10.075478
52086  -29.109  -87.192  12.063 10.229812
52087  -29.294  -87.848  12.078 10.172338
52088  -28.882  -88.527  11.962 10.243179
52089  -29.490  -88.446  12.093 10.082520
52297  -14.775  -100.834  13.419 10.646317
52298  -14.018  -101.380  12.873 10.522019
52299  -14.796  -101.296  12.827 10.497096
52305  -19.902  -100.163  6.036 10.231059
52306  -19.512  -100.814  5.987 10.028017
52307  -19.052  -100.744  5.178 9.963071
52319  -18.786  -101.570  -4.545 9.757868
52320  -19.146  -101.327  -5.571 9.953396
52321  -19.378  -101.188  -4.458 10.043123
52322  -23.169  -98.991  -3.498 10.950729
52323  -23.059  -99.531  -3.955 11.012302
52324  -23.730  -98.788  -3.637 10.984284
52325  -24.540  -98.462  -3.635 10.999613
52326  -24.288  -97.991  -3.303 10.894716
52327  -22.854  -94.530  0.648 10.675208
52328  -23.302  -95.151  0.179 10.663344
52329  -23.315  -94.373  0.288 10.446184
53156  -41.789  -84.790  -2.360 9.993486
53157  -41.497  -85.424  -2.391 10.258903
53158  -41.668  -85.050  -2.746 10.342641
53159  -41.401  -85.366  -3.255 10.628480
53160  -41.728  -84.702  -3.081 10.318781
53900  -35.713  -87.958  -4.006 9.716435
53901  -36.484  -87.960  -3.543 9.900709
53902  -36.815  -88.260  -3.898 10.374716
53903  -37.230  -88.094  -3.196 10.053915
54187  -21.491  -82.124  20.169 12.309766
54188  -21.131  -83.043  20.133 12.604291
54189  -21.227  -82.709  19.507 12.677971
54190  -20.704  -83.602  17.529 13.347835
54191  -20.652  -83.803  18.193 13.377449
54192  -20.214  -84.343  17.604 13.691649
54193  -19.605  -85.077  17.699 13.969181
54194  -19.818  -84.927  17.010 13.969674
54195  -19.550  -85.400  16.514 14.202896
54196  -20.161  -84.599  16.378 13.877364
54197  -21.416  -83.217  15.287 12.997008
54198  -20.811  -84.016  15.305 13.444989
54199  -21.246  -83.709  14.758 13.128529
54200  -21.116  -84.238  14.317 13.212990
54201  -21.800  -83.409  14.221 12.764577
55650  -10.985  -97.472  17.204 10.198512
55651  -10.786  -96.944  17.418 10.073244
55652  -11.118  -96.820  16.315 10.349716
55653  -11.877  -95.789  13.396 10.824540
55654  -11.649  -95.562  14.482 10.638375
55655  -11.670  -95.051  13.558 10.757706
55656  -11.373  -94.383  13.776 10.661824
55657  -11.523  -94.705  12.707 10.846910
55658  -11.011  -94.649  11.994 10.896055
55659  -11.365  -95.421  11.708 10.980319
55660  -10.997  -98.090  10.162 11.090134
55661  -10.897  -97.175  10.073 11.095212
55662  -10.492  -98.037  9.522 11.078409
55663  -9.884  -98.169  9.012 11.027833
55664  -10.145  -98.938  9.138 11.013349
55665  -9.854  -99.727  8.835 10.901484
55666  -10.327  -99.743  9.456 10.951871
55667  -10.866  -101.275  11.091 10.745318
55668  -10.563  -101.214  10.367 10.723336
55669  -10.749  -101.723  10.655 10.576778
55670  -10.676  -102.189  10.177 10.370163
55671  -11.016  -102.063  10.756 10.422256
55672  -26.292  -96.724  10.195 10.266602
55673  -25.659  -96.984  9.789 10.491049
55674  -26.138  -96.575  9.646 10.265829
55675  -25.903  -95.428  8.572 10.155917
55676  -25.497  -95.978  8.686 10.373970
55677  -25.110  -95.584  8.245 10.467422
55678  -24.385  -95.674  7.834 10.755960
55679  -24.728  -95.108  7.755 10.572844
55680  -24.415  -94.684  7.196 10.676750
55681  -25.115  -94.532  7.658 10.364802
55683  -25.939  -93.582  7.593 9.913835
55684  -26.246  -93.073  7.605 9.689059
55685  -25.814  -92.464  7.175 9.759144
56566  -25.011  -99.220  -7.303 10.930893
56567  -24.757  -98.988  -8.112 10.812147
56568  -25.325  -98.704  -7.713 10.853349
56569  -25.966  -97.301  -8.421 10.735379
56570  -25.593  -97.658  -8.628 10.684674
56571  -25.955  -96.959  -9.228 10.604733
56572  -26.287  -96.869  -9.940 10.459467
56573  -26.719  -96.500  -9.508 10.532019
56574  -36.223  -91.048  -7.738 11.177411
56575  -35.482  -91.528  -8.199 10.955297
56576  -36.497  -90.971  -8.055 10.860060
56577  -37.925  -89.458  -8.589 9.877834
56578  -36.937  -90.318  -8.725 10.103816
56579  -37.140  -89.850  -9.002 9.688743
57450  -16.309  -90.331  20.105 11.558330
57451  -16.049  -90.441  20.698 10.923279
57452  -16.145  -91.194  20.071 11.211835
57453  -15.990  -93.429  19.831 10.852550
57454  -15.890  -92.856  20.261 10.573060
57455  -15.598  -93.412  20.409 10.302179
57456  -15.234  -93.335  20.928 9.766176
57457  -15.166  -93.878  20.530 10.073095
57458  -14.787  -94.415  20.580 9.889606
57459  -15.157  -94.314  20.059 10.360960
57460  -15.869  -95.079  18.494 11.262241
57461  -15.375  -95.215  19.156 10.851619
57462  -15.607  -95.648  18.589 11.043663
57463  -15.388  -96.244  18.608 10.867845
57464  -15.852  -95.996  17.909 11.196269
57465  -15.948  -96.283  17.333 11.309196
57466  -16.188  -95.734  17.279 11.525216
57467  -17.096  -95.030  16.383 12.474909
57468  -16.801  -95.596  16.259 12.163567
57469  -17.162  -95.589  15.861 12.458798
57470  -17.246  -96.138  15.419 12.412247
57471  -17.524  -95.544  15.500 12.726974
57472  -21.302  -90.471  13.286 13.636834
57473  -21.190  -91.268  13.517 13.683207
57474  -21.692  -90.873  13.239 13.398783
57475  -22.774  -91.507  12.755 12.605898
57476  -22.200  -91.767  12.908 12.903890
57477  -22.632  -92.282  12.657 12.650470
57478  -22.468  -93.040  12.565 12.659226
57479  -23.094  -92.806  12.411 12.393817
57480  -23.545  -93.240  12.284 12.134251
57481  -23.814  -92.659  12.330 12.106305
57482  -25.216  -91.202  12.267 11.433867
57483  -25.110  -92.087  12.384 11.497286
57484  -25.695  -91.727  12.384 11.190966
57485  -26.128  -92.187  12.383 10.934548
57486  -26.350  -91.361  12.237 10.892641
61686  -31.568  -87.409  13.503 9.737026
61687  -31.675  -87.989  13.519 9.724127
61688  -31.307  -88.382  13.050 9.750875
61689  -31.806  -88.531  13.475 9.690336
61897  -17.896  -100.698  12.535 10.754678
61898  -17.088  -101.102  12.011 10.524776
61899  -18.091  -100.995  11.806 10.566451
61900  -18.810  -101.274  10.048 10.220810
61901  -18.022  -101.426  10.252 10.157888
61902  -17.882  -101.586  9.555 9.951348
61903  -16.926  -101.849  9.008 9.691816
61904  -17.708  -101.737  8.788 9.752621
61905  -18.655  -99.885  2.662 10.172280
61906  -18.308  -100.446  2.745 9.904937
61907  -18.778  -100.185  2.101 9.929158
61915  -21.730  -101.469  -0.357 9.866430
61917  -21.080  -101.935  -0.944 9.796554
61918  -20.356  -102.101  -1.406 9.738462
61919  -21.135  -101.932  -1.518 9.994862
61920  -21.116  -101.677  -2.106 10.196519
61921  -21.767  -101.530  -1.555 10.233632
61922  -23.190  -99.656  -0.998 10.639874
61923  -22.652  -100.327  -1.645 10.616579
61924  -23.062  -99.606  -1.653 10.739722
61925  -22.893  -99.488  -2.339 10.827003
61926  -23.314  -99.026  -1.719 10.805065
63766  -27.227  -94.950  -6.146 10.599964
63767  -27.233  -95.115  -6.759 10.805920
63768  -27.575  -94.238  -6.859 10.737175
63769  -30.170  -91.744  -7.865 11.014056
63770  -29.362  -92.639  -7.970 11.044510
63771  -30.683  -91.815  -8.120 11.202218
63772  -31.178  -91.913  -8.276 11.289846
63773  -32.061  -91.203  -7.948 11.353600
63774  -33.567  -89.481  -5.905 10.481076
63775  -32.696  -90.068  -6.366 10.676544
63776  -33.940  -89.683  -6.082 10.906667
63777  -35.657  -89.873  -6.164 11.655092
63778  -34.669  -90.059  -6.485 11.516267
63779  -35.020  -90.321  -6.687 11.661402
63780  -34.385  -90.772  -7.169 11.605927
63781  -35.377  -90.551  -6.927 11.690856
63782  -35.702  -90.775  -7.187 11.610443
63783  -36.357  -90.346  -6.727 11.737743
63784  -38.826  -89.143  -5.815 11.758027
63785  -38.133  -89.634  -6.469 11.691469
63786  -39.083  -89.027  -6.224 11.589395
63787  -39.310  -88.869  -6.624 11.312020
63788  -39.864  -88.328  -5.958 11.432309
64642  -21.350  -85.552  24.506 10.427483
64643  -20.491  -86.392  24.662 10.185789
64644  -20.673  -85.896  24.095 10.618441
64645  -19.501  -85.900  22.775 11.549215
64646  -19.245  -86.373  23.337 11.076935
64647  -18.560  -86.540  23.004 11.341498
64648  -17.707  -87.039  23.158 11.072386
64649  -17.976  -86.702  22.504 11.624962
64650  -20.118  -84.650  20.187 12.991786
64651  -20.014  -84.887  20.837 12.716113
64652  -19.494  -85.171  20.361 13.064478
64653  -17.786  -86.990  19.902 13.265951
64654  -18.155  -86.480  20.551 12.950303
64655  -17.435  -87.171  20.550 12.772591
64656  -17.057  -87.346  21.184 12.226011
64657  -16.938  -87.888  20.465 12.528700
64658  -16.606  -88.693  20.341 12.233606
64659  -16.904  -88.621  19.799 12.821015
64660  -17.143  -90.043  18.021 13.830357
64661  -16.962  -90.183  18.577 13.336192
64662  -17.150  -90.860  18.053 13.540515
64663  -17.190  -91.746  18.084 13.210183
64664  -17.430  -91.533  17.551 13.699002
64665  -17.670  -92.114  17.132 13.806450
64666  -17.594  -91.281  17.071 14.116091
64667  -17.990  -90.245  15.719 14.818109
64668  -18.033  -90.996  15.852 14.674849
64669  -18.278  -90.792  15.286 14.796172
64670  -18.647  -91.339  14.988 14.716513
64671  -18.563  -90.487  14.815 14.807876
64672  -19.114  -86.565  15.564 14.506213
64673  -18.624  -87.496  15.632 14.719133
64674  -18.967  -87.122  15.117 14.568074
64675  -19.666  -87.748  13.757 14.210686
64676  -19.163  -88.166  14.206 14.513518
64677  -19.517  -88.649  13.805 14.406668
64678  -19.401  -89.549  13.938 14.525746
64679  -19.929  -89.111  13.556 14.256837
64680  -20.361  -89.546  13.389 14.072863
64681  -20.491  -88.621  13.145 13.925005
64682  -21.976  -87.005  12.391 12.879314
64683  -21.722  -87.807  12.465 13.147027
64684  -22.405  -87.421  12.211 12.735838
64685  -22.865  -87.907  12.220 12.581462
64686  -23.124  -87.043  12.096 12.329983
69038  -10.532  -95.689  18.023 9.781040
69055  -7.159  -93.903  13.067 10.005969
69056  -6.689  -93.741  13.742 9.764535
69057  -6.372  -94.442  13.223 9.798788
69059  -6.136  -95.050  12.637 9.813254
69060  -9.632  -94.913  10.961 10.841171
69061  -9.054  -94.415  11.364 10.671520
69062  -8.860  -95.210  10.719 10.728686
69063  -7.222  -96.886  10.221 10.336497
69064  -7.273  -96.137  10.623 10.343836
69065  -6.577  -96.600  10.782 10.087583
69066  -5.907  -96.339  11.494 9.811758
69067  -5.888  -97.012  11.083 9.803904
69069  -5.877  -97.679  10.672 9.792323
69070  -6.160  -99.236  9.255 9.956482
69071  -5.768  -98.889  9.839 9.746373
69072  -5.672  -99.469  9.429 9.702851
69076  -5.892  -100.406  8.486 9.774598
69077  -6.892  -101.293  7.669 10.032598
69078  -6.387  -101.321  7.519 9.860321
69079  -6.649  -101.838  7.142 9.813572
69081  -7.015  -102.338  6.861 9.716914
69082  -9.207  -101.107  8.496 10.550831
69083  -8.554  -101.190  8.040 10.451303
69084  -8.988  -101.719  8.258 10.323041
69086  -8.605  -102.707  7.527 9.800436
69097  -23.107  -99.044  11.524 11.245838
69098  -22.825  -99.401  10.901 11.071700
69099  -23.101  -99.245  10.764 11.118621
69100  -22.756  -98.742  9.284 11.000174
69101  -22.465  -99.051  9.284 10.933865
69102  -22.026  -98.862  8.592 10.877362
69103  -21.374  -99.129  7.832 10.701748
69104  -21.656  -98.665  7.968 10.843225
69105  -24.257  -97.195  9.087 10.883356
69106  -23.890  -97.632  9.238 10.977738
69107  -23.617  -97.228  8.634 11.013808
69108  -21.377  -97.001  6.642 11.113310
69109  -21.856  -97.368  7.384 11.071949
69110  -20.953  -97.608  6.541 10.990994
69111  -20.629  -98.204  6.347 10.830523
69112  -20.283  -98.002  5.400 10.844707
69113  -19.595  -98.626  4.297 10.647370
69114  -20.016  -97.955  4.383 10.866928
69115  -20.970  -96.634  2.945 11.107848
69116  -20.348  -97.488  2.738 10.919401
69117  -20.861  -97.271  2.113 10.941766
69118  -20.865  -97.944  1.484 10.752295
69119  -21.456  -97.200  1.543 10.957033
69120  -21.960  -97.242  1.129 10.962143
69121  -21.867  -96.632  1.700 11.112665
69122  -22.447  -94.894  2.888 11.280264
69123  -22.367  -95.440  2.138 11.234681
69124  -22.391  -94.817  2.223 11.187626
69125  -22.342  -94.702  1.665 11.053286
69126  -22.513  -94.184  2.326 11.066229
69127  -23.859  -93.975  5.984 10.821725
69128  -23.356  -94.065  5.271 11.040478
69129  -23.657  -93.537  5.281 10.835011
69130  -23.636  -92.019  4.233 10.398436
69131  -23.408  -92.667  4.052 10.693357
69132  -23.228  -92.259  3.474 10.531587
69133  -22.896  -92.728  2.729 10.619432
69134  -23.155  -91.966  2.898 10.313718
69135  -23.197  -91.659  2.351 10.049416
69136  -23.460  -91.206  3.065 9.971129
71779  -22.703  -99.691  -11.002 10.019166
71780  -22.345  -99.993  -11.437 9.801792
71781  -22.686  -99.434  -11.963 9.836753
71783  -23.173  -98.848  -12.607 9.852752
71784  -24.192  -98.342  -9.524 10.519695
71785  -23.798  -98.572  -9.911 10.439313
71786  -24.106  -97.971  -10.427 10.365413
71787  -25.322  -97.211  -12.428 10.006228
71788  -24.501  -97.480  -12.108 10.070806
71789  -24.789  -97.410  -12.902 9.933540
71790  -24.384  -97.749  -13.410 9.833270
71791  -25.051  -97.337  -13.603 9.800326
71793  -25.802  -97.008  -13.714 9.752768
71799  -27.653  -95.040  -7.997 10.965023
71800  -27.150  -95.668  -8.066 10.908171
71801  -27.849  -94.991  -8.551 10.929222
71802  -29.467  -94.226  -9.615 10.678193
71803  -28.595  -94.845  -9.404 10.697254
71804  -28.960  -94.814  -9.754 10.532996
71805  -28.451  -95.405  -9.923 10.409138
71806  -29.288  -94.803  -10.138 10.354224
71807  -33.874  -92.267  -9.273 10.518481
71808  -32.640  -92.627  -9.506 10.585600
71809  -32.929  -92.557  -9.862 10.323192
71810  -31.257  -93.275  -11.180 9.780576
71811  -31.093  -93.469  -10.822 10.007817
71812  -30.337  -93.959  -11.169 9.892245
71813  -29.581  -94.662  -11.065 9.986052
71814  -29.682  -94.535  -11.528 9.804304
71815  -29.165  -95.062  -11.793 9.741089
74463  -12.879  -97.845  19.782 9.937449
74465  -12.430  -97.883  20.068 9.710057
74467  -11.861  -98.107  19.565 9.803141
74468  -11.395  -98.062  18.803 9.919171
74469  -11.822  -98.252  18.693 10.082587
74470  -12.333  -98.500  16.735 10.597825
74471  -11.874  -98.409  16.899 10.507257
74472  -11.832  -98.646  15.881 10.649298
74473  -11.643  -98.714  14.961 10.716236
74474  -11.919  -99.175  15.050 10.744989
74475  -11.976  -99.738  14.494 10.795564
74476  -12.373  -99.435  15.189 10.773003
74477  -14.269  -99.025  15.409 10.905169
74478  -13.706  -99.554  14.996 10.843678
74479  -14.401  -99.512  14.881 10.892464
74480  -14.502  -99.969  14.370 10.844891
74481  -15.107  -99.487  14.765 10.952372
74482  -15.885  -96.947  16.153 11.423932
74483  -15.563  -97.366  16.043 11.247236
74484  -15.971  -97.462  15.553 11.432166
74485  -17.040  -98.488  14.686 11.499692
74486  -16.469  -98.481  14.861 11.364764
74487  -16.760  -98.986  14.525 11.292343
74488  -16.486  -99.494  14.356 11.105009
74489  -17.121  -99.472  14.153 11.194620
74490  -17.378  -99.945  13.688 11.071712
74491  -17.795  -99.447  14.032 11.289387
74492  -19.343  -98.715  13.911 11.727378
74493  -19.158  -99.245  13.714 11.479121
74494  -19.799  -99.072  13.458 11.565201
74495  -20.299  -99.361  12.950 11.392829
74496  -20.432  -98.804  13.222 11.639001
74497  -17.906  -93.039  16.183 13.862581
74498  -17.599  -93.474  16.067 13.517459
74499  -17.938  -93.336  15.671 13.815965
74500  -18.588  -94.016  14.690 13.744501
74501  -18.218  -94.278  15.055 13.602942
74502  -18.484  -94.690  14.837 13.452174
74503  -18.360  -95.275  14.885 13.146414
74504  -18.813  -95.105  14.679 13.282088
74505  -20.638  -92.708  13.547 13.606235
74506  -20.091  -93.076  13.859 13.741804
74507  -20.493  -93.488  13.663 13.492920
74508  -20.416  -95.487  13.664 12.924059
74509  -20.118  -95.054  13.880 13.152475
74510  -19.921  -95.738  13.849 12.941265
74511  -19.369  -96.034  14.122 12.908032
74512  -19.824  -96.384  13.980 12.712485
74513  -19.759  -97.015  14.055 12.472546
74514  -20.352  -96.722  13.829 12.514734
74515  -21.753  -97.075  13.110 12.100039
74516  -21.269  -97.354  13.373 12.119212
74517  -21.695  -97.708  13.097 11.925215
74518  -21.608  -98.272  12.992 11.729850
74519  -22.135  -98.061  12.869 11.737185
74520  -22.522  -98.382  12.547 11.558753
74521  -22.620  -97.825  12.714 11.713287
74522  -23.182  -96.758  12.284 11.602761
74523  -23.164  -97.467  12.341 11.557230
74524  -23.558  -97.230  12.185 11.420931
74525  -23.915  -97.681  11.989 11.265349
74526  -24.081  -96.939  12.049 11.245871
74527  -24.354  -94.034  12.125 11.612724
74528  -24.074  -94.607  12.098 11.629620
74529  -24.778  -94.460  12.110 11.357964
74530  -26.187  -95.055  12.012 10.597440
74531  -25.579  -95.309  12.036 10.889760
74532  -25.841  -95.766  11.865 10.690712
74533  -25.418  -96.462  11.729 10.791478
74534  -26.067  -96.183  11.596 10.524240
74535  -26.212  -96.473  11.189 10.396066
74536  -26.649  -95.864  11.508 10.242041
78565  -22.881  -83.011  27.153 9.980287
78566  -22.780  -83.626  27.729 9.795713
78567  -22.749  -83.905  26.882 9.890269
78568  -22.488  -84.849  26.676 9.709121
78569  -22.626  -84.245  26.125 9.996505
78570  -22.261  -84.712  25.510 10.119007
78571  -22.731  -83.639  25.585 10.252537
78572  -23.111  -81.665  24.578 10.582829
78573  -22.877  -82.539  24.475 10.671225
78574  -22.922  -82.123  23.954 10.835601
78575  -22.535  -82.639  23.390 11.106662
78576  -22.888  -81.738  23.436 10.971392
78578  -23.309  -78.964  24.977 9.906688
78579  -23.439  -78.361  24.395 9.886322
78580  -23.515  -78.915  22.315 10.528004
78581  -23.491  -79.321  22.891 10.523918
78582  -23.142  -79.938  22.319 10.861834
78583  -22.786  -80.921  22.338 11.159534
78584  -22.750  -80.511  21.780 11.211651
78585  -22.296  -81.097  21.255 11.571698
78586  -22.748  -80.178  21.142 11.234706
78587  -23.345  -78.755  19.848 10.780227
78588  -22.772  -79.729  19.897 11.188587
78589  -22.974  -79.428  19.273 11.116945
78590  -22.645  -79.984  18.729 11.447212
78591  -23.231  -79.153  18.637 11.011906
86890  -25.061  -76.463  18.089 9.860178
86891  -24.678  -76.759  18.494 10.024952
86892  -24.456  -77.517  17.844 10.272554
86893  -23.848  -78.466  17.710 10.704250
86894  -24.208  -78.171  17.241 10.505533
87093  -24.712  -79.265  15.005 10.335049
87094  -24.755  -78.617  15.645 10.195335
87095  -24.084  -79.436  15.474 10.633700
87096  -23.553  -79.545  16.058 10.917832
87097  -23.485  -80.192  15.368 11.091334
87098  -22.900  -80.933  15.365 11.563805
87099  -23.479  -80.755  14.817 11.238909
87100  -24.144  -81.571  13.479 11.063014
87101  -23.496  -81.762  13.852 11.447194
87102  -23.488  -82.280  13.390 11.506396
87103  -22.873  -82.964  13.380 11.954592
87104  -23.577  -82.706  13.012 11.537312
87106  -26.576  -81.093  12.918 9.982569
87107  -26.769  -81.526  12.668 10.016396
87108  -25.751  -83.135  12.180 10.740624
87109  -25.485  -82.726  12.323 10.743683
87110  -24.854  -83.397  12.199 11.119757
87111  -23.966  -83.561  12.384 11.528282
87112  -24.207  -84.033  12.206 11.497913
87113  -23.546  -84.756  12.241 11.871369
87114  -24.495  -84.484  12.057 11.456904
87115  -25.999  -85.072  12.012 11.015588
87116  -25.088  -85.345  12.005 11.358412
87117  -25.410  -85.798  12.039 11.304402
87118  -24.813  -86.541  11.992 11.577724
87119  -25.700  -86.283  12.014 11.245930
87131  -30.444  -85.373  12.639 9.899117
87132  -30.994  -84.790  13.134 9.700392
87133  -30.337  -84.713  12.727 9.845989
87134  -30.157  -84.092  12.810 9.783880
87135  -29.575  -84.719  12.432 10.015449
87136  -28.715  -84.769  12.217 10.213249
87137  -29.022  -85.347  12.147 10.241607
87138  -27.827  -87.343  12.001 10.609580
87139  -27.651  -86.736  11.960 10.657908
87140  -27.005  -87.417  11.979 10.839875
87141  -26.226  -87.359  11.929 11.099744
87142  -26.540  -88.118  11.876 11.000834
87143  -26.120  -88.852  11.877 11.139886
87144  -26.875  -88.771  11.750 10.877153
87145  -28.372  -89.893  11.912 10.318778
87146  -27.737  -89.994  11.849 10.543016
87147  -28.149  -90.622  11.955 10.334436
87148  -27.824  -91.150  12.112 10.344470
87149  -28.483  -91.045  12.100 10.105393
87150  -30.541  -89.294  12.193 9.709064
87151  -30.027  -89.411  12.098 9.815417
87772  -12.186  -100.670  13.457 10.765308
87773  -11.815  -100.931  12.891 10.760633
87774  -12.264  -101.082  12.992 10.685802
87775  -12.802  -101.953  11.868 10.306084
87776  -12.292  -101.839  11.922 10.404911
87777  -12.223  -102.234  11.278 10.211159
87778  -11.754  -102.439  10.609 10.122505
87779  -12.203  -102.553  10.466 9.990273
87780  -15.509  -101.864  11.020 10.093733
87781  -14.743  -101.999  11.341 10.115904
87782  -14.717  -102.234  10.555 9.896397
87795  -21.511  -100.172  9.506 10.621346
87796  -21.023  -100.542  9.620 10.506812
87797  -20.851  -100.655  8.698 10.357189
87799  -18.941  -101.485  7.293 9.797390
87842  -20.282  -100.910  -7.156 10.282268
87843  -20.400  -101.033  -7.993 10.138268
87844  -21.024  -100.811  -7.689 10.402944
87845  -21.833  -100.732  -8.086 10.489084
87846  -21.794  -100.673  -7.259 10.630793
87847  -21.225  -101.039  -3.523 10.576282
87848  -20.856  -100.893  -4.315 10.542067
87849  -21.448  -100.763  -4.309 10.737473
87850  -23.200  -100.269  -4.919 11.057202
87851  -22.485  -100.564  -5.320 10.966451
87852  -23.222  -100.452  -5.546 11.026005
87853  -23.161  -100.515  -6.261 10.955982
87854  -23.925  -100.252  -5.836 11.048085
87855  -24.411  -99.968  -6.232 11.035718
87856  -24.587  -99.778  -5.416 11.092886
87857  -26.057  -97.843  -3.786 10.986372
87858  -26.068  -98.347  -4.401 11.048715
87859  -26.515  -97.676  -4.095 10.965918
87860  -26.743  -97.552  -4.534 10.942430
87861  -26.783  -97.091  -3.963 10.847301
87862  -22.847  -97.172  0.413 10.932022
87863  -23.216  -97.736  0.136 10.829374
87864  -23.262  -97.100  0.057 10.893871
87865  -24.010  -96.450  -0.739 10.664409
87866  -23.939  -97.127  -0.730 10.771551
87867  -24.111  -97.099  -1.261 10.691551
87868  -23.842  -97.691  -1.999 10.739040
87869  -24.246  -97.112  -1.858 10.604241
87871  -24.360  -93.894  -0.293 9.960456
87872  -24.542  -93.646  -0.596 9.727268
87873  -25.312  -94.864  -1.941 9.868868
87874  -24.783  -95.169  -1.756 9.998461
87875  -25.007  -95.774  -2.141 10.169782
87876  -24.674  -96.578  -2.370 10.430230
87877  -24.985  -96.165  -2.396 10.355976
87878  -25.082  -96.526  -2.673 10.545249
87879  -25.500  -95.732  -2.463 10.298190
87880  -26.903  -94.655  -3.198 9.981483
87881  -26.679  -95.296  -3.137 10.250783
87882  -27.085  -95.259  -3.782 10.267132
87883  -27.105  -95.734  -4.207 10.516525
87884  -27.172  -95.203  -4.346 10.311612
87885  -27.229  -95.224  -4.941 10.383475
87886  -27.271  -94.650  -4.467 10.086053
90343  -38.810  -88.033  -1.828 9.839257
90344  -38.473  -88.113  -2.413 10.235536
90345  -39.094  -88.110  -2.061 10.252590
90349  -40.759  -86.779  -2.695 10.695621
90350  -40.539  -87.155  -2.281 10.447720
90351  -40.364  -87.449  -2.813 10.851347
90352  -39.863  -88.000  -2.950 10.956180
90353  -40.210  -87.851  -3.432 11.195919
90354  -39.989  -88.123  -3.967 11.466131
90355  -40.425  -87.537  -3.858 11.330989
90356  -41.024  -86.047  -4.239 10.961423
90357  -40.770  -86.754  -4.481 11.234942
90358  -40.904  -86.341  -4.793 11.000029
90359  -40.840  -86.803  -5.335 10.959647
90360  -41.104  -86.077  -5.210 10.652515
90377  -41.857  -83.929  -3.800 9.923656
90382  -41.866  -85.480  -6.019 9.692987
92416  -21.643  -81.538  18.851 12.297896
92417  -21.332  -82.427  18.829 12.688440
92418  -21.457  -82.143  18.162 12.635835
92419  -21.176  -82.782  17.539 12.952794
92420  -20.886  -83.378  16.861 13.240899
92421  -20.706  -83.834  16.336 13.492060
92422  -21.248  -83.046  16.365 13.062302
92423  -21.610  -82.725  15.851 12.820519
92424  -21.978  -82.432  15.319 12.526025
93294  -11.557  -97.564  15.053 10.637075
93295  -11.484  -96.901  15.223 10.577398
93296  -11.713  -97.154  14.114 10.753932
93297  -11.895  -96.693  13.170 10.863791
93298  -11.854  -96.410  12.288 10.958036
93299  -11.597  -96.306  11.488 11.027422
93300  -11.655  -97.320  11.439 11.039088
93301  -11.322  -98.251  10.882 11.068184
93302  -10.965  -99.169  10.476 11.045907
93303  -10.675  -99.880  10.209 10.973124
93304  -10.937  -100.083  10.978 10.969681
93305  -11.023  -100.732  11.404 10.869926
93306  -11.199  -101.197  11.710 10.755621
93307  -27.286  -95.834  9.955 9.762560
93308  -26.586  -96.122  9.525 10.026891
93309  -27.043  -95.623  9.413 9.785094
93310  -26.702  -95.288  8.905 9.843950
93311  -26.314  -94.834  8.451 9.930724
93312  -25.942  -94.386  8.042 10.034510
93313  -26.734  -94.353  8.388 9.708421
93844  -26.274  -98.372  -6.373 10.952274
93845  -25.903  -98.431  -7.290 10.879159
93846  -26.319  -98.073  -6.941 10.893588
93847  -26.283  -97.462  -7.576 10.838179
93848  -26.327  -96.786  -8.291 10.789854
93849  -38.119  -89.807  -7.634 10.939323
93850  -37.471  -90.283  -7.969 10.719934
93851  -38.412  -89.481  -7.931 10.531903
93852  -38.701  -89.086  -8.214 10.082764
94374  -16.659  -92.028  19.036 12.087201
94375  -16.293  -92.056  19.538 11.486525
94376  -16.646  -92.923  19.071 11.739048
94377  -16.387  -93.382  19.264 11.409098
94378  -15.985  -93.785  19.388 11.108192
94379  -15.555  -94.194  19.478 10.844303
94380  -15.963  -94.083  18.919 11.333180
94381  -16.132  -94.564  18.421 11.522083
94382  -16.330  -94.948  17.844 11.671566
94383  -16.431  -95.232  17.333 11.780391
94384  -16.652  -94.732  17.265 12.072205
94385  -16.967  -94.665  16.755 12.455363
94386  -17.296  -94.618  16.280 12.810733
94387  -22.581  -89.669  12.755 12.961718
94388  -22.272  -90.495  12.983 13.082049
94389  -22.899  -90.156  12.735 12.746496
94390  -23.116  -90.738  12.649 12.523840
94391  -23.464  -91.347  12.492 12.293301
94392  -23.949  -91.879  12.380 12.053914
94393  -24.085  -91.048  12.317 11.975479
94394  -24.716  -90.699  12.177 11.660322
94395  -25.365  -90.313  12.047 11.354659
97042  -19.443  -100.416  12.074 10.881587
97043  -18.874  -100.863  11.532 10.622191
97044  -19.643  -100.646  11.349 10.689678
97045  -19.686  -100.878  10.612 10.494493
97046  -19.591  -101.089  9.855 10.302000
97047  -20.004  -99.316  1.577 10.247459
97048  -19.582  -99.975  1.692 9.973359
97049  -20.372  -99.737  1.335 10.036130
97050  -20.784  -100.348  1.163 9.846184
97051  -21.142  -100.934  0.968 9.683061
97053  -21.779  -100.835  0.542 9.810354
97054  -22.197  -100.809  0.095 9.955286
97055  -22.399  -100.808  -0.341 10.113157
97056  -22.451  -100.847  -0.779 10.278443
97057  -22.921  -100.191  -0.396 10.338758
97058  -23.360  -99.611  -0.439 10.531902
97059  -23.750  -98.991  -0.399 10.681157
98164  -27.815  -93.273  -6.216 10.317681
98165  -28.050  -93.304  -6.944 10.642311
98166  -28.576  -92.533  -6.950 10.519032
98167  -29.655  -91.735  -7.463 10.730523
98168  -31.036  -90.996  -7.493 10.944280
98169  -35.639  -88.998  -5.230 10.915086
98170  -34.968  -89.437  -5.763 11.115304
98171  -35.936  -89.277  -5.460 11.293323
98172  -36.289  -89.498  -5.652 11.579609
98173  -36.672  -89.678  -5.839 11.754169
98174  -36.976  -89.901  -6.205 11.807183
98175  -37.597  -89.478  -5.654 11.806077
98176  -38.540  -89.195  -5.410 11.805188
98177  -39.391  -88.698  -5.216 11.747673
98689  -21.531  -84.395  23.628 11.135917
98690  -20.794  -85.357  23.628 11.024738
98691  -20.963  -84.875  23.023 11.399201
98692  -20.372  -85.194  22.553 11.683487
98693  -19.718  -85.476  22.170 11.985913
98694  -19.152  -85.389  19.085 13.683692
98695  -18.998  -85.590  19.751 13.406243
98696  -18.517  -86.129  19.164 13.732099
98697  -17.969  -86.898  19.195 13.690524
98698  -17.481  -87.715  19.233 13.563212
98699  -17.136  -88.555  19.224 13.359659
98700  -17.272  -88.485  18.607 13.831915
98701  -17.219  -89.230  18.021 14.062200
98702  -17.388  -89.939  17.459 14.245291
98703  -17.578  -90.523  16.966 14.374454
98704  -17.590  -89.696  16.862 14.565301
98705  -17.813  -89.555  16.253 14.778009
98706  -18.055  -89.347  15.697 14.876623
98707  -19.867  -85.920  14.470 14.006051
98708  -19.388  -86.777  14.596 14.322881
98709  -19.867  -86.459  14.102 14.000054
98710  -20.041  -86.929  13.718 13.944468
98711  -20.292  -87.389  13.332 13.845714
98712  -20.678  -87.789  13.012 13.711231
98713  -20.951  -86.989  12.904 13.438413
98714  -21.633  -86.601  12.594 13.007847
98715  -22.364  -86.206  12.384 12.571313
101327  -10.863  -94.203  16.318 10.138941
101328  -10.464  -94.395  17.713 9.808149
101329  -10.631  -93.701  16.849 9.980100
101330  -10.300  -93.252  17.407 9.807034
101333  -9.718  -92.152  16.941 9.755615
101334  -9.382  -91.852  15.938 9.836145
101335  -8.748  -91.918  14.988 9.857108
101336  -7.963  -92.334  14.528 9.812595
101337  -8.409  -92.609  14.002 10.028148
101338  -8.030  -93.277  13.190 10.155411
101339  -7.699  -93.907  12.483 10.244236
101340  -9.197  -96.700  9.636 10.896900
101341  -8.706  -96.092  10.126 10.751850
101342  -8.522  -96.981  9.606 10.743174
101343  -7.802  -97.326  9.643 10.545382
101344  -7.134  -97.666  9.796 10.311370
101345  -6.487  -97.998  9.957 10.050941
101346  -7.000  -98.358  9.434 10.267010
101347  -6.728  -99.037  9.102 10.200996
101348  -6.564  -99.677  8.730 10.110615
101349  -6.364  -100.248  8.380 9.993635
101350  -6.855  -100.142  8.235 10.201436
101351  -7.117  -100.687  7.885 10.226910
101352  -7.380  -101.282  7.724 10.190187
101353  -9.874  -102.216  9.014 10.242253
101354  -9.361  -102.224  8.467 10.162370
101355  -9.686  -102.675  8.539 9.981674
101356  -9.527  -103.052  7.854 9.707493
101362  -23.531  -98.672  11.207 11.220141
101363  -23.325  -99.027  10.644 11.139863
101364  -23.559  -98.766  10.571 11.128930
101365  -23.419  -98.666  9.924 11.066990
101366  -23.081  -98.426  9.317 11.033579
101367  -23.557  -96.508  7.884 11.011218
101368  -23.162  -96.858  7.988 11.070188
101369  -22.710  -96.566  7.326 11.138745
101370  -21.825  -96.547  6.689 11.188437
101371  -21.174  -96.722  5.682 11.158071
101372  -20.537  -97.136  4.561 11.054846
101373  -21.138  -96.456  4.773 11.199257
101374  -21.291  -96.081  3.958 11.230402
101375  -21.535  -95.926  3.180 11.245343
101376  -21.840  -95.937  2.536 11.239206
101377  -21.990  -95.365  3.389 11.322035
101378  -22.423  -94.932  3.558 11.331175
101379  -22.711  -94.444  3.644 11.269818
101380  -24.554  -92.759  6.087 10.334633
101381  -23.968  -92.992  5.410 10.587547
101382  -24.254  -92.330  5.522 10.308780
101383  -24.046  -91.825  4.948 10.222018
101384  -23.889  -91.325  4.391 10.072328
101385  -23.805  -90.882  3.785 9.864020
101386  -24.238  -90.571  4.546 9.728749
102970  -21.880  -100.727  -9.589 10.141249
102971  -21.933  -100.608  -10.243 9.947453
102972  -22.430  -100.329  -9.850 10.184928
102973  -22.788  -99.910  -10.159 10.202039
102974  -23.070  -99.296  -10.614 10.195457
102975  -25.236  -97.406  -10.598 10.341636
102976  -24.686  -97.504  -10.851 10.283542
102977  -25.553  -97.258  -11.279 10.197966
102978  -25.826  -97.120  -11.971 10.061991
102979  -26.042  -96.987  -12.685 9.934060
102980  -26.298  -96.857  -13.170 9.811731
102981  -26.795  -96.760  -12.639 9.854618
102982  -27.514  -96.337  -12.616 9.766810
102984  -29.531  -93.647  -8.630 11.080193
102985  -28.839  -94.278  -8.886 10.956919
102986  -29.833  -93.673  -8.946 10.987277
102987  -30.227  -93.686  -9.248 10.840946
102988  -30.417  -93.695  -9.637 10.657695
102989  -34.404  -91.770  -9.927 9.911644
102990  -33.172  -92.391  -10.204 10.047401
102991  -33.364  -92.151  -10.504 9.763435
104562  -17.237  -87.255  24.223 9.919147
104580  -14.265  -96.582  19.853 10.225208
104581  -13.889  -96.878  20.270 9.914646
104582  -13.898  -97.166  19.696 10.177764
104583  -13.353  -97.698  19.432 10.167645
104584  -12.836  -98.103  19.045 10.190764
104585  -12.339  -98.284  18.551 10.242488
104586  -12.907  -98.129  18.326 10.401002
104587  -12.921  -98.206  17.456 10.566777
104588  -12.917  -98.506  16.568 10.688310
104589  -12.904  -99.033  15.813 10.767079
104590  -13.549  -98.498  16.408 10.782212
104591  -14.179  -98.474  16.082 10.882388
104592  -14.806  -98.447  15.730 10.990599
104593  -16.553  -97.068  15.298 11.854980
104594  -16.371  -97.489  15.205 11.618720
104595  -16.831  -97.467  14.983 11.802459
104596  -17.261  -97.956  14.797 11.728102
104597  -17.676  -98.467  14.599 11.633492
104598  -18.103  -98.942  14.331 11.519288
104599  -18.265  -98.418  14.475 11.761365
104600  -18.870  -98.249  14.245 11.877720
104601  -19.493  -98.044  13.985 11.976996
104602  -18.492  -92.753  15.316 14.319576
104603  -18.280  -93.182  15.298 14.040182
104604  -18.647  -93.017  14.918 14.182266
104605  -18.795  -93.304  14.608 14.011023
104606  -19.045  -93.699  14.373 13.814981
104607  -21.270  -93.640  12.976 13.090673
104608  -20.828  -94.034  13.411 13.241060
104609  -21.022  -94.495  13.180 12.989563
104610  -20.861  -95.259  13.433 12.856623
104611  -20.855  -95.815  13.539 12.697034
104612  -20.842  -96.407  13.571 12.515607
104613  -21.294  -96.158  13.293 12.473034
104614  -21.775  -96.464  13.023 12.254016
104615  -22.221  -96.817  12.863 12.042298
104616  -22.551  -97.233  12.730 11.841081
104617  -22.458  -96.669  12.610 11.944312
104618  -22.828  -96.404  12.376 11.805674
104619  -23.378  -96.095  12.204 11.627341
104620  -25.755  -93.587  12.251 11.019203
104621  -25.480  -94.228  12.157 11.065661
104622  -26.154  -93.982  12.200 10.760983
104623  -26.533  -94.360  12.090 10.517185
104624  -26.819  -94.783  11.971 10.296484
104625  -27.046  -95.171  11.766 10.106949
104626  -27.468  -94.489  11.912 9.997295
104627  -28.067  -94.190  11.824 9.710393
107041  -22.164  -82.046  28.884 9.687009
107042  -22.460  -82.751  28.716 9.744260
107043  -22.536  -82.133  28.114 9.830418
107044  -22.752  -82.256  27.367 9.977248
107045  -22.965  -82.433  26.554 10.131389
107046  -22.926  -82.725  25.741 10.296858
107047  -23.065  -81.876  25.914 10.252329
107048  -23.185  -81.299  25.281 10.346717
107049  -23.261  -80.787  24.714 10.418178
107051  -23.619  -77.756  23.810 9.861672
107052  -23.832  -77.214  23.146 9.833294
107053  -23.792  -77.867  22.413 10.170658
107054  -23.644  -78.573  21.708 10.516434
107055  -23.210  -79.241  21.093 10.869349
107056  -23.675  -78.283  21.079 10.487951
107057  -23.745  -78.007  20.443 10.440604
107058  -23.919  -77.737  19.830 10.372295
112161  -25.350  -79.104  14.651 10.029778
112162  -24.704  -79.812  14.451 10.454894
112163  -24.103  -80.531  14.401 10.898906
112164  -24.766  -80.351  14.052 10.553430
112165  -24.831  -80.860  13.612 10.629958
112166  -24.908  -81.319  13.219 10.684943
112167  -27.922  -81.787  12.737 9.747870
112168  -27.003  -81.931  12.534 10.043286
112169  -27.289  -82.287  12.482 10.066854
112170  -26.660  -82.873  12.267 10.396398
112171  -26.022  -83.524  12.082 10.733294
112172  -25.412  -84.206  12.003 11.072851
112173  -26.336  -83.946  12.044 10.724955
112174  -26.636  -84.345  12.035 10.717530
112175  -26.904  -84.850  12.031 10.710649
112181  -31.715  -86.231  13.502 9.695005
112183  -31.201  -86.080  13.066 9.806935
112184  -30.513  -86.026  12.614 9.936758
112185  -29.786  -85.956  12.245 10.086337
112186  -29.119  -85.949  12.102 10.258590
112187  -29.109  -86.566  12.037 10.256908
112188  -28.504  -87.256  12.007 10.407063
112189  -28.079  -87.998  11.820 10.534781
112190  -27.618  -88.704  11.721 10.640100
112191  -28.287  -88.619  11.805 10.428926
112192  -28.587  -89.202  11.927 10.290422
112193  -28.953  -89.724  11.990 10.121530
112567  -13.289  -100.830  13.517 10.681130
112568  -12.800  -101.197  13.045 10.618555
112569  -13.384  -101.312  12.998 10.563081
112570  -13.363  -101.704  12.361 10.409131
112571  -13.371  -102.084  11.688 10.223417
112581  -20.847  -100.158  7.680 10.384035
112582  -20.481  -100.711  7.787 10.226103
112583  -20.035  -100.817  6.822 10.115887
112584  -19.071  -101.333  6.109 9.838166
112608  -19.210  -101.480  -7.361 9.694347
112609  -19.111  -101.446  -6.529 9.837279
112610  -19.633  -101.102  -6.469 10.130538
112611  -20.288  -100.847  -6.183 10.398041
112612  -22.247  -100.162  -3.577 10.877254
112613  -21.992  -100.474  -4.228 10.885216
112614  -22.551  -100.001  -4.093 10.978501
112615  -23.180  -99.894  -4.371 11.050810
112616  -23.934  -99.667  -4.535 11.092751
112617  -24.738  -99.361  -4.621 11.105474
112618  -24.717  -98.908  -4.042 11.072855
112619  -25.346  -98.104  -3.651 10.999060
112620  -25.825  -97.327  -3.356 10.874800
112621  -22.890  -95.891  0.460 10.949893
112622  -23.320  -96.513  0.026 10.889570
112623  -23.308  -95.862  0.085 10.812634
112624  -23.720  -95.814  -0.248 10.656719
112625  -24.121  -95.704  -0.623 10.488824
112630  -25.920  -94.536  -2.085 9.769073
112631  -25.940  -94.987  -2.324 10.014541
112632  -26.378  -94.255  -2.279 9.704669
112633  -26.795  -94.054  -2.724 9.679269
112634  -27.112  -93.984  -3.303 9.694582
112635  -27.314  -93.994  -3.945 9.750427
114113  -41.249  -86.113  -1.707 9.834660
114114  -41.342  -85.779  -2.053 10.082929
114115  -41.108  -86.093  -2.557 10.495616
114116  -40.934  -86.417  -3.099 10.854403
114117  -40.790  -86.806  -3.692 11.142124
114118  -41.081  -86.063  -3.466 10.905607
114119  -41.195  -85.731  -3.743 10.837354
114120  -41.322  -85.371  -4.047 10.646673
115391  -31.054  -90.258  -6.288 9.984911
115392  -31.878  -89.583  -5.778 9.763331
115393  -33.129  -89.185  -5.624 10.011926
115394  -34.349  -88.926  -5.325 10.250857
115396  -35.081  -88.406  -4.691 9.993234
115397  -35.387  -88.704  -4.953 10.471658
115398  -36.346  -88.567  -4.616 10.665216
115399  -37.179  -88.571  -4.259 10.822897
115400  -38.024  -88.551  -3.928 10.936359
115798  -21.482  -82.860  21.374 12.105988
115799  -21.099  -83.733  21.312 12.276727
115800  -21.062  -83.426  20.714 12.469422
115801  -20.677  -83.914  20.126 12.835633
115802  -20.331  -84.334  19.540 13.197474
115803  -20.987  -83.265  18.836 13.036575
115804  -20.530  -84.044  18.869 13.327160
115805  -19.861  -84.708  18.960 13.546546
115806  -19.386  -85.216  18.385 13.873241
115807  -18.946  -85.842  17.748 14.167655
115808  -18.593  -86.509  17.146 14.419827
115809  -18.457  -87.107  16.684 14.620850
115810  -18.956  -86.233  16.626 14.454505
115811  -19.305  -85.975  16.048 14.383557
115812  -19.653  -85.664  15.434 14.214266
115813  -20.451  -84.321  15.840 13.698952
115814  -20.205  -84.839  15.326 13.855706
115815  -20.025  -85.378  14.886 13.958521
115816  -20.469  -85.078  14.386 13.631481
115817  -21.024  -84.738  13.921 13.250504
115818  -21.629  -84.428  13.475 12.833382
117848  -10.623  -97.043  18.522 9.752377
117849  -10.675  -96.306  17.640 9.934032
117850  -10.857  -95.444  16.769 10.112769
117851  -11.445  -96.205  15.412 10.499187
117852  -11.242  -95.459  15.562 10.400232
117853  -11.046  -94.779  15.868 10.279839
117854  -11.150  -94.190  14.959 10.425146
117855  -11.025  -93.740  14.114 10.537548
117856  -10.692  -93.418  13.251 10.606356
117857  -10.008  -93.391  12.659 10.621810
117858  -10.556  -93.960  12.309 10.775330
117859  -10.391  -94.672  11.436 10.896117
117860  -10.186  -95.526  10.601 10.970922
117861  -11.197  -96.277  10.778 11.062780
117862  -10.626  -96.305  10.262 11.056082
117863  -9.901  -96.456  9.860 11.001664
117864  -9.573  -97.425  9.213 10.989611
117865  -9.216  -98.331  8.556 10.935786
117866  -8.922  -99.206  8.306 10.840764
117867  -8.571  -99.920  8.056 10.706232
117868  -9.218  -99.803  8.352 10.819720
117869  -9.517  -100.459  8.635 10.745832
117870  -9.751  -101.082  9.042 10.628709
117871  -10.428  -100.547  9.937 10.851842
117872  -10.201  -101.163  9.600 10.685531
117873  -10.020  -101.695  9.368 10.479820
117874  -10.304  -102.227  9.591 10.311003
117875  -10.574  -102.626  9.624 10.133263
117876  -10.924  -102.803  9.462 9.956489
117877  -25.230  -97.452  10.523 10.719190
117878  -24.689  -97.676  10.188 10.860999
117879  -25.157  -97.316  9.957 10.692196
117880  -24.956  -97.099  9.427 10.702957
117881  -24.637  -96.764  8.932 10.746943
117882  -25.880  -96.343  9.096 10.303815
117883  -25.096  -96.429  8.795 10.574274
117884  -24.326  -96.471  8.391 10.817195
117885  -24.014  -96.172  7.821 10.904788
117886  -23.682  -95.746  7.200 10.998702
117887  -23.317  -95.253  6.562 11.086634
117888  -23.031  -94.791  5.891 11.155921
117889  -23.751  -94.814  6.612 10.947166
117890  -24.144  -94.333  6.657 10.764544
117891  -24.526  -93.913  6.712 10.547904
117892  -25.559  -94.049  7.603 10.141938
117893  -25.185  -93.676  7.163 10.237954
117894  -24.856  -93.220  6.655 10.307107
117895  -25.192  -92.562  6.675 10.052098
117896  -25.502  -91.923  6.741 9.792338
119128  -23.999  -99.810  -8.117 10.811062
119129  -23.813  -99.500  -8.786 10.661489
119130  -24.252  -99.244  -8.477 10.750117
119131  -24.467  -98.695  -8.842 10.671482
119132  -24.688  -98.139  -9.200 10.582436
119133  -25.476  -98.255  -8.077 10.769176
119134  -25.167  -97.929  -8.861 10.635304
119135  -25.039  -97.619  -9.691 10.489592
119136  -25.788  -97.209  -10.299 10.397821
119137  -26.638  -96.847  -10.558 10.310079
119138  -27.399  -96.478  -10.608 10.227181
119139  -34.147  -91.725  -8.107 11.243542
119140  -33.301  -92.066  -8.656 11.034506
119141  -34.437  -91.907  -8.387 11.011165
119142  -34.724  -92.036  -8.749 10.731936
119143  -35.032  -91.812  -9.011 10.420108
119144  -36.781  -90.754  -8.377 10.497656
119145  -36.027  -91.159  -8.861 10.283601
119146  -35.293  -91.498  -9.347 10.086367
119147  -35.504  -91.105  -9.702 9.737923
120366  -15.990  -88.947  21.575 10.978095
120367  -15.666  -89.006  22.203 10.338580
120368  -15.816  -89.658  21.357 10.629541
120369  -15.746  -90.413  21.273 10.290525
120370  -15.714  -91.134  21.279 9.974168
120371  -16.014  -91.990  20.103 10.879373
120372  -15.820  -91.958  20.723 10.277585
120373  -15.619  -91.906  21.280 9.690779
120379  -14.531  -95.082  20.651 9.753130
120380  -14.551  -95.561  20.286 10.048280
120381  -15.254  -94.764  19.653 10.622613
120382  -14.924  -95.370  19.767 10.445575
120383  -14.632  -95.979  19.805 10.313569
120384  -14.836  -96.438  19.244 10.543380
120385  -15.103  -96.794  18.548 10.734066
120386  -15.194  -96.993  17.815 10.884291
120387  -15.183  -97.110  17.223 10.994442
120388  -15.621  -96.770  17.296 11.132679
120389  -15.946  -96.588  16.786 11.384162
120390  -16.148  -96.621  16.195 11.635651
120391  -16.443  -95.603  16.709 11.849822
120392  -16.452  -96.121  16.203 11.882646
120393  -16.455  -96.666  15.805 11.882893
120394  -16.884  -96.693  15.463 12.120151
120395  -17.386  -96.666  15.160 12.340576
120396  -17.882  -96.503  14.907 12.536676
120397  -20.227  -91.386  13.925 14.159380
120398  -20.109  -92.142  14.080 14.101208
120399  -20.642  -91.710  13.821 13.921797
120400  -20.866  -91.975  13.510 13.671688
120401  -21.188  -92.327  13.183 13.414719
120402  -21.971  -91.280  13.072 13.153653
120403  -21.703  -92.046  13.031 13.177035
120404  -21.627  -92.839  12.982 13.154788
120405  -21.865  -93.331  12.739 12.894259
120406  -22.134  -93.805  12.420 12.634436
120407  -22.482  -94.242  12.289 12.376494
120408  -22.829  -94.654  12.144 12.121943
120409  -23.188  -93.927  12.183 12.139071
120410  -23.951  -93.635  12.187 11.872972
120411  -24.677  -93.420  12.250 11.585302
120412  -24.513  -92.417  12.356 11.804856
120413  -24.957  -92.816  12.342 11.547209
120414  -25.332  -93.194  12.287 11.283631
120415  -25.912  -92.920  12.298 10.975894
120416  -26.541  -92.635  12.358 10.670217
120417  -27.166  -92.321  12.331 10.374703
126296  -31.658  -86.817  13.501 9.727164
126297  -31.085  -87.222  13.091 9.829674
126298  -30.621  -87.765  12.621 9.903369
126299  -30.154  -88.350  12.269 9.946814
126300  -30.749  -88.318  12.618 9.836177
126301  -30.909  -88.752  12.502 9.744647
126592  -16.256  -100.822  13.065 10.671822
126593  -15.517  -101.233  12.592 10.489346
126594  -16.272  -101.174  12.306 10.498748
126595  -16.292  -101.496  11.473 10.303840
126596  -16.362  -101.723  10.667 10.093472
126597  -18.142  -101.224  11.041 10.365322
126598  -17.211  -101.572  10.436 10.115044
126599  -16.256  -101.854  9.891 9.875363
126603  -18.770  -100.074  4.260 10.162981
126604  -18.556  -100.615  4.267 9.921122
126605  -18.295  -100.552  3.480 9.902005
126608  -19.202  -100.702  1.843 9.700427
126622  -19.666  -101.935  -1.797 9.683904
126623  -19.750  -101.563  -2.585 9.898635
126624  -19.860  -101.198  -3.430 10.109525
126625  -20.517  -101.505  -2.706 10.158077
126626  -21.093  -101.400  -2.728 10.393202
126627  -21.649  -101.050  -2.770 10.593967
126628  -22.269  -100.965  -1.586 10.444407
126629  -22.190  -100.828  -2.255 10.604213
126630  -22.165  -100.466  -2.894 10.750712
126631  -22.510  -99.787  -3.022 10.854408
126632  -22.926  -99.195  -3.019 10.898083
126633  -23.354  -98.504  -2.940 10.877267
126634  -23.166  -92.814  1.069 10.139872
126635  -23.385  -93.504  0.450 10.170106
126636  -23.599  -92.564  0.706 9.847475
127800  -41.977  -84.219  -2.255 9.707245
129154  -27.078  -96.195  -5.900 10.790484
129155  -26.960  -96.340  -6.617 10.880584
129156  -27.089  -95.765  -6.728 10.852304
129157  -27.471  -95.086  -7.397 10.927114
129158  -28.200  -94.350  -7.918 11.011930
129159  -28.371  -93.401  -7.485 10.887208
129160  -28.756  -93.529  -7.899 11.041211
129161  -29.217  -93.604  -8.299 11.102881
129162  -30.273  -92.781  -8.437 11.194878
129163  -31.515  -92.080  -8.355 11.281776
129164  -32.762  -91.645  -8.204 11.356876
129165  -31.460  -90.353  -6.656 10.433908
129166  -31.909  -90.416  -6.962 10.831889
129167  -32.382  -90.478  -7.203 11.152217
129168  -34.314  -89.868  -6.274 11.259681
129169  -33.612  -90.320  -6.797 11.345789
129170  -32.831  -90.699  -7.413 11.375168
129171  -33.260  -90.937  -7.565 11.490836
129172  -33.638  -91.204  -7.710 11.499975
129173  -33.866  -91.502  -7.896 11.412410
129174  -34.948  -91.235  -7.665 11.440463
129175  -35.955  -91.000  -7.434 11.433536
129176  -36.930  -90.570  -7.331 11.384737
129177  -37.267  -90.041  -6.580 11.739785
129178  -37.550  -90.099  -6.953 11.561648
129179  -37.831  -90.044  -7.327 11.288701
129180  -38.684  -89.385  -7.241 11.142034
129181  -39.556  -88.637  -6.994 10.943764
129182  -40.334  -87.769  -6.747 10.695290
130266  -20.323  -86.794  25.292 9.732489
130267  -19.600  -86.870  24.931 9.881587
130268  -18.865  -86.908  24.571 10.059844
130269  -19.952  -86.141  23.735 10.835176
130270  -19.006  -86.699  24.000 10.577684
130271  -18.070  -87.078  24.169 10.266732
130272  -17.413  -87.201  23.715 10.500358
130273  -16.900  -87.423  23.198 10.757341
130274  -16.452  -87.773  22.559 11.032907
130275  -20.556  -84.498  21.353 12.369250
130276  -19.889  -85.140  21.516 12.377917
130277  -19.069  -85.763  21.803 12.302155
130278  -18.831  -85.810  20.489 13.050028
130279  -18.561  -86.104  21.199 12.626122
130280  -18.263  -86.404  21.866 12.146939
130281  -17.482  -86.949  21.878 11.922050
130282  -16.760  -87.472  21.855 11.641384
130283  -16.298  -88.206  21.746 11.320972
130284  -16.345  -88.777  20.904 11.614193
130285  -16.433  -89.532  20.182 11.904374
130286  -16.488  -90.322  19.603 12.182626
130287  -16.891  -89.371  19.201 13.093398
130288  -16.751  -90.287  19.103 12.780934
130289  -16.667  -91.146  19.063 12.439734
130290  -16.928  -91.930  18.578 12.667123
130291  -17.248  -92.493  18.091 12.857006
130292  -17.364  -93.009  17.575 13.003529
130293  -17.351  -93.285  17.040 13.103304
130294  -17.576  -92.782  17.074 13.463113
130295  -17.795  -92.567  16.645 13.860695
130296  -18.013  -92.440  16.200 14.181730
130297  -17.809  -91.144  16.474 14.445628
130298  -18.061  -91.753  16.087 14.457867
130299  -18.324  -92.312  15.695 14.414045
130300  -18.680  -92.144  15.188 14.549779
130301  -19.024  -91.870  14.729 14.586207
130302  -19.358  -91.492  14.352 14.525805
130303  -18.336  -87.738  16.185 14.763700
130304  -18.257  -88.382  15.699 14.844010
130305  -18.344  -88.989  15.199 14.860519
130306  -18.998  -87.672  14.640 14.569385
130307  -18.724  -88.583  14.681 14.735572
130308  -18.549  -89.509  14.715 14.815461
130309  -18.941  -89.994  14.338 14.714286
130310  -19.343  -90.492  14.081 14.564996
130311  -19.797  -91.013  14.008 14.376773
130312  -20.301  -90.509  13.687 14.150970
130313  -20.837  -90.004  13.314 13.863585
130314  -21.390  -89.620  12.994 13.530781
130315  -21.081  -88.208  12.789 13.548964
130316  -21.492  -88.755  12.691 13.366254
130317  -22.015  -89.234  12.710 13.169081
130318  -22.686  -88.818  12.459 12.793733
130319  -23.295  -88.403  12.211 12.418303
130320  -23.912  -88.089  12.117 12.053891
135855  -7.109  -92.899  14.358 9.701623
135861  -9.221  -93.640  12.197 10.577042
135862  -8.388  -94.028  11.875 10.469453
135863  -7.522  -94.609  11.774 10.301341
135864  -8.051  -95.624  10.642 10.560802
135865  -7.380  -95.324  11.100 10.332981
135866  -6.695  -95.165  11.797 10.079846
135867  -5.951  -95.662  12.004 9.815742
135873  -5.799  -98.305  10.243 9.774468
135883  -6.141  -100.837  7.981 9.848747
135889  -8.234  -100.617  7.915 10.534654
135890  -7.972  -101.241  7.848 10.330497
135891  -7.744  -101.817  7.635 10.099257
135892  -8.791  -102.234  7.997 10.070132
135893  -8.170  -102.275  7.598 9.965153
135894  -7.510  -102.329  7.248 9.847331
135907  -22.415  -99.332  11.757 11.165815
135908  -21.818  -99.879  11.146 10.929485
135909  -22.406  -99.614  11.029 11.006352
135910  -22.245  -99.770  10.211 10.862070
135911  -21.892  -99.794  9.405 10.735890
135912  -22.938  -99.260  10.028 11.014225
135913  -22.219  -99.390  9.324 10.842931
135914  -21.520  -99.681  8.549 10.630018
135915  -21.080  -99.588  7.724 10.545447
135916  -20.656  -99.537  6.903 10.482174
135917  -20.109  -99.490  6.089 10.439259
135918  -24.121  -97.913  9.837 10.968616
135919  -23.491  -98.056  9.355 11.027513
135920  -22.737  -98.086  8.719 11.026164
135921  -22.765  -97.240  8.077 11.079441
135922  -22.319  -97.741  8.090 11.040780
135923  -21.940  -98.208  8.058 10.959390
135924  -21.118  -98.441  7.175 10.828736
135925  -20.359  -98.831  6.197 10.642743
135926  -19.548  -99.418  5.220 10.415366
135927  -19.165  -99.350  4.258 10.408698
135928  -19.024  -99.280  3.377 10.417117
135929  -19.116  -99.235  2.608 10.438539
135930  -19.940  -97.822  3.448 10.893167
135931  -19.729  -98.437  2.632 10.691957
135932  -19.788  -98.938  2.025 10.470685
135933  -20.465  -98.677  1.517 10.511353
135934  -21.167  -98.522  1.100 10.557811
135935  -21.850  -98.455  0.787 10.607425
135936  -22.498  -98.428  0.523 10.657078
135937  -22.167  -97.877  0.751 10.805396
135938  -22.416  -97.271  0.773 10.954422
135939  -22.576  -96.654  0.808 11.043215
135940  -22.161  -96.074  1.912 11.208048
135941  -22.376  -96.061  1.358 11.149598
135942  -22.561  -95.967  0.839 11.063260
135943  -22.530  -95.260  1.018 11.009242
135944  -22.574  -94.580  1.158 10.880415
135945  -22.706  -93.857  1.322 10.680482
135946  -22.987  -94.443  5.223 11.194335
135947  -23.007  -94.202  4.553 11.191308
135948  -22.926  -93.933  3.744 11.139078
135949  -23.546  -93.063  4.641 10.794293
135950  -23.120  -93.340  3.835 10.944046
135951  -22.790  -93.736  3.060 11.033298
135952  -22.685  -93.523  2.472 10.874101
135953  -22.758  -93.289  2.010 10.665981
135954  -22.926  -93.142  1.513 10.417395
135955  -23.117  -92.234  1.689 10.103055
135956  -23.389  -91.374  1.850 9.752126
139251  -21.942  -100.477  -10.963 9.747035
139257  -23.612  -99.193  -9.509 10.499722
139258  -23.428  -98.893  -10.286 10.333642
139259  -23.338  -98.643  -11.255 10.168750
139260  -24.186  -97.662  -11.331 10.214793
139261  -23.803  -97.980  -11.816 10.125946
139262  -23.496  -98.409  -12.228 10.007893
139263  -23.727  -98.229  -13.108 9.851170
139264  -24.003  -98.143  -13.835 9.695952
139269  -26.496  -96.761  -13.672 9.690302
139275  -26.809  -96.365  -7.435 10.896434
139276  -26.762  -96.240  -8.157 10.848262
139277  -26.907  -96.137  -8.702 10.750486
139278  -28.216  -94.898  -9.046 10.834516
139279  -27.669  -95.498  -9.114 10.720219
139280  -27.180  -96.055  -9.211 10.618771
139281  -27.590  -95.999  -9.720 10.467305
139282  -27.930  -95.951  -10.189 10.307670
139283  -28.211  -95.892  -10.695 10.147993
139284  -32.334  -92.566  -9.160 10.826304
139285  -31.442  -93.115  -9.627 10.629341
139286  -30.671  -93.659  -10.027 10.451377
139287  -31.973  -92.972  -10.397 10.151830
139288  -30.942  -93.590  -10.414 10.232522
139289  -30.012  -94.165  -10.302 10.297525
139290  -29.474  -94.752  -10.586 10.170116
139291  -28.975  -95.293  -10.864 10.069201
139292  -28.445  -95.790  -11.221 9.992587
139293  -28.534  -95.640  -11.660 9.843022
139294  -28.645  -95.492  -12.134 9.697873
142500  -15.336  -88.976  22.765 9.706820
142536  -11.062  -97.827  18.989 9.750390
142537  -11.103  -97.846  18.028 10.052832
142538  -11.236  -97.881  17.061 10.310963
142539  -11.841  -98.346  17.874 10.318174
142540  -11.524  -98.199  17.009 10.412827
142541  -11.398  -97.932  16.033 10.521129
142542  -11.554  -98.171  14.957 10.681895
142543  -11.584  -98.772  14.081 10.793231
142544  -11.587  -99.532  13.538 10.855878
142545  -11.475  -100.183  13.155 10.870625
142546  -11.728  -99.951  13.800 10.829871
142547  -12.043  -100.236  13.953 10.802079
142548  -12.615  -100.383  13.973 10.777771
142549  -13.032  -99.566  15.102 10.804696
142550  -13.162  -100.007  14.445 10.802499
142551  -13.213  -100.414  13.968 10.761197
142552  -13.898  -100.409  13.966 10.755539
142553  -14.640  -100.398  13.923 10.762735
142554  -15.377  -100.396  13.771 10.783792
142555  -15.181  -97.407  16.497 11.066698
142556  -15.214  -97.875  15.869 11.103631
142557  -15.407  -98.428  15.380 11.107731
142558  -16.194  -97.988  15.127 11.411765
142559  -15.948  -98.457  15.126 11.233093
142560  -15.599  -98.976  15.000 11.080809
142561  -15.831  -99.503  14.606 11.023604
142562  -15.949  -99.965  14.092 10.936074
142563  -16.113  -100.390  13.610 10.818485
142564  -16.856  -100.387  13.396 10.865943
142565  -17.631  -100.383  13.143 10.924357
142566  -18.484  -100.279  12.988 10.991456
142567  -18.501  -99.342  13.940 11.385669
142568  -18.868  -99.739  13.429 11.233487
142569  -19.214  -100.113  12.816 11.064294
142570  -19.939  -99.883  12.621 11.139482
142571  -20.685  -99.583  12.436 11.213030
142572  -21.380  -99.304  12.389 11.280437
142573  -17.334  -93.566  16.569 13.155484
142574  -17.467  -94.056  16.157 13.162083
142575  -17.655  -94.541  15.814 13.127453
142576  -18.068  -93.742  15.303 13.726949
142577  -17.935  -94.451  15.437 13.394753
142578  -17.779  -94.961  15.539 13.057538
142579  -17.927  -95.429  15.148 12.959005
142580  -18.095  -95.901  14.772 12.838249
142581  -18.396  -96.332  14.654 12.700960
142582  -19.778  -92.707  14.038 13.982930
142583  -19.557  -93.423  14.136 13.813247
142584  -19.405  -94.147  14.283 13.602296
142585  -20.339  -94.349  13.835 13.339015
142586  -19.823  -94.605  14.225 13.379737
142587  -19.301  -94.924  14.521 13.360707
142588  -19.038  -95.575  14.355 13.099050
142589  -18.893  -96.176  14.394 12.826672
142590  -18.759  -96.730  14.515 12.551363
142591  -19.184  -97.146  14.321 12.392499
142592  -19.647  -97.518  14.050 12.226154
142593  -20.117  -97.858  13.749 12.053558
142594  -20.845  -97.056  13.631 12.316452
142595  -20.737  -97.598  13.627 12.102492
142596  -20.562  -98.197  13.454 11.876116
142597  -21.044  -98.483  13.122 11.695530
142598  -21.588  -98.785  12.785 11.514565
142599  -21.999  -99.083  12.305 11.336627
142600  -22.480  -98.894  12.220 11.376298
142601  -22.833  -98.700  12.144 11.393646
142602  -23.097  -98.548  12.001 11.383267
142603  -22.869  -97.640  12.495 11.654194
142604  -23.142  -98.028  12.212 11.485701
142605  -23.397  -98.398  11.846 11.339843
142606  -23.765  -98.224  11.688 11.259583
142607  -24.213  -97.987  11.574 11.140080
142608  -24.651  -97.641  11.375 10.981208
142609  -23.277  -95.013  12.100 11.873621
142610  -23.722  -95.368  12.124 11.635201
142611  -24.143  -95.784  12.105 11.411875
142612  -25.189  -94.921  12.083 11.114595
142613  -24.922  -95.540  12.068 11.163918
142614  -24.446  -96.239  12.045 11.209618
142615  -24.761  -96.710  11.900 11.034452
142616  -25.058  -97.077  11.679 10.891711
142617  -25.163  -97.329  11.122 10.785800
142618  -25.717  -97.020  10.878 10.559306
142619  -26.332  -96.677  10.692 10.309690
142620  -26.859  -96.345  10.557 10.046863
142621  -27.227  -95.518  11.390 9.955291
142622  -27.336  -95.783  10.944 9.846164
142623  -27.406  -95.931  10.465 9.782007
147505  -22.604  -83.494  28.531 9.707897
147511  -21.655  -85.731  25.520 9.901693
147512  -21.818  -85.131  24.969 10.261658
147513  -21.904  -84.513  24.524 10.593586
147514  -22.756  -83.052  25.035 10.477226
147515  -22.422  -83.542  24.469 10.675735
147516  -22.011  -83.971  24.007 10.894814
147517  -22.069  -83.528  23.461 11.163264
147518  -22.065  -83.117  22.943 11.396755
147519  -22.017  -82.717  22.446 11.593362
147520  -23.184  -79.579  25.589 9.920670
147521  -23.328  -79.879  24.851 10.188425
147522  -23.340  -80.272  24.100 10.470032
147523  -23.536  -78.777  23.657 10.198717
147524  -23.421  -79.775  23.479 10.504790
147525  -23.139  -80.804  23.470 10.766748
147526  -22.825  -81.344  22.900 11.079325
147527  -22.404  -81.843  22.403 11.407709
147528  -21.967  -82.328  21.911 11.750743
147529  -21.879  -81.976  21.326 11.866792
147530  -21.867  -81.642  20.695 11.939183
147531  -21.873  -81.354  20.047 11.966117
147532  -22.726  -79.948  20.513 11.227437
147533  -22.261  -80.589  19.947 11.587812
147534  -21.925  -81.085  19.408 11.946405
147535  -22.105  -80.775  18.799 11.879570
147536  -22.348  -80.462  18.198 11.766664
147537  -22.610  -80.198  17.556 11.609748
157515  -24.397  -76.542  20.081 9.971677
157516  -24.105  -77.375  19.374 10.281052
157517  -24.959  -75.903  19.174 9.764071
157518  -24.342  -77.077  18.927 10.165464
157519  -23.807  -78.122  18.757 10.582606
157520  -23.532  -78.788  18.169 10.873908
157521  -23.237  -79.302  17.603 11.151854
157522  -22.931  -79.884  17.055 11.412544
157759  -25.220  -77.047  16.999 9.863143
157760  -25.439  -77.761  15.885 9.779169
157761  -24.974  -77.875  16.296 10.037530
157762  -24.573  -77.977  16.730 10.281643
157763  -23.872  -78.871  16.626 10.721592
157764  -23.201  -79.726  16.512 11.179805
157765  -22.547  -80.577  16.439 11.651383
157766  -22.496  -81.183  15.873 11.863660
157767  -22.436  -81.720  15.326 12.044799
157768  -22.370  -82.212  14.754 12.190755
157769  -23.490  -81.244  14.347 11.358013
157770  -22.920  -81.948  14.294 11.826973
157771  -22.348  -82.690  14.248 12.298836
157772  -22.285  -83.196  13.786 12.368229
157773  -22.235  -83.701  13.394 12.400022
157774  -22.357  -84.165  13.013 12.397223
157775  -26.423  -80.604  13.235 9.938487
157776  -25.736  -81.178  13.028 10.322252
157777  -25.067  -81.779  12.885 10.720060
157778  -26.105  -82.068  12.472 10.374635
157779  -25.237  -82.226  12.560 10.738302
157780  -24.370  -82.419  12.743 11.128528
157781  -23.782  -83.121  12.673 11.543174
157782  -23.187  -83.848  12.635 11.957760
157783  -22.472  -84.646  12.723 12.364596
157784  -22.677  -85.084  12.507 12.307586
157785  -22.953  -85.497  12.312 12.232140
157786  -23.188  -85.958  12.132 12.143541
157787  -24.794  -84.931  11.986 11.409521
157788  -24.148  -85.646  12.035 11.736315
157789  -23.527  -86.387  12.051 12.045762
157790  -23.929  -86.797  11.994 11.941014
157791  -24.275  -87.329  12.002 11.829335
157792  -24.626  -87.836  12.095 11.709017
157809  -29.878  -83.589  12.944 9.718723
157810  -29.013  -83.616  12.600 9.915523
157811  -28.396  -84.227  12.272 10.180052
157812  -27.794  -84.829  12.031 10.443813
157813  -27.160  -85.443  11.963 10.701715
157814  -28.364  -86.006  12.028 10.457256
157815  -27.417  -86.101  11.905 10.686216
157816  -26.467  -86.061  11.929 10.948550
157817  -25.935  -86.793  11.970 11.179462
157818  -25.390  -87.523  12.055 11.389858
157819  -24.966  -88.411  12.045 11.576482
157820  -25.307  -89.020  11.952 11.427332
157821  -25.715  -89.571  11.873 11.257407
157822  -26.198  -90.103  11.888 11.063952
157823  -27.318  -89.357  11.729 10.724884
157824  -27.013  -90.035  11.831 10.792308
157825  -26.685  -90.701  12.012 10.846668
157826  -27.118  -91.222  12.149 10.608569
157827  -27.511  -91.680  12.245 10.355794
157828  -27.835  -92.165  12.266 10.097242
157829  -29.812  -88.935  12.107 9.961805
157830  -29.536  -89.600  12.065 9.953215
157831  -29.302  -90.252  12.047 9.928280
157833  -29.628  -90.751  12.122 9.719849
157834  -29.110  -90.869  12.092 9.895899
157835  -28.808  -91.470  12.171 9.865259
157836  -28.472  -92.011  12.182 9.845194
157837  -28.195  -92.590  12.150 9.843395
158578  -11.504  -100.640  12.705 10.838085
158579  -11.535  -101.032  12.324 10.759073
158580  -11.476  -101.508  11.894 10.635224
158581  -12.309  -101.459  12.495 10.564709
158582  -11.858  -101.709  11.899 10.516253
158583  -11.436  -101.906  11.328 10.469871
158584  -11.365  -102.283  10.721 10.268420
158585  -11.350  -102.638  10.061 10.038245
158586  -11.373  -102.976  9.294 9.788402
158587  -14.782  -101.679  12.123 10.318562
158588  -14.076  -102.096  11.571 10.159461
158589  -13.447  -102.391  10.989 10.012001
158590  -14.048  -102.558  9.871 9.713227
158591  -13.457  -102.646  10.069 9.782951
158592  -12.750  -102.638  10.295 9.876054
158593  -12.259  -102.862  9.637 9.750762
158605  -21.109  -100.394  10.457 10.671615
158606  -20.392  -100.868  9.757 10.398661
158607  -19.492  -101.259  9.092 10.118317
158608  -19.958  -101.127  7.995 10.079061
158609  -19.257  -101.359  8.238 9.948658
158610  -18.459  -101.585  8.436 9.838861
158614  -18.303  -101.225  4.380 9.692243
158661  -20.781  -101.205  -9.457 9.781209
158662  -19.875  -101.320  -8.093 9.843554
158663  -20.594  -101.166  -8.732 9.969657
158664  -21.370  -100.998  -9.216 10.069458
158665  -21.928  -100.754  -8.876 10.323727
158666  -22.515  -100.539  -8.363 10.539516
158667  -23.092  -100.385  -7.927 10.713943
158668  -20.127  -100.929  -4.321 10.307585
158669  -20.518  -100.801  -5.191 10.484154
158670  -21.026  -100.709  -5.976 10.631435
158671  -21.794  -100.639  -5.016 10.869299
158672  -21.776  -100.677  -5.673 10.822994
158673  -21.760  -100.655  -6.441 10.743292
158674  -22.459  -100.622  -6.741 10.816385
158675  -23.143  -100.528  -7.063 10.850025
158676  -23.642  -100.211  -7.555 10.846536
158677  -24.182  -99.984  -7.177 10.938998
158678  -24.773  -99.691  -6.672 10.994280
158679  -25.502  -99.162  -6.224 11.016292
158680  -25.401  -99.075  -4.882 11.092146
158681  -25.857  -98.811  -5.265 11.057981
158682  -26.140  -98.580  -5.768 11.009142
158683  -26.591  -98.015  -5.377 10.976293
158684  -26.867  -97.464  -5.159 10.920305
158685  -27.148  -96.770  -5.222 10.842576
158686  -23.139  -98.389  0.243 10.703762
158687  -23.565  -98.342  -0.108 10.744375
158688  -23.816  -98.375  -0.530 10.776104
158689  -23.735  -97.064  -0.293 10.839961
158690  -23.852  -97.754  -0.653 10.808115
158691  -23.675  -98.441  -1.155 10.797025
158692  -23.552  -98.359  -1.881 10.806010
158693  -23.563  -98.020  -2.498 10.803324
158694  -23.779  -97.783  -2.837 10.790571
158695  -23.795  -94.165  -0.050 10.203963
158696  -24.244  -94.841  -0.477 10.250848
158697  -24.424  -95.471  -1.035 10.317075
158698  -24.610  -94.335  -1.198 9.849785
158699  -24.555  -95.305  -1.411 10.150650
158700  -24.440  -96.245  -1.601 10.405663
158701  -24.388  -96.836  -2.166 10.515121
158702  -24.237  -97.125  -2.652 10.639820
158703  -24.085  -97.571  -2.987 10.770436
158704  -24.722  -97.217  -2.995 10.746569
158705  -25.450  -96.906  -3.014 10.723259
158706  -26.177  -96.693  -3.129 10.704597
158707  -26.120  -95.431  -2.662 10.261911
158708  -26.457  -95.954  -3.103 10.494323
158709  -26.699  -96.506  -3.542 10.694532
158710  -27.045  -96.351  -4.111 10.696309
158711  -27.159  -96.257  -4.711 10.712210
158712  -27.144  -96.233  -5.297 10.743536
158713  -27.167  -95.690  -5.413 10.622924
158714  -27.225  -95.124  -5.539 10.480672
158715  -27.289  -94.450  -5.614 10.317147
158716  -27.425  -93.927  -4.513 9.844818
158717  -27.453  -93.852  -5.112 9.974271
158718  -27.541  -93.657  -5.657 10.133858
158719  -28.016  -92.886  -5.721 9.933382
158720  -28.572  -92.074  -5.836 9.719614
161661  -37.544  -87.945  -2.473 9.713252
161662  -37.855  -88.116  -2.792 10.167821
161663  -38.216  -88.279  -3.135 10.605509
161664  -38.642  -88.427  -3.527 10.998814
161667  -40.257  -87.684  -1.478 9.774707
161668  -40.841  -86.843  -1.787 10.002976
161669  -40.385  -87.492  -1.866 10.132889
161670  -39.818  -87.945  -1.942 10.217727
161671  -39.482  -88.086  -2.487 10.633435
161672  -39.208  -88.290  -3.203 11.005951
161673  -39.034  -88.544  -3.874 11.319931
161674  -39.388  -88.550  -4.214 11.543807
161675  -39.717  -88.430  -4.552 11.651329
161676  -40.015  -88.170  -4.904 11.632374
161677  -40.609  -87.162  -4.191 11.346053
161678  -40.478  -87.579  -4.664 11.460315
161679  -40.244  -87.881  -5.243 11.486221
161680  -40.424  -87.590  -5.592 11.221256
161681  -40.621  -87.276  -6.007 10.852777
161682  -40.898  -87.024  -6.416 10.400078
161691  -42.010  -83.863  -2.586 9.722793
161700  -41.902  -84.104  -2.991 9.984390
161701  -41.785  -84.327  -3.429 10.179058
161702  -41.632  -84.658  -3.897 10.298065
161703  -41.534  -85.003  -4.406 10.339040
161705  -41.858  -84.620  -4.830 9.928432
161706  -41.466  -85.337  -4.946 10.306337
161707  -41.422  -85.801  -5.633 10.209859
161708  -41.372  -86.263  -6.174 10.063721
161709  -41.216  -86.746  -6.816 9.884061
