#!ascii label  , from subject fsaverage vox2ras=TkReg coords=white
989
145  39.756  -27.958  12.470 20.587214
314  38.025  -12.470  22.042 14.219990
315  32.739  -25.047  14.654 15.618705
316  35.662  -23.562  21.948 15.526182
590  44.765  -20.732  7.806 14.326714
592  37.068  -33.470  20.147 16.567814
795  36.910  -18.052  22.519 15.130138
1307  34.620  -28.184  14.152 20.133568
1308  36.882  -26.856  9.472 16.158842
1309  42.136  -24.077  10.212 17.243597
1720  34.629  -19.772  18.946 14.882301
1721  33.124  -24.906  19.024 17.041122
1722  33.767  -29.381  18.312 20.752405
2411  35.501  -28.958  22.059 17.022617
2412  37.393  -31.996  15.349 20.784964
2414  41.272  -33.851  13.172 16.241852
2415  43.961  -28.942  8.463 15.344984
3227  36.908  -28.330  13.627 21.468744
3228  38.320  -26.825  11.549 19.789721
3229  40.861  -25.973  11.571 19.159264
3230  44.601  -24.113  10.076 15.448645
3231  43.435  -26.008  10.289 16.887186
3826  36.084  -16.144  21.018 14.800375
3827  36.207  -20.723  22.357 15.087176
3828  34.596  -21.506  20.955 15.842035
3829  34.069  -24.269  20.759 16.651718
3830  33.038  -27.285  18.960 18.823456
3831  33.784  -26.937  20.671 18.055546
5365  41.196  -24.150  7.717 15.456633
5382  35.996  -31.451  21.277 17.120495
5383  35.361  -31.569  19.249 20.006042
5384  36.843  -33.220  17.679 19.340710
5391  42.400  -31.602  10.590 16.101906
6039  37.490  -15.264  22.495 15.140016
6040  39.433  -14.640  23.228 14.323936
6961  33.144  -27.079  14.415 17.792805
6962  33.673  -26.688  12.140 16.125811
6963  35.551  -27.482  11.818 18.392538
6964  39.874  -25.211  9.460 17.549562
6965  43.366  -22.274  8.986 15.472166
6967  45.625  -22.235  9.397 14.171287
7854  33.426  -22.685  16.802 15.107979
7855  35.368  -18.916  20.941 15.457186
7856  33.644  -22.286  18.949 15.856565
7857  32.776  -25.153  16.897 16.694296
7858  32.863  -27.364  16.737 18.724779
7859  34.002  -28.898  16.344 20.963362
7860  35.958  -29.658  15.313 22.107695
9789  35.406  -26.397  22.173 16.357754
9790  34.250  -29.385  20.425 19.475754
9791  35.446  -30.900  17.166 21.622854
9792  38.591  -30.069  13.376 21.152588
9795  38.773  -35.120  19.175 15.191916
9797  40.678  -35.487  15.916 15.296584
9798  38.696  -34.479  16.386 17.679041
9799  39.354  -32.966  13.765 18.759106
9800  40.588  -30.734  11.382 18.759371
9801  42.185  -28.172  10.226 18.070305
9802  45.316  -26.251  7.646 14.322757
10907  38.272  -28.127  13.152 21.314407
10908  38.850  -27.218  12.444 20.638428
10909  40.326  -26.988  12.042 19.967396
10910  42.215  -25.946  11.140 18.143839
10911  41.686  -26.928  11.371 18.864899
11506  36.959  -14.179  21.747 14.627637
11507  35.925  -22.076  22.177 15.237008
11508  35.082  -22.458  21.630 15.789823
11509  34.839  -23.899  21.425 16.181063
11510  33.907  -25.682  20.710 17.297655
11511  34.545  -25.414  21.381 16.714571
13042  32.981  -23.787  14.550 14.622639
13044  32.831  -24.854  13.480 14.819077
13045  43.150  -22.173  7.622 14.906263
13046  41.892  -23.727  6.819 14.638604
13047  43.822  -21.547  6.846 14.348196
13060  37.072  -32.268  21.659 15.044950
13061  36.707  -31.096  22.104 15.233392
13062  36.476  -32.510  20.747 16.933590
13063  36.140  -32.636  19.599 18.539364
13064  36.826  -33.486  18.947 18.125307
13905  39.729  -13.307  22.911 14.364534
15442  33.692  -27.734  14.363 18.988791
15443  34.036  -27.522  13.248 18.222670
15444  35.029  -27.792  12.996 19.358112
15445  40.316  -25.310  10.735 18.715748
15446  39.139  -25.949  10.423 18.695660
15447  41.068  -24.366  9.829 17.631834
15448  41.754  -23.558  9.077 16.588312
15449  42.750  -23.136  9.551 16.302078
15450  44.394  -22.176  9.414 14.940652
15451  43.828  -23.080  9.915 15.652775
15452  45.772  -24.218  9.143 14.334129
17237  35.088  -18.408  19.057 14.235744
17239  34.531  -20.061  17.872 14.252142
17240  33.983  -21.458  16.679 14.315308
17241  33.980  -21.301  17.880 14.956427
17242  37.249  -16.694  22.548 15.191068
17243  36.455  -17.039  21.858 15.331108
17244  36.070  -18.474  21.820 15.405910
17245  33.719  -23.281  19.995 16.366158
17246  34.049  -21.922  20.031 15.943544
17247  33.327  -23.570  19.012 16.383772
17248  33.096  -23.857  17.980 16.218781
17249  32.895  -25.098  17.977 16.959457
17250  32.702  -26.304  16.892 17.641966
17251  32.826  -26.301  17.998 17.848616
17252  33.251  -28.423  18.680 19.837690
17253  33.226  -28.370  17.680 19.977882
17254  33.834  -29.174  17.347 20.988701
17255  34.915  -29.364  15.893 21.769503
17256  34.643  -29.826  16.868 21.718826
21855  35.007  -27.018  10.788 16.228251
21856  34.010  -26.486  10.987 15.097740
21857  35.585  -26.791  9.657 15.120155
21903  36.353  -28.563  22.706 15.351553
21905  36.355  -27.228  22.844 15.288095
21906  36.429  -25.973  22.623 15.134467
21907  35.409  -27.636  22.242 16.747540
21908  34.599  -27.942  21.518 17.927244
21909  34.794  -29.237  21.248 18.403408
21910  36.154  -32.034  17.358 20.758793
21911  35.339  -31.327  18.112 20.963743
21912  36.409  -31.483  16.331 21.403162
21913  36.844  -30.733  15.283 21.775085
21914  37.954  -31.089  14.210 21.088501
21922  39.753  -35.750  18.923 14.195444
21926  42.332  -34.209  13.095 14.925940
21927  42.019  -35.150  14.422 14.593108
21928  40.899  -34.771  14.489 15.928806
21929  39.699  -35.044  16.039 16.554119
21930  39.945  -34.332  14.690 17.209436
21931  38.943  -33.837  15.027 18.383211
21932  40.314  -33.441  13.332 17.532295
21933  43.133  -30.340  9.414 15.773412
21934  41.469  -31.170  10.766 17.413660
21935  42.211  -29.890  9.780 17.095659
21936  41.397  -29.449  10.627 18.485806
21937  43.087  -28.521  9.085 16.665321
21938  43.787  -27.224  8.817 16.149157
21939  44.661  -27.543  7.882 14.852907
24241  35.679  -28.364  13.937 21.031326
24242  36.272  -27.820  12.795 20.266243
24243  37.523  -27.599  12.644 20.739368
24244  39.530  -26.281  11.664 19.748236
24245  41.466  -25.017  10.990 18.224302
24246  43.273  -24.023  10.429 16.468206
24247  42.743  -24.988  10.828 17.322767
24248  44.115  -25.076  10.176 16.176374
24249  45.072  -25.126  9.106 14.951400
25319  35.666  -16.555  20.168 14.213677
25320  35.307  -18.043  20.007 14.852638
25321  36.515  -19.405  22.448 15.067712
25322  35.630  -19.798  21.798 15.449037
25323  35.329  -21.115  21.749 15.555267
25324  34.323  -22.865  20.858 16.167255
25325  33.507  -24.637  19.939 16.938616
25326  33.013  -26.120  19.019 17.861559
25327  33.377  -25.899  19.923 17.678734
25328  33.335  -27.175  19.856 18.550327
25329  33.480  -28.339  19.646 19.456339
28089  39.172  -25.916  8.325 15.895027
28090  37.656  -26.542  8.390 15.047415
28091  39.861  -25.594  7.359 14.881762
28119  36.433  -29.896  22.449 15.330481
28120  35.669  -30.289  21.710 17.148878
28121  35.119  -30.466  20.927 18.680328
28122  35.531  -31.628  20.350 18.725882
28123  36.071  -32.445  18.415 19.813696
28124  37.053  -32.693  16.456 20.215780
28134  42.797  -33.133  11.841 14.999743
28135  41.799  -32.739  11.809 16.278982
28136  43.454  -31.953  10.587 14.861374
28137  44.123  -30.714  9.432 14.566950
28138  44.909  -29.381  8.385 14.169988
29450  38.924  -12.242  22.341 14.335648
29451  37.743  -13.806  22.321 14.853899
29452  38.676  -13.555  22.695 14.769873
29453  38.480  -14.896  22.947 14.880932
29454  38.188  -16.306  23.096 14.792758
29457  37.903  -17.640  23.039 14.628805
29458  37.492  -19.085  22.919 14.489766
29459  37.143  -20.461  22.729 14.441669
29460  36.813  -21.931  22.470 14.511043
31603  32.789  -26.132  14.599 16.660881
31604  32.911  -25.972  13.445 15.901845
31605  33.337  -26.848  13.294 17.038927
31606  34.452  -27.243  12.078 17.284773
31607  36.224  -27.187  10.597 17.300220
31608  36.950  -27.309  11.609 19.291822
31609  37.706  -26.747  10.454 18.180304
31610  38.467  -26.278  9.354 17.018797
31611  40.554  -24.654  8.564 16.444216
31612  42.429  -22.846  8.365 15.662169
31613  44.181  -21.429  8.450 14.804477
31615  44.989  -21.358  8.938 14.377893
31618  45.086  -23.187  9.735 14.762247
31634  37.561  -33.306  21.150 14.720553
33935  33.434  -22.677  15.635 14.443146
33936  32.973  -23.910  15.730 15.337871
33937  36.692  -15.711  21.826 15.110618
33938  35.773  -17.560  20.945 15.217704
33939  34.890  -19.399  20.002 15.283328
33940  34.957  -20.198  20.949 15.631409
33941  34.444  -20.637  19.998 15.611969
33942  34.121  -21.027  18.956 15.387969
33943  33.499  -22.566  17.893 15.578758
33944  32.994  -23.949  16.856 15.870431
33945  32.732  -25.148  15.749 16.246580
33946  32.712  -26.273  15.715 17.244509
33947  32.949  -27.200  15.611 18.359753
33948  33.518  -28.009  15.458 19.547861
33949  32.869  -27.400  17.890 18.880617
33950  33.339  -28.231  16.582 19.880373
33951  34.289  -28.558  15.256 20.676046
33952  35.236  -28.878  14.958 21.539616
33953  36.421  -29.009  14.452 21.930706
33954  37.778  -28.939  13.767 21.734554
39541  33.096  -25.818  12.260 14.989683
39594  36.580  -23.396  22.260 14.684712
39602  36.538  -24.742  22.342 14.914585
39603  35.500  -25.079  21.991 15.922539
39604  34.519  -26.682  21.526 17.329027
39605  33.918  -28.183  20.641 18.824934
39606  33.913  -29.476  19.352 20.252138
39607  34.727  -30.536  19.896 19.891058
39608  34.551  -30.471  18.903 20.787924
39609  34.535  -30.266  17.883 21.392197
39610  35.646  -30.353  16.256 22.002796
39611  37.278  -29.884  14.481 21.886595
39612  39.180  -29.003  12.899 20.985395
39620  38.254  -34.259  20.696 14.208499
39621  37.884  -34.368  19.540 15.991972
39627  40.660  -36.047  17.353 14.335063
39628  39.586  -35.544  17.473 15.542156
39629  38.670  -34.967  17.712 16.611635
39630  37.667  -34.246  18.257 17.481909
39631  37.697  -33.891  17.005 18.619461
39632  38.011  -33.278  15.652 19.402693
39633  38.455  -32.489  14.384 19.869507
39634  40.793  -32.373  12.017 17.578402
39635  39.918  -31.906  12.462 18.864985
39636  38.963  -31.501  13.254 20.071615
39637  39.704  -30.328  12.299 20.052532
39638  40.498  -29.120  11.743 19.837620
39639  41.239  -27.945  11.412 19.438005
39640  42.908  -27.032  10.191 17.530323
39641  44.467  -26.115  8.902 15.568824
41627  38.983  -28.044  12.852 21.015326
41628  39.260  -27.583  12.605 20.720179
41629  40.048  -27.478  12.263 20.303627
41630  41.037  -26.933  11.737 19.458063
41631  40.755  -27.434  11.887 19.779028
42225  37.091  -13.405  21.663 14.255942
42226  37.493  -13.273  21.951 14.460069
42227  35.799  -22.812  22.061 15.365239
42228  35.374  -22.984  21.819 15.687580
42229  35.247  -23.728  21.711 15.876771
42230  34.725  -24.633  21.400 16.432787
42231  35.095  -24.480  21.673 16.098293
43762  32.822  -24.444  14.599 15.119589
43763  32.852  -24.343  14.003 14.721388
43764  32.756  -24.936  14.079 15.239468
43765  43.986  -21.377  7.682 14.615222
43766  43.483  -21.835  7.228 14.601697
43767  44.326  -21.029  7.334 14.380609
43768  44.679  -20.654  7.009 14.196977
43769  45.099  -20.332  7.521 14.162244
43780  36.998  -32.916  20.985 15.869418
43781  36.737  -32.431  21.197 16.019302
43782  36.752  -33.014  20.435 16.775047
43783  36.563  -33.079  19.893 17.608231
43784  36.894  -33.500  19.560 17.387476
46162  34.120  -27.997  14.256 19.578371
46163  34.293  -27.821  13.680 19.217686
46164  34.791  -27.975  13.564 19.772766
46165  41.237  -24.644  10.452 18.012085
46166  40.722  -24.792  10.264 18.174356
46167  41.593  -24.179  10.030 17.493486
46168  41.907  -23.735  9.666 16.984915
46169  42.467  -23.567  9.860 16.762976
46170  43.280  -23.056  9.750 16.015930
46171  42.997  -23.535  10.056 16.446455
47957  34.867  -19.104  18.991 14.582962
47958  34.806  -19.239  18.484 14.240541
47959  34.556  -19.928  18.396 14.595911
47960  34.269  -20.699  17.837 14.620859
47961  34.290  -20.554  18.398 14.910964
47962  37.078  -17.379  22.535 15.167177
47963  36.674  -17.529  22.227 15.303215
47964  36.462  -18.292  22.200 15.296103
47965  33.383  -24.113  19.515 16.684961
47966  33.518  -23.421  19.524 16.397717
47967  33.216  -24.236  19.024 16.693050
47968  33.070  -24.381  18.506 16.655571
47969  32.984  -25.018  18.492 17.023285
47970  32.837  -25.721  17.990 17.384300
47971  32.930  -25.638  18.528 17.431065
47972  33.465  -28.932  18.504 20.318563
47973  33.469  -28.874  18.049 20.443583
47974  33.784  -29.284  17.827 20.903219
47975  34.233  -29.514  17.089 21.400829
47976  34.140  -29.674  17.597 21.292488
52575  35.882  -27.015  10.120 16.217283
52576  35.284  -26.913  10.207 15.676278
52577  36.188  -26.873  9.578 15.653439
52623  35.906  -28.777  22.404 16.220379
52624  36.338  -27.853  22.814 15.331182
52625  35.880  -28.119  22.532 16.150522
52626  35.870  -27.444  22.562 16.051430
52627  35.435  -28.307  22.200 16.902414
52628  35.033  -28.467  21.813 17.581812
52629  35.111  -29.108  21.682 17.751389
52630  36.743  -32.057  16.351 20.867210
52631  36.270  -31.755  16.812 21.116512
52632  36.908  -31.720  15.806 21.138102
52633  37.129  -31.339  15.272 21.342079
52634  37.647  -31.558  14.767 20.967875
52646  41.774  -34.058  13.142 15.584959
52647  41.569  -34.543  13.803 15.461231
52648  41.068  -34.341  13.826 16.123156
52649  40.432  -34.547  14.550 16.579370
52650  40.608  -34.113  13.893 16.774384
52651  40.108  -33.896  14.011 17.409420
52652  40.803  -33.630  13.215 16.892431
52653  43.531  -29.647  8.921 15.569155
52654  42.663  -30.110  9.522 16.421837
52655  43.072  -29.422  9.086 16.216408
52656  42.607  -29.220  9.407 16.892633
52657  43.492  -28.722  8.696 15.989466
52658  43.885  -28.017  8.436 15.744536
52659  44.318  -28.250  8.137 15.105171
55762  36.270  -28.383  13.795 21.318888
55763  36.553  -28.108  13.240 20.974468
55764  37.208  -27.974  13.151 21.135237
55765  39.851  -26.591  11.976 19.964390
55766  39.184  -26.754  12.060 20.216225
55767  40.161  -26.077  11.646 19.517086
55768  40.524  -25.573  11.255 19.035360
55769  41.175  -25.452  11.260 18.702835
55770  42.066  -24.979  10.968 17.815142
55771  41.796  -25.456  11.216 18.264454
55772  42.837  -25.972  10.774 17.533682
55773  43.130  -25.505  10.660 17.158646
55774  43.728  -25.545  10.239 16.537397
55775  44.573  -25.115  9.721 15.564513
55776  44.261  -25.591  9.735 15.899303
57557  36.232  -15.380  21.076 14.491233
57558  35.955  -15.584  20.657 14.174758
57559  35.836  -16.352  20.610 14.541364
57560  35.504  -17.320  20.074 14.565321
57561  35.695  -17.111  20.530 14.834820
57562  36.353  -20.070  22.410 15.063313
57563  35.900  -20.273  22.119 15.299742
57564  35.753  -20.909  22.071 15.343644
57565  34.573  -23.338  21.210 16.199318
57566  34.697  -22.635  21.302 16.000639
57567  34.203  -23.508  20.829 16.388397
57568  33.879  -23.746  20.392 16.532394
57569  33.782  -24.431  20.368 16.818197
57570  33.438  -25.274  19.931 17.288574
57571  33.687  -25.123  20.343 17.146254
57572  33.811  -26.336  20.669 17.667820
57573  33.556  -26.440  20.306 17.911680
57574  33.523  -27.085  20.269 18.331123
57575  33.379  -27.776  19.762 19.007294
57576  33.512  -27.736  20.213 18.757126
62175  40.214  -25.117  7.955 15.694593
62176  39.528  -25.720  7.857 15.370943
62177  40.562  -24.932  7.496 15.210565
62178  42.203  -23.555  6.389 14.301826
62179  41.200  -24.591  6.621 14.371332
62223  36.329  -31.307  21.707 16.207140
62224  36.537  -30.546  22.258 15.291596
62225  36.146  -30.752  21.883 16.253567
62226  36.010  -30.154  22.049 16.271236
62227  35.799  -30.909  21.485 17.153936
62228  35.529  -30.988  21.114 17.982376
62229  35.741  -31.542  20.834 17.962402
62230  36.430  -32.993  18.665 19.028383
62231  36.086  -32.552  19.010 19.218758
62232  36.441  -32.837  18.076 19.610203
62233  36.480  -32.664  17.490 20.107988
62234  36.915  -32.999  17.103 19.819101
62249  43.379  -33.286  11.868 14.372886
62250  43.693  -32.690  11.257 14.344472
62251  43.096  -32.563  11.227 14.953620
62252  44.017  -32.093  10.660 14.270268
62256  44.513  -30.068  8.903 14.378314
64754  39.436  -12.146  22.422 14.271056
64755  38.818  -12.869  22.518 14.600113
64756  39.305  -12.760  22.629 14.485037
64757  39.582  -13.980  23.080 14.371374
64758  39.091  -14.075  22.979 14.654367
64759  38.949  -14.757  23.115 14.640134
64760  38.355  -15.555  23.085 14.853698
64761  38.806  -15.433  23.220 14.581714
64768  38.525  -16.824  23.240 14.394612
64769  38.364  -17.511  23.211 14.293252
64770  37.661  -18.392  22.981 14.551136
64771  38.161  -18.240  23.168 14.201628
64775  36.980  -21.194  22.605 14.461563
69367  32.932  -26.636  14.507 17.215330
69368  32.972  -26.548  13.965 16.860056
69369  33.253  -26.988  13.838 17.437866
69370  34.667  -27.565  12.580 18.348951
69371  34.216  -27.369  12.674 17.772301
69372  34.973  -27.433  11.950 17.853249
69373  35.278  -27.287  11.319 17.326735
69374  35.907  -27.328  11.196 17.857601
69375  37.248  -27.406  12.150 20.108221
69376  36.608  -27.563  12.204 19.801170
69377  37.654  -27.073  11.549 19.601967
69378  39.539  -25.544  9.922 18.123068
69379  38.429  -26.359  10.405 18.493744
69380  38.832  -26.049  9.883 17.914633
69381  38.114  -26.506  9.891 17.600161
69382  39.198  -25.776  9.374 17.334530
69383  39.567  -25.568  8.852 16.764565
69384  40.223  -24.906  8.991 16.986488
69385  42.577  -22.888  9.025 16.037502
69386  42.084  -23.213  8.713 16.106596
69387  42.928  -22.467  8.709 15.614867
69388  43.275  -22.105  8.387 15.234352
69389  43.726  -21.878  8.693 15.115763
69390  44.567  -21.365  8.719 14.626832
69391  44.198  -21.758  8.941 14.913342
69392  44.940  -22.215  9.499 14.578427
69393  45.230  -21.771  9.291 14.304479
69397  43.941  -24.052  10.321 15.979277
69398  44.192  -23.602  10.107 15.595287
69399  44.855  -23.657  9.939 15.096640
74762  33.707  -22.039  16.730 14.721694
74763  33.721  -22.092  16.185 14.371322
74764  33.422  -22.737  16.235 14.799722
74765  33.178  -23.296  15.679 14.894547
74766  33.139  -23.368  16.284 15.214180
74767  37.584  -14.544  22.417 15.033956
74768  37.171  -14.760  22.123 15.008308
74769  37.078  -15.487  22.179 15.160766
74770  35.908  -17.973  21.415 15.395688
74771  36.088  -17.293  21.434 15.305900
74772  35.609  -18.193  20.971 15.352560
74773  35.328  -18.479  20.481 15.249908
74774  35.121  -19.138  20.493 15.398475
74775  35.101  -20.644  21.395 15.631824
74776  35.291  -19.988  21.401 15.565214
74777  34.777  -20.836  20.980 15.726583
74778  33.823  -22.114  19.494 15.923765
74779  34.226  -21.275  19.982 15.771304
74780  34.011  -21.463  19.448 15.720531
74781  34.256  -20.823  19.506 15.525735
74782  33.872  -21.652  18.941 15.620556
74783  33.784  -21.813  18.401 15.470921
74784  33.552  -22.437  18.433 15.741725
74785  32.912  -24.538  17.436 16.443981
74786  33.040  -23.938  17.433 16.067638
74787  32.858  -24.572  16.852 16.269821
74788  32.835  -24.555  16.294 16.050161
74789  32.746  -25.166  16.309 16.493170
74790  32.684  -25.743  15.742 16.731262
74791  32.691  -25.747  16.337 16.963869
74792  32.731  -26.824  16.811 18.168447
74793  32.769  -26.783  16.241 18.002893
74794  32.892  -27.273  16.163 18.568047
74795  33.206  -27.635  15.527 18.950878
74796  33.100  -27.754  16.084 19.153109
74797  33.002  -26.708  18.996 18.328766
74798  32.874  -26.775  18.484 18.364746
74799  32.944  -27.336  18.459 18.878838
74800  33.545  -28.692  17.064 20.505737
74801  33.268  -28.297  17.163 19.958725
74802  33.639  -28.589  16.505 20.443003
74803  33.753  -28.479  15.921 20.317877
74804  34.125  -28.750  15.801 20.852324
74805  34.717  -28.753  15.128 21.155006
74806  34.562  -28.972  15.656 21.318787
74807  35.468  -29.524  15.589 22.005964
74808  35.634  -29.234  15.169 21.941120
74809  36.208  -29.329  14.869 22.054951
74810  37.115  -28.973  14.113 21.907459
74811  36.843  -29.358  14.531 22.022249
88605  33.218  -26.352  12.799 16.025234
88606  33.006  -25.882  12.858 15.462950
88607  33.315  -26.278  12.239 15.553784
88608  34.217  -26.388  10.467 14.558325
88609  33.664  -26.097  11.116 14.530519
88613  38.006  -26.436  7.855 14.524228
88614  36.882  -26.624  8.489 14.552830
88739  37.156  -23.224  22.281 14.193072
88758  35.913  -26.199  22.449 15.777381
88759  36.483  -25.359  22.472 15.029850
88760  35.944  -25.585  22.304 15.614563
88761  36.019  -24.916  22.203 15.445865
88762  35.444  -25.751  22.074 16.140491
88763  34.954  -25.928  21.797 16.607735
88764  34.936  -26.535  21.861 16.874720
88765  34.358  -28.688  20.999 18.716339
88766  34.236  -28.070  21.090 18.410488
88767  34.044  -28.794  20.536 19.173330
88768  33.800  -28.872  20.050 19.559662
88769  34.018  -29.450  19.906 19.899658
88770  35.175  -31.060  20.157 19.400948
88771  34.901  -30.528  20.424 19.326006
88772  35.028  -31.063  19.599 19.987719
88773  35.407  -31.131  17.599 21.329103
88774  34.949  -30.922  18.517 20.924015
88775  34.941  -30.771  18.062 21.279560
88776  34.514  -30.387  18.383 21.125374
88777  34.970  -30.602  17.573 21.563667
88778  35.041  -30.410  17.068 21.778126
88779  35.527  -30.665  16.708 21.847048
88780  37.707  -30.442  14.284 21.559877
88781  37.060  -30.318  14.848 21.863304
88782  37.945  -29.987  13.930 21.575985
88783  38.183  -29.479  13.664 21.530069
88784  38.879  -29.535  13.105 21.097809
88803  38.906  -35.111  19.834 14.368539
88805  38.450  -34.727  20.009 14.776535
88806  38.047  -34.322  20.147 15.130952
88807  38.320  -34.761  19.359 15.619397
88819  41.324  -35.364  15.144 14.990903
88820  41.922  -35.547  15.133 14.320345
88821  41.255  -35.680  15.832 14.639131
88822  41.220  -35.974  16.575 14.209887
88823  40.646  -35.769  16.600 14.856030
88824  40.109  -35.797  17.355 14.950815
88825  40.093  -35.554  16.689 15.486939
88826  39.214  -34.758  16.177 17.136900
88827  39.178  -35.044  16.831 16.663311
88828  38.654  -34.736  17.050 17.191345
88829  38.150  -34.624  17.973 17.074192
88830  38.136  -34.404  17.325 17.670347
88831  37.657  -34.078  17.637 18.096035
88832  38.186  -34.181  16.657 18.174725
88833  39.156  -33.427  14.378 18.608831
88834  38.489  -33.569  15.278 18.915291
88835  38.685  -33.161  14.670 19.161158
88836  38.225  -32.899  15.020 19.672455
88837  38.916  -32.734  14.044 19.333088
88838  42.089  -32.187  11.194 16.213093
88839  41.303  -32.577  11.871 16.927647
88840  41.597  -32.005  11.273 16.861410
88841  41.004  -30.955  11.050 18.086384
88842  40.677  -31.546  11.599 18.179169
88843  40.232  -31.334  11.882 18.835443
88844  39.449  -31.703  12.826 19.484171
88845  39.778  -31.134  12.287 19.476435
88846  39.325  -30.931  12.725 20.087729
88847  40.154  -30.528  11.817 19.420176
88848  41.814  -28.795  10.340 18.294634
88849  40.975  -29.268  11.164 19.175591
88850  41.377  -28.645  10.983 18.991817
88851  40.888  -28.515  11.563 19.660360
88852  41.732  -28.027  10.869 18.768963
88853  42.078  -27.483  10.817 18.508995
88854  42.559  -27.593  10.201 17.814796
88855  44.553  -26.701  8.187 15.212331
88856  44.143  -26.637  8.814 15.865553
88857  44.902  -26.159  8.220 14.930526
88858  45.245  -25.630  8.267 14.642528
93361  37.600  -28.223  13.393 21.468115
93362  37.880  -27.830  13.004 21.147133
93363  38.554  -27.695  12.823 21.006577
93364  39.572  -27.097  12.285 20.367966
93365  40.581  -26.461  11.838 19.583668
93366  41.546  -25.939  11.405 18.693897
93367  41.309  -26.413  11.596 19.094252
93368  41.946  -26.428  11.258 18.520376
93369  42.559  -26.442  10.837 17.887360
94439  36.650  -14.397  21.415 14.401044
94440  36.498  -15.176  21.438 14.736163
94441  36.035  -21.363  22.263 15.144260
94442  35.609  -21.579  21.996 15.420843
94443  35.484  -22.280  21.911 15.535091
94444  34.960  -23.166  21.511 15.965655
94445  34.435  -24.093  21.082 16.439388
94446  33.972  -25.003  20.728 16.956354
94447  34.358  -24.806  21.080 16.718643
94448  34.229  -25.525  21.055 17.031704
94449  34.119  -26.198  21.041 17.370064
97206  33.043  -23.693  14.021 14.198874
97207  32.927  -24.252  13.481 14.281915
97208  32.903  -24.783  12.939 14.360413
97209  42.236  -23.073  7.625 15.190284
97210  41.568  -23.919  7.287 15.024253
97211  42.554  -22.851  7.203 14.818766
97212  42.883  -22.628  6.754 14.496953
97213  43.222  -22.364  6.366 14.225897
97237  37.140  -30.811  22.402 14.213537
97238  36.878  -31.713  21.874 15.152856
97239  36.535  -31.840  21.492 16.130236
97240  36.229  -31.978  21.052 17.047722
97241  35.983  -32.067  20.551 17.893866
97242  36.255  -32.595  20.251 17.776270
97243  36.468  -33.077  19.272 18.360752
97244  36.821  -33.390  18.277 18.776766
98757  39.863  -12.657  22.715 14.287029
101524  33.366  -27.416  14.437 18.387804
101525  33.530  -27.328  13.829 18.031132
101526  33.868  -27.604  13.800 18.629820
101527  34.501  -27.677  13.121 18.805988
101528  35.203  -27.662  12.464 18.895586
101529  39.368  -26.049  11.086 19.318525
101530  38.735  -26.375  10.987 19.255060
101531  39.771  -25.570  10.572 18.771723
101532  40.168  -25.103  10.055 18.211876
101533  40.531  -24.674  9.604 17.650860
101534  40.847  -24.357  9.197 17.100349
101535  41.402  -23.971  9.436 17.099714
101536  42.221  -23.327  9.333 16.496645
101537  43.017  -22.699  9.312 15.869421
101538  43.870  -22.184  9.229 15.243281
101539  43.507  -22.598  9.515 15.612568
101540  44.080  -22.637  9.649 15.280427
101541  44.679  -22.685  9.682 14.888318
101542  45.206  -24.201  9.700 14.894778
101543  45.490  -23.717  9.586 14.572779
104761  34.262  -20.800  17.265 14.275948
104762  33.980  -21.388  17.282 14.662082
104763  33.711  -21.989  17.316 15.021731
104764  37.413  -15.974  22.549 15.187155
104765  36.981  -16.154  22.223 15.250607
104766  36.844  -16.826  22.236 15.292935
104767  36.271  -17.749  21.825 15.379278
104768  35.699  -18.683  21.385 15.459612
104769  34.144  -22.370  20.510 16.085562
104770  34.308  -21.720  20.514 15.916203
104771  33.886  -22.591  20.030 16.138975
104772  33.661  -22.770  19.526 16.146391
104773  33.467  -22.933  19.011 16.107653
104774  33.359  -23.089  18.483 16.022533
104775  33.195  -23.743  18.506 16.324207
104776  32.983  -24.469  17.979 16.572588
104777  32.823  -25.127  17.443 16.849779
104778  32.723  -25.733  16.919 17.150503
104779  32.764  -25.759  17.459 17.290714
104780  32.758  -26.319  17.436 17.769419
104781  32.785  -26.860  17.375 18.284260
104782  33.126  -27.873  18.845 19.332319
104783  33.069  -27.881  18.344 19.408886
104784  33.245  -28.399  18.187 19.937597
104785  33.501  -28.795  17.549 20.505957
104786  33.838  -29.064  16.889 21.008778
104787  34.434  -29.158  16.139 21.414381
104788  34.328  -29.358  16.594 21.441565
104789  34.784  -29.609  16.355 21.778881
104790  35.259  -29.812  16.099 21.999790
113067  34.236  -26.903  11.457 16.195820
113068  33.824  -26.586  11.537 15.622810
113069  34.482  -26.790  10.877 15.665007
113070  34.706  -26.691  10.329 15.120568
113071  35.010  -26.613  9.749 14.570788
113153  36.842  -28.309  22.983 14.426464
113155  36.904  -27.582  23.032 14.452934
113156  36.915  -26.973  22.996 14.464138
113157  36.944  -26.363  22.896 14.457473
113158  37.000  -25.740  22.748 14.431582
113159  36.378  -26.602  22.764 15.221903
113160  35.885  -26.793  22.524 15.925320
113161  35.397  -27.023  22.253 16.563362
113162  34.934  -27.199  21.926 17.133942
113163  34.975  -27.836  21.898 17.373215
113164  34.687  -28.576  21.422 18.186476
113165  34.510  -29.321  20.830 18.977831
113166  35.662  -31.926  18.310 20.466366
113167  35.277  -31.486  18.699 20.523865
113168  35.720  -31.683  17.759 20.907248
113169  35.826  -31.456  17.227 21.273285
113170  35.939  -31.189  16.725 21.567862
113171  36.063  -30.919  16.278 21.793621
113172  36.583  -31.143  15.803 21.621971
113173  37.430  -30.901  14.740 21.482092
113174  38.278  -30.589  13.746 21.149557
113188  39.250  -35.445  19.019 14.714553
113194  42.919  -34.334  13.089 14.269269
113196  42.153  -34.689  13.747 14.794129
113197  41.403  -34.989  14.487 15.264386
113198  40.777  -35.178  15.196 15.654126
113199  40.174  -35.288  15.965 15.937946
113200  40.299  -34.973  15.214 16.301773
113201  39.783  -34.701  15.391 16.925816
113202  39.306  -34.460  15.518 17.519035
113203  38.812  -34.212  15.715 18.075205
113204  39.448  -34.091  14.827 17.812656
113205  39.626  -33.675  14.168 18.022779
113206  39.850  -33.225  13.483 18.156475
113207  42.728  -31.002  9.987 15.953004
113208  41.952  -31.398  10.621 16.750248
113209  42.275  -30.784  10.058 16.601601
113210  41.826  -30.554  10.239 17.270815
113211  41.408  -30.315  10.538 17.954252
113212  41.018  -30.064  10.934 18.641603
113213  41.800  -29.664  10.159 17.787365
113214  42.200  -29.020  9.849 17.589464
113215  42.648  -28.339  9.604 17.363335
113216  42.988  -27.733  9.480 17.111340
113217  43.452  -27.839  8.888 16.416643
113218  44.232  -27.333  8.265 15.484633
113219  44.986  -26.868  7.721 14.591208
118003  35.125  -28.294  14.071 20.627392
118004  35.360  -28.065  13.470 20.269110
118005  35.963  -28.104  13.363 20.678539
118006  36.882  -27.746  12.719 20.568615
118007  37.885  -27.226  12.131 20.287872
118008  38.200  -27.399  12.548 20.764065
118009  38.548  -26.961  12.104 20.325657
118010  38.934  -26.543  11.608 19.840330
118011  39.902  -25.800  11.216 19.244373
118012  40.864  -25.135  10.879 18.529955
118013  41.794  -24.568  10.613 17.734264
118014  42.668  -24.050  10.380 16.896120
118015  42.366  -24.521  10.691 17.355650
118016  42.984  -24.494  10.664 16.895161
118017  43.713  -24.525  10.487 16.373367
118018  42.470  -25.482  11.005 17.741961
118019  43.452  -25.020  10.565 16.769215
118020  44.345  -24.605  10.148 15.810990
118021  44.914  -24.658  9.695 15.227529
118022  45.438  -24.681  9.123 14.640038
120520  35.377  -17.498  19.613 14.230024
120521  35.183  -18.234  19.538 14.575594
120522  34.971  -18.930  19.491 14.865292
120523  36.740  -18.708  22.492 15.093139
120524  36.271  -18.943  22.168 15.285369
120525  36.079  -19.596  22.141 15.283063
120526  35.478  -20.477  21.787 15.489416
120527  34.925  -21.319  21.363 15.721578
120528  35.194  -21.762  21.694 15.653807
120529  34.812  -21.953  21.345 15.842524
120530  34.453  -22.179  20.915 15.986617
120531  33.994  -23.082  20.426 16.289215
120532  33.574  -23.969  19.962 16.631407
120533  33.289  -24.768  19.503 17.012939
120534  33.053  -25.526  19.030 17.430849
120535  33.216  -25.403  19.489 17.383389
120536  33.166  -26.045  19.482 17.794752
120537  33.128  -26.632  19.469 18.241564
120538  33.619  -25.785  20.336 17.513144
120539  33.330  -26.534  19.900 18.102741
120540  33.160  -27.248  19.416 18.714136
120541  33.236  -27.840  19.318 19.198656
120542  33.345  -28.388  19.164 19.677469
120543  33.556  -28.920  19.004 20.130320
126981  38.058  -26.471  8.842 16.051147
126982  37.312  -26.691  8.900 15.594799
126983  38.456  -26.308  8.327 15.500153
126984  38.793  -26.159  7.835 14.975627
126985  39.123  -26.026  7.337 14.483849
126986  40.884  -24.731  7.068 14.768312
126987  40.174  -25.423  6.936 14.432493
127049  37.036  -30.207  22.566 14.281898
127050  36.956  -29.602  22.722 14.339448
127051  36.889  -28.980  22.871 14.387898
127052  36.386  -29.254  22.582 15.350742
127053  35.950  -29.473  22.258 16.260405
127054  35.577  -29.627  21.898 17.105036
127055  35.238  -29.741  21.519 17.876453
127056  35.362  -30.398  21.343 17.953714
127057  35.322  -31.032  20.703 18.732481
127058  35.444  -31.611  19.805 19.407234
127059  35.822  -32.142  19.975 18.661213
127060  35.754  -32.110  19.395 19.345795
127061  35.695  -32.058  18.861 19.947018
127062  36.059  -32.316  17.906 20.325830
127063  36.612  -32.376  16.879 20.525421
127064  37.225  -32.358  15.873 20.535944
127084  43.129  -33.812  12.458 14.349601
127085  42.566  -33.692  12.439 14.992620
127086  41.981  -33.535  12.492 15.640848
127087  41.506  -33.296  12.456 16.291233
127088  42.272  -32.939  11.822 15.635612
127089  42.603  -32.355  11.166 15.576690
127090  42.910  -31.781  10.560 15.471831
127091  44.394  -31.458  10.015 14.156605
127092  43.778  -31.341  9.975 14.730145
127093  43.202  -31.195  9.980 15.328760
127094  43.597  -30.553  9.421 15.154647
127095  44.006  -29.870  8.877 14.955762
127096  44.365  -29.175  8.378 14.737620
127097  44.742  -28.498  7.990 14.504841
130406  38.405  -12.347  22.227 14.318199
130407  37.892  -13.126  22.199 14.586291
130408  38.327  -12.976  22.387 14.633466
130409  38.210  -13.671  22.531 14.851340
130410  38.024  -14.425  22.658 14.984410
130411  39.225  -13.371  22.820 14.608038
130412  38.552  -14.247  22.839 14.858407
130413  37.980  -15.088  22.735 15.047144
130414  37.859  -15.797  22.804 15.055201
130415  37.698  -16.504  22.836 15.024563
130416  37.538  -17.164  22.831 14.970704
130422  39.279  -15.303  23.325 14.238710
130423  38.644  -16.150  23.249 14.494971
130424  38.035  -17.002  23.071 14.713264
130425  37.402  -17.815  22.822 14.907733
130426  37.194  -18.532  22.770 14.848392
130427  36.974  -19.259  22.702 14.803226
130428  36.858  -19.883  22.666 14.780491
130430  37.339  -19.753  22.846 14.451681
130431  36.676  -20.569  22.565 14.786408
130432  36.505  -21.269  22.458 14.824455
130433  36.374  -21.975  22.362 14.895614
130434  36.229  -22.696  22.232 14.998519
136249  32.720  -25.581  14.674 16.130016
136250  32.744  -25.510  14.082 15.763722
136251  32.818  -26.054  14.032 16.302221
136252  33.088  -26.421  13.366 16.462194
136253  33.510  -26.771  12.703 16.599873
136254  33.652  -27.241  13.261 17.628675
136255  33.834  -27.099  12.712 17.184771
136256  34.046  -27.000  12.092 16.704977
136257  34.682  -27.139  11.440 16.767385
136258  35.574  -27.158  10.705 16.778305
136259  36.564  -26.997  10.032 16.730602
136260  35.635  -27.854  12.878 19.853935
136261  35.944  -27.667  12.298 19.388414
136262  36.222  -27.442  11.702 18.880430
136263  38.036  -26.707  10.972 19.060122
136264  37.311  -27.010  11.021 18.747995
136265  36.570  -27.243  11.102 18.339224
136266  36.955  -27.047  10.531 17.774969
136267  37.319  -26.835  9.959 17.198452
136268  37.662  -26.672  9.404 16.620430
136269  38.797  -26.104  8.828 16.447180
136270  39.878  -25.320  8.408 16.215033
136271  40.860  -24.392  8.136 15.931793
136272  41.192  -24.028  8.788 16.570862
136273  41.497  -23.715  8.408 16.071289
136274  41.831  -23.426  8.018 15.609160
136275  42.859  -22.443  8.018 15.260611
136276  43.678  -21.716  8.033 14.900201
136277  44.475  -21.087  8.123 14.540940
136278  45.170  -20.547  8.189 14.193206
136279  44.899  -20.953  8.455 14.386258
136280  45.337  -20.902  8.700 14.161204
136282  44.694  -21.753  9.193 14.638522
136288  43.563  -23.558  10.149 16.051264
136289  44.428  -23.146  9.903 15.229260
136290  45.320  -22.725  9.582 14.451959
136291  45.746  -23.224  9.441 14.268105
136333  37.295  -32.778  21.432 14.903309
136334  37.299  -33.417  20.673 15.674832
142900  33.195  -23.208  15.077 14.528268
142901  32.974  -23.859  15.138 15.002748
142902  32.821  -24.495  15.197 15.474554
142903  37.330  -14.015  22.049 14.778909
142904  36.783  -14.981  21.807 14.908754
142905  36.355  -15.914  21.432 14.990295
142906  36.594  -16.387  21.844 15.246549
142907  36.239  -16.638  21.423 15.175621
142908  35.932  -16.882  20.965 15.038323
142909  35.511  -17.818  20.464 15.066648
142910  35.104  -18.731  19.993 15.087536
142911  34.738  -19.593  19.487 15.111362
142912  35.854  -19.171  21.815 15.424916
142913  35.496  -19.361  21.394 15.511695
142914  35.155  -19.568  20.938 15.545622
142915  34.481  -21.080  20.500 15.773214
142916  34.663  -20.441  20.480 15.646997
142917  34.893  -19.797  20.492 15.526352
142918  34.676  -20.006  20.019 15.453623
142919  34.502  -20.215  19.502 15.327021
142920  34.371  -20.405  18.956 15.146282
142921  34.027  -21.182  18.406 15.198284
142922  33.734  -21.929  17.850 15.271421
142923  33.449  -22.634  17.360 15.367645
142924  33.280  -23.213  17.956 15.890792
142925  33.213  -23.310  17.407 15.712276
142926  33.181  -23.333  16.844 15.486802
142927  32.964  -23.943  16.286 15.627179
142928  32.815  -24.530  15.766 15.784935
142929  32.740  -25.089  15.214 15.954843
142930  32.712  -25.654  15.204 16.453001
142931  32.744  -26.235  15.131 16.975464
142932  32.847  -26.722  15.065 17.525259
142933  32.710  -26.282  16.306 17.466883
142934  32.804  -26.752  15.666 17.788227
142935  33.026  -27.154  15.024 18.100813
142936  33.282  -27.536  14.986 18.695196
142937  33.611  -27.893  14.896 19.295778
142938  33.998  -28.149  14.824 19.883938
142939  32.895  -26.226  18.534 17.879425
142940  32.820  -26.862  17.920 18.349751
142941  32.858  -27.414  17.295 18.829130
142942  32.999  -27.895  17.851 19.429003
142943  33.027  -27.869  17.242 19.392796
142944  33.068  -27.828  16.660 19.300663
142945  33.430  -28.152  16.008 19.743156
142946  33.864  -28.309  15.381 20.131124
142947  34.451  -28.355  14.721 20.435724
142948  34.930  -28.513  14.607 20.923803
142949  35.432  -28.631  14.472 21.319479
142950  36.034  -28.673  14.273 21.596674
142951  35.084  -29.111  15.436 21.689856
142952  35.846  -28.944  14.726 21.804604
142953  36.683  -28.659  14.010 21.734917
142954  37.375  -28.589  13.711 21.722387
142955  38.061  -28.497  13.427 21.557827
142956  38.708  -28.471  13.094 21.249640
159577  32.802  -25.430  13.487 15.356083
159578  32.891  -25.355  12.891 14.910195
159579  32.996  -25.284  12.327 14.430023
159580  33.494  -26.179  11.648 15.053358
159581  33.261  -25.716  11.717 14.487408
159586  36.540  -26.768  9.023 15.095826
159587  35.882  -26.683  9.117 14.568614
159737  36.701  -22.667  22.345 14.587222
159738  36.136  -23.460  22.144 15.129038
159760  37.024  -25.166  22.558 14.387580
159761  37.035  -24.611  22.383 14.328994
159762  37.096  -23.938  22.269 14.261635
159763  36.585  -24.109  22.260 14.796641
159764  36.060  -24.214  22.132 15.280858
159765  35.562  -24.349  21.918 15.714562
159766  35.006  -25.229  21.723 16.345127
159767  34.529  -26.043  21.464 17.017109
159768  34.136  -26.787  21.129 17.722088
159769  34.535  -27.322  21.547 17.637072
159770  34.155  -27.464  21.132 18.074011
159771  33.832  -27.555  20.691 18.446678
159772  33.648  -28.240  20.200 19.172745
159773  33.671  -28.901  19.554 19.877924
159774  33.841  -29.443  18.840 20.535749
159775  34.938  -29.870  21.095 18.569792
159776  34.683  -29.948  20.597 19.183558
159777  34.473  -29.982  20.161 19.718376
159778  34.908  -31.016  19.057 20.494432
159779  34.610  -30.532  19.455 20.377525
159780  34.301  -29.980  19.740 20.176445
159781  34.185  -29.992  19.168 20.560450
159782  34.157  -29.938  18.629 20.873276
159783  34.127  -29.860  18.115 21.116861
159784  34.562  -30.066  17.377 21.589796
159785  35.119  -30.110  16.612 21.923582
159786  35.762  -30.013  15.839 22.089928
159787  36.226  -30.558  15.807 21.952126
159788  36.380  -30.191  15.413 22.043524
159789  36.566  -29.791  14.976 22.067255
159790  37.497  -29.412  14.151 21.843966
159791  38.438  -28.973  13.390 21.421412
159792  39.470  -28.473  12.668 20.815025
159817  37.927  -33.835  20.872 14.490521
159818  37.662  -33.897  20.363 15.429924
159819  37.448  -33.947  19.785 16.307783
159838  40.205  -35.968  18.150 14.334213
159839  39.645  -35.679  18.167 14.907282
159840  39.154  -35.400  18.317 15.446727
159841  39.613  -35.334  16.761 16.092598
159842  39.119  -35.274  17.600 16.098717
159843  38.699  -35.095  18.454 15.942988
159844  38.227  -34.747  18.669 16.388584
159845  37.751  -34.353  18.905 16.778765
159846  37.295  -33.929  19.188 17.111603
159847  37.233  -33.888  18.568 17.832460
159848  37.221  -33.755  17.957 18.465456
159849  37.274  -33.576  17.277 19.009264
159850  38.305  -33.941  15.985 18.588409
159851  37.812  -33.647  16.298 19.053617
159852  37.357  -33.329  16.639 19.465630
159853  37.524  -32.988  16.043 19.838715
159854  37.736  -32.631  15.383 20.134016
159855  37.943  -32.245  14.826 20.357590
159856  41.057  -33.129  12.495 16.940817
159857  40.551  -32.910  12.613 17.585825
159858  40.053  -32.669  12.829 18.221638
159859  41.128  -31.785  11.405 17.518494
159860  40.342  -32.125  12.230 18.226601
159861  39.597  -32.458  13.122 18.841974
159862  39.167  -32.259  13.421 19.438440
159863  38.683  -32.017  13.776 20.000519
159864  38.127  -31.813  14.298 20.515326
159865  38.465  -31.293  13.713 20.612175
159866  38.822  -30.747  13.203 20.651972
159867  39.194  -30.168  12.804 20.637236
159868  40.562  -29.905  11.464 19.318956
159869  40.099  -29.720  11.987 19.968668
159870  39.553  -29.594  12.516 20.569485
159871  39.938  -29.007  12.284 20.449141
159872  40.250  -28.462  12.131 20.276745
159873  40.559  -27.937  11.994 20.052881
159874  41.473  -27.435  11.389 19.172026
159875  42.366  -26.943  10.820 18.214067
159876  43.212  -26.470  10.241 17.219824
159877  43.353  -27.143  9.493 16.835938
159878  43.711  -26.561  9.542 16.539705
159879  43.996  -26.067  9.618 16.226091
159880  44.798  -25.619  8.982 15.262675
159881  45.586  -25.131  8.349 14.351999
159883  45.116  -27.801  7.627 14.261094
