#!ascii label  , from subject fsaverage vox2ras=TkReg coords=white
1624
31  15.109  -78.956  4.105 17.203085
203  24.632  -51.079  0.962 17.513445
204  20.927  -52.382  -3.208 14.304755
338  15.386  -88.256  4.098 15.105326
437  16.184  -70.103  4.299 17.897675
557  16.976  -71.452  11.652 20.213978
683  18.650  -47.214  1.171 17.525942
684  20.226  -45.640  -1.463 17.331568
818  17.183  -83.694  3.637 16.526850
819  9.794  -87.152  -2.386 13.623331
968  21.156  -67.051  1.890 14.314394
1230  22.405  -71.169  8.465 17.232683
1235  17.951  -51.878  6.532 13.847773
1517  27.384  -57.115  0.728 14.382987
1518  22.941  -57.640  -0.255 16.494215
1519  24.005  -51.231  -2.425 18.521399
1520  21.042  -43.990  -4.025 13.068764
1984  14.549  -58.421  0.809 13.244658
2299  14.310  -85.226  9.040 15.036694
2300  16.039  -81.525  10.117 16.844053
2308  11.382  -74.971  14.634 17.893286
2309  16.045  -77.531  10.992 19.050312
2310  18.842  -74.101  7.982 18.068237
2316  25.762  -53.646  4.393 13.956323
2317  19.464  -49.871  4.035 16.898762
2738  16.687  -81.284  3.849 16.861477
2739  14.311  -82.719  1.151 16.214037
2740  12.945  -80.466  2.146 15.992025
2888  23.811  -64.907  1.304 12.815002
2889  18.965  -64.606  1.638 16.427120
2890  22.140  -62.606  0.846 15.256609
3488  26.302  -53.991  0.881 15.991553
3489  25.357  -54.286  -0.614 16.896669
3490  24.693  -51.041  -0.952 18.071394
3492  20.681  -44.666  -2.740 16.018980
4351  21.815  -55.109  -1.510 16.314207
4352  19.388  -58.146  0.072 15.668240
4353  18.804  -55.823  -1.046 13.815423
5104  12.235  -83.355  10.674 14.816340
5105  15.474  -83.246  9.258 15.811356
5106  13.070  -81.762  12.197 15.918675
5127  13.592  -72.457  13.624 19.467852
5128  14.198  -76.853  13.659 18.829353
5129  15.957  -74.580  12.681 19.636221
5130  16.960  -75.530  10.240 19.140457
5131  18.394  -73.535  10.448 19.293871
5132  24.768  -70.112  7.242 13.933049
5133  23.530  -71.896  6.438 14.222826
5146  25.446  -54.725  5.748 12.654786
5147  14.846  -50.416  5.646 13.476683
5148  18.873  -50.925  5.374 15.470861
5837  22.064  -49.011  1.306 18.293793
5838  22.964  -48.373  -0.487 18.543287
5839  19.662  -46.639  -0.123 17.744642
6080  16.438  -86.011  3.776 16.036308
6081  13.505  -87.327  0.207 15.019917
6082  14.143  -85.134  0.222 15.863372
6083  9.684  -84.321  -0.723 14.313560
6350  18.360  -68.675  2.808 16.417671
6351  11.818  -67.485  5.148 18.397640
6352  14.997  -66.102  3.067 17.855324
6822  19.768  -71.526  9.965 19.586220
6824  23.546  -68.247  8.062 17.345865
6825  25.401  -66.766  7.750 14.412270
6831  21.419  -53.672  6.712 13.070100
7379  27.303  -59.621  0.693 13.080140
7380  24.478  -60.053  0.383 14.991952
7381  25.474  -57.458  0.001 15.665618
7382  23.810  -54.617  -1.435 17.440115
7383  22.684  -51.738  -3.102 17.326811
7384  23.269  -47.769  -2.249 18.642031
7385  22.907  -47.642  -3.772 17.537336
7386  21.962  -48.193  -4.709 14.277966
7951  9.997  -89.609  -2.188 12.726964
8525  13.466  -76.389  4.968 17.553644
8526  9.382  -77.591  4.590 15.579463
9452  13.699  -89.294  6.827 14.053418
9454  12.316  -87.522  8.617 14.011327
9455  15.553  -87.128  7.130 15.324748
9456  16.684  -84.747  6.908 15.989878
9457  17.210  -82.557  6.941 16.558832
9458  17.197  -80.687  7.160 17.366898
9482  9.899  -77.998  14.216 16.135662
9483  13.467  -79.350  13.395 17.380207
9484  16.009  -79.605  10.682 18.098801
9485  16.484  -78.443  7.206 18.246445
9486  15.819  -76.499  7.835 18.746796
9487  16.503  -74.260  7.469 18.583799
9488  18.435  -72.680  5.255 17.512089
9489  20.936  -72.767  8.100 17.429815
9490  21.303  -72.815  5.670 15.632937
9491  20.501  -71.051  3.497 15.267357
9505  27.474  -55.491  2.426 13.783226
9506  25.465  -52.516  2.739 15.695695
9507  22.164  -52.521  5.826 14.328218
9508  22.750  -51.377  4.546 15.827939
9509  22.710  -50.336  2.931 17.329128
9510  19.346  -48.654  2.589 17.782091
10418  16.022  -80.084  3.818 17.029915
10419  15.245  -80.723  2.688 16.645784
10420  14.155  -79.551  3.034 16.631411
10569  23.081  -63.754  1.051 14.109047
10570  24.235  -62.469  0.842 13.806947
11168  25.574  -52.435  0.839 16.795784
11169  25.439  -52.565  -0.055 17.111177
11170  24.775  -51.074  -0.025 17.742783
11573  14.956  -89.150  3.935 14.446527
11575  14.604  -88.562  2.349 14.632463
12023  15.235  -70.860  5.159 18.175074
12025  13.059  -69.577  5.504 18.232033
12031  21.405  -53.777  -2.326 15.563037
12032  20.541  -55.306  -1.321 15.174275
12033  20.126  -54.096  -2.137 14.079304
12785  12.797  -82.621  11.440 15.318307
12786  11.055  -81.325  12.549 15.343446
12805  15.805  -70.042  11.524 20.268240
12806  13.978  -70.219  12.397 19.757143
12807  15.082  -71.639  12.698 19.979702
12808  14.774  -73.684  13.359 19.667971
12809  16.316  -72.906  12.354 19.921892
12810  17.148  -73.927  11.672 19.633530
12811  17.775  -72.647  11.262 19.860271
12828  15.284  -49.920  5.028 14.368403
13568  20.451  -48.113  1.280 18.137711
13569  21.021  -47.909  0.534 18.278008
13570  19.184  -46.942  0.526 17.726995
13973  16.925  -84.913  3.662 16.319677
13974  15.689  -85.587  1.846 16.086168
13975  15.962  -84.431  1.984 16.356688
13976  11.891  -82.368  0.656 15.443643
13977  12.198  -83.420  -0.001 15.474588
13978  9.345  -83.233  0.136 14.375298
14423  19.652  -67.908  2.294 15.360855
14424  16.701  -67.350  2.819 17.234556
14425  18.369  -66.583  2.224 16.365622
14426  17.826  -63.438  1.779 16.955769
14427  15.785  -64.190  2.521 17.525415
15215  24.551  -67.610  7.790 15.836019
16223  27.514  -58.380  0.707 13.671746
16224  26.407  -58.630  0.369 14.405884
16225  26.568  -57.272  0.267 14.985966
16226  24.628  -52.791  -1.541 17.914616
16227  24.640  -54.439  -1.102 17.318041
16228  23.963  -52.979  -2.027 18.035011
16229  23.200  -53.196  -2.255 17.688753
16230  23.402  -51.483  -2.867 18.207079
16231  21.797  -47.000  -1.007 18.300846
16232  23.195  -48.039  -1.351 18.649893
16233  22.094  -46.578  -1.767 18.155014
16234  20.884  -44.250  -3.381 14.772529
16235  22.258  -45.854  -3.348 16.978186
16236  22.151  -45.751  -4.069 15.653724
16237  22.500  -47.856  -4.353 16.144680
16238  21.984  -45.965  -4.667 13.825683
17446  11.742  -87.284  -1.512 14.489388
17447  11.633  -88.319  -1.316 13.991565
17448  9.896  -88.423  -2.509 13.168530
18788  12.838  -75.078  5.669 17.735205
18789  10.460  -75.473  5.413 16.739090
18790  10.676  -74.094  6.559 16.946218
18796  10.251  -66.210  5.915 18.195452
18811  23.663  -58.952  0.129 15.937179
18812  22.587  -60.237  0.428 15.872518
18814  16.721  -58.627  0.430 14.608261
18815  17.356  -59.636  0.981 15.539530
18816  14.797  -59.677  1.411 14.389089
18818  12.845  -59.130  1.676 12.917833
21065  12.981  -90.398  6.193 13.155426
21066  12.122  -89.557  7.105 13.180166
21070  12.598  -85.454  9.475 14.472437
21071  11.393  -86.405  9.002 13.951580
21072  13.377  -86.427  9.072 14.601478
21073  14.130  -87.358  8.171 14.726033
21074  15.024  -86.154  8.280 15.199779
21075  16.172  -85.881  7.019 15.704340
21076  15.673  -85.011  8.201 15.553323
21077  15.785  -82.378  9.759 16.283758
21078  16.550  -82.945  8.246 16.224735
21079  16.814  -82.019  8.504 16.653492
21080  17.279  -81.620  7.080 16.931345
21081  16.963  -81.212  8.684 17.161816
21138  11.014  -72.231  13.979 18.120461
21140  9.895  -73.702  14.385 17.160126
21141  8.996  -75.278  14.265 16.224380
21142  10.597  -76.497  14.621 16.996176
21143  11.759  -78.823  14.055 16.814888
21144  12.254  -77.417  14.360 17.647959
21145  15.322  -77.403  12.494 19.018238
21146  14.987  -78.407  12.434 18.476946
21147  15.929  -78.511  10.923 18.653639
21148  16.659  -79.286  8.941 18.249994
21149  16.405  -78.277  9.127 18.685839
21150  16.139  -77.445  7.381 18.568144
21151  16.200  -77.294  9.349 18.955172
21152  17.889  -74.727  9.306 18.766367
21153  16.955  -75.158  8.746 18.839840
21154  17.858  -74.412  7.793 18.403809
21155  17.451  -73.435  6.448 18.186138
21156  18.783  -73.655  6.604 17.666941
21157  21.100  -71.425  9.260 18.615431
21158  20.438  -72.296  9.118 18.560097
21159  21.802  -72.100  8.257 17.270191
21160  23.791  -71.720  5.321 13.112108
21161  22.559  -72.476  5.990 14.801183
21162  22.552  -72.181  4.875 14.039689
21163  21.107  -72.188  4.472 15.240792
21164  22.276  -71.274  3.809 13.723615
21165  21.758  -70.185  3.035 13.875275
21197  27.080  -55.022  4.202 12.985486
21198  27.899  -56.067  3.139 12.839664
21199  26.891  -54.510  3.431 13.797939
21200  26.559  -53.883  2.629 14.735897
21201  25.651  -53.081  3.609 14.786034
21202  19.699  -52.760  6.679 13.555420
21203  21.766  -53.118  6.291 13.661297
21204  20.144  -52.257  6.149 14.275349
21205  19.207  -50.412  4.704 16.226337
21206  20.827  -51.074  5.040 15.789577
21207  21.105  -50.497  4.336 16.531822
21208  22.811  -50.869  3.735 16.602470
21209  21.162  -49.943  3.541 17.211502
21210  21.142  -49.452  2.775 17.767473
21211  19.535  -49.266  3.300 17.439621
23360  17.075  -82.451  3.772 16.697880
23361  16.092  -83.224  2.194 16.529871
23362  15.857  -81.958  2.481 16.620293
23363  13.933  -81.606  1.591 16.163921
23364  11.022  -81.378  1.480 15.202615
23630  22.534  -66.031  1.578 13.434832
23631  20.096  -65.760  1.685 15.460217
23632  21.697  -64.787  1.300 14.674698
23633  20.680  -63.665  1.208 15.751625
23634  19.719  -62.552  1.202 16.428896
24710  26.980  -55.730  0.841 15.170364
24711  26.353  -55.797  0.188 15.669033
24712  25.971  -54.204  0.093 16.397362
24713  25.101  -52.695  -0.914 17.531906
24714  24.460  -51.136  -1.755 18.397671
24715  18.350  -44.242  -1.777 15.677151
24716  20.544  -45.156  -2.102 16.835163
24717  18.507  -43.675  -2.343 14.834617
24718  18.790  -43.244  -2.806 13.666507
26263  22.358  -56.390  -0.842 16.619856
26264  21.354  -57.797  -0.148 16.314482
26265  20.963  -56.554  -0.673 15.916791
26266  19.056  -57.063  -0.449 14.857033
26267  16.724  -57.332  -0.171 13.540282
27619  11.447  -84.282  9.818 14.373493
27620  13.421  -84.417  9.717 14.900396
27621  14.969  -84.212  9.062 15.412560
27622  14.082  -83.412  10.098 15.332670
27623  14.515  -82.586  10.701 15.833186
27624  14.737  -81.705  11.328 16.426765
27660  12.352  -70.963  13.275 19.015678
27661  12.346  -73.665  14.309 18.746042
27662  12.855  -76.095  14.381 18.456787
27663  13.636  -74.844  14.069 19.157087
27664  14.848  -75.792  13.458 19.350176
27665  15.941  -76.263  12.218 19.355516
27666  16.359  -76.421  10.839 19.225492
27667  16.658  -75.289  11.599 19.432671
27668  17.677  -74.603  10.659 19.210108
27669  18.733  -74.063  9.384 18.648952
27670  23.679  -70.708  7.781 15.594470
27671  23.070  -71.707  7.516 15.660256
27672  24.271  -71.146  6.839 13.940678
27696  25.709  -54.197  5.128 13.239450
27697  16.335  -51.144  6.185 13.839556
27698  18.411  -51.381  5.977 14.668285
27699  16.797  -50.555  5.582 14.719405
27700  17.212  -50.157  4.997 15.532157
27701  17.497  -49.711  4.254 16.243217
27702  17.729  -49.201  3.627 16.812031
28979  23.530  -49.970  1.148 18.050266
28980  23.899  -49.763  0.194 18.210567
28981  22.585  -48.766  0.418 18.419945
28982  21.490  -47.486  -0.234 18.326302
28983  19.924  -46.105  -0.810 17.614853
29546  15.942  -87.164  3.989 15.638295
29547  14.998  -87.451  2.303 15.217534
29548  15.383  -86.607  2.025 15.706920
29549  13.872  -86.250  0.098 15.489643
29550  11.984  -85.907  -1.267 14.941183
29551  14.384  -83.871  0.714 16.112398
29552  12.094  -84.615  -0.671 15.291050
29553  9.795  -85.720  -1.681 14.033391
29554  7.562  -85.369  -1.663 12.802399
30176  17.114  -69.422  3.453 17.305273
30177  14.124  -68.751  4.417 18.229439
30178  15.358  -68.064  3.535 17.894512
30179  13.372  -66.828  3.991 18.297262
30180  11.929  -65.521  4.675 18.260983
30181  16.998  -65.393  2.264 17.178495
30182  13.714  -64.889  3.526 18.005907
31277  17.574  -70.131  10.799 20.480852
31278  18.344  -71.459  10.902 20.105104
31279  19.085  -70.165  10.121 20.325075
31280  20.484  -70.194  9.525 19.735609
31281  21.721  -70.135  8.994 18.693111
31284  23.000  -69.888  8.412 17.278852
31285  24.205  -69.353  7.819 15.680984
31286  25.244  -68.505  7.403 14.126793
31287  25.961  -67.467  7.229 12.797412
31301  19.289  -53.344  7.099 12.881756
31302  17.445  -52.493  6.976 13.034110
31305  15.797  -51.730  6.679 12.925748
32645  26.855  -60.866  0.751 12.655095
32646  25.325  -61.169  0.665 13.772508
32647  25.996  -59.891  0.482 13.984816
32648  25.088  -58.808  0.198 15.227193
32649  24.274  -57.568  -0.161 16.234777
32650  25.524  -55.916  -0.302 16.247328
32651  24.559  -56.058  -0.588 16.722065
32652  23.481  -56.179  -0.810 16.888115
32653  22.868  -54.802  -1.593 17.106630
32654  22.319  -53.437  -2.383 16.824972
32655  21.845  -51.982  -3.270 15.956388
32656  24.059  -49.515  -0.757 18.434898
32657  24.059  -49.416  -1.744 18.667458
32658  23.854  -49.438  -2.515 18.755264
32659  22.227  -46.120  -2.616 17.769533
32660  23.129  -47.614  -3.067 18.338728
32661  23.434  -49.519  -3.196 18.471788
32662  22.924  -49.761  -3.664 17.626705
32663  22.258  -50.061  -3.965 16.209150
32664  21.518  -50.417  -4.102 14.409624
34195  13.354  -88.232  0.509 14.484089
35843  14.231  -77.691  4.512 17.377537
35844  12.713  -78.205  3.819 16.613518
35845  11.477  -76.931  4.582 16.636045
35846  8.279  -76.115  5.578 15.515144
35854  10.581  -68.331  6.246 18.152346
35872  23.413  -61.399  0.603 14.997656
35873  21.225  -61.552  0.763 16.046261
38592  14.065  -90.819  4.920 13.083858
38593  14.522  -89.853  5.461 13.944477
38594  15.028  -88.815  5.720 14.708594
38599  10.316  -87.384  8.214 13.234901
38600  11.337  -88.618  7.883 13.196488
38601  13.166  -88.479  7.792 14.060197
38602  14.732  -88.234  7.023 14.784816
38603  15.725  -87.808  5.698 15.321331
38604  16.331  -86.645  5.587 15.770811
38605  16.788  -85.530  5.437 16.086681
38606  17.264  -84.330  5.322 16.324461
38607  16.229  -83.940  8.073 15.871616
38608  17.079  -83.635  6.824 16.254978
38609  17.404  -83.165  5.265 16.544325
38610  17.337  -82.003  5.429 16.791636
38611  17.068  -80.920  5.401 17.084780
38612  16.625  -79.867  5.372 17.412930
38683  8.280  -76.839  13.768 15.388068
38684  9.483  -79.373  13.532 15.373574
38685  11.387  -80.127  13.472 16.030199
38686  13.285  -80.546  12.957 16.617302
38687  14.913  -80.683  11.853 17.101080
38688  13.804  -78.116  13.591 18.144674
38689  14.919  -79.586  12.180 17.809217
38690  16.111  -80.610  10.483 17.468513
38691  16.885  -80.259  8.838 17.715755
38692  16.870  -79.565  6.949 17.825518
38693  15.959  -78.593  5.424 17.743956
38694  15.384  -77.360  5.654 18.038908
38695  15.020  -76.230  6.038 18.267536
38696  14.665  -75.259  6.883 18.412558
38697  16.311  -76.159  9.366 19.014736
38700  15.692  -73.018  6.606 18.383656
38701  16.629  -72.217  5.483 18.125280
38702  17.567  -71.414  4.439 17.610487
38703  19.104  -72.436  10.124 19.423624
38704  19.618  -73.172  9.214 18.568304
38705  19.912  -73.515  8.065 17.711634
38706  22.227  -72.460  7.219 15.927827
38707  21.246  -73.035  6.873 16.398365
38708  20.073  -73.444  6.701 17.016150
38709  19.910  -72.860  5.374 16.600588
38710  19.453  -71.942  4.258 16.526129
38711  18.491  -70.657  3.604 16.789061
38712  19.704  -69.912  3.002 15.693565
38713  20.993  -69.059  2.521 14.459016
38714  22.272  -68.147  2.200 13.271586
38728  25.880  -65.631  7.650 13.218139
38750  28.095  -57.797  1.271 13.148124
38752  28.180  -57.044  2.143 12.876494
38753  27.642  -56.432  1.480 13.970654
38754  26.931  -54.812  1.672 14.852418
38755  26.149  -53.243  1.762 15.757672
38756  25.083  -51.821  1.863 16.632614
38757  23.497  -54.146  6.331 12.945742
38758  23.857  -53.556  5.848 13.505654
38759  24.205  -53.008  5.238 14.171968
38760  20.533  -51.680  5.619 15.027257
38761  22.522  -51.942  5.254 15.058086
38762  24.276  -52.422  4.565 14.929512
38763  24.360  -51.962  3.698 15.751306
38764  24.108  -51.336  2.887 16.594801
38765  23.856  -50.689  1.963 17.394278
38766  22.452  -49.701  2.075 17.930040
38767  20.834  -48.838  2.029 18.113350
38768  19.173  -47.999  1.870 17.840397
38769  17.755  -48.564  2.938 17.185999
38770  17.631  -47.876  2.295 17.299109
38771  17.311  -47.080  1.670 17.084005
40315  11.296  -79.076  3.115 15.766921
40316  9.445  -80.037  2.672 14.828122
41138  15.597  -79.531  3.902 17.116179
41139  15.182  -79.776  3.361 16.882950
41140  14.684  -79.224  3.519 16.922140
41289  24.747  -62.966  0.972 13.150262
41290  25.210  -62.378  0.865 13.097178
41888  25.118  -51.687  0.882 17.170784
41889  25.162  -51.794  0.408 17.289421
41890  24.731  -51.074  0.465 17.613186
42293  15.123  -88.730  4.057 14.789845
42294  14.872  -88.861  3.140 14.580293
42295  14.974  -88.477  3.232 14.901583
42743  15.647  -70.441  4.739 18.072906
42744  14.205  -70.184  5.299 18.211107
42745  14.722  -69.801  4.825 18.177536
42751  21.123  -53.077  -2.783 15.002132
42752  20.807  -53.915  -2.247 14.838838
42753  20.567  -53.267  -2.696 14.200711
43505  10.897  -81.782  12.109 15.044208
43506  10.050  -81.068  12.587 15.043648
43525  16.329  -70.766  11.699 20.281401
43526  15.442  -70.780  12.157 20.128954
43527  16.074  -71.441  12.174 20.135586
43528  15.691  -72.351  12.629 19.983997
43529  16.661  -72.122  12.032 20.068470
43530  17.119  -72.676  11.812 19.934143
43531  17.393  -72.079  11.551 20.070650
44288  19.596  -47.677  1.228 17.888836
44289  19.901  -47.581  0.894 17.992550
44290  18.943  -47.103  0.877 17.652792
44693  17.086  -84.347  3.634 16.430130
44694  16.529  -84.692  2.795 16.367025
44695  16.645  -84.096  2.826 16.471910
44696  10.276  -82.324  0.825 14.867493
44697  10.626  -82.815  0.396 14.955877
44698  8.988  -82.672  0.559 14.307631
45143  20.453  -67.470  2.082 14.825265
45144  19.098  -67.220  2.238 15.867710
45145  19.863  -66.801  2.009 15.370099
45146  17.432  -62.809  1.861 17.009827
45147  16.405  -63.235  2.264 17.246624
46943  27.500  -57.761  0.700 14.015242
46944  27.118  -57.867  0.486 14.327866
46945  27.042  -57.220  0.482 14.665754
46946  24.332  -52.047  -1.999 18.284012
46947  24.345  -52.900  -1.780 18.022591
46948  24.001  -52.131  -2.239 18.301500
46949  23.661  -52.232  -2.431 18.202145
46950  23.718  -51.318  -2.660 18.431356
46951  21.052  -46.324  -1.223 17.910435
46952  21.946  -46.778  -1.365 18.248816
46953  21.209  -46.102  -1.572 17.780783
46954  20.937  -44.077  -3.708 13.973566
46955  21.647  -44.900  -3.736 15.253775
46956  21.651  -44.849  -4.074 14.420752
46957  22.082  -45.847  -4.379 14.792629
46958  21.648  -44.887  -4.386 13.479668
48166  10.756  -87.232  -2.039 14.096883
48167  10.767  -87.837  -2.068 13.859686
48168  9.813  -87.821  -2.564 13.397146
49508  12.883  -74.582  6.254 17.828400
49509  11.658  -74.559  6.053 17.372036
49531  23.289  -58.290  -0.018 16.268505
49532  22.855  -59.012  0.162 16.180637
49533  22.487  -58.341  -0.010 16.377108
49534  15.565  -58.606  0.649 13.955581
49535  15.655  -59.277  0.934 14.497685
49536  14.541  -59.105  1.118 13.820214
49537  13.690  -59.440  1.572 13.680350
49538  13.640  -58.822  1.236 13.085082
51785  11.644  -90.115  6.619 12.673701
51786  11.232  -89.639  6.936 12.683027
51790  13.500  -85.335  9.321 14.757818
51791  12.990  -85.923  9.286 14.534555
51792  13.900  -85.799  9.043 14.832493
51793  14.277  -86.286  8.727 14.910074
51794  14.710  -85.694  8.697 15.118080
51795  15.366  -85.571  8.243 15.386152
51796  15.042  -85.106  8.698 15.303374
51797  15.926  -81.935  9.970 16.553526
51798  16.347  -82.230  9.153 16.479273
51799  16.442  -81.807  9.323 16.737894
51800  16.886  -81.598  8.668 16.898983
51801  16.542  -81.392  9.436 17.015791
51858  11.134  -73.658  14.418 18.008678
51859  10.452  -73.043  14.237 17.642649
51860  10.640  -74.385  14.550 17.545412
51861  10.189  -75.114  14.576 17.079699
51862  10.994  -75.714  14.665 17.444862
51863  11.417  -76.994  14.540 17.339903
51864  11.768  -76.250  14.613 17.773355
51865  15.745  -77.546  11.786 19.051901
51866  15.610  -77.989  11.795 18.841003
51867  15.958  -78.062  10.963 18.876348
51868  16.230  -78.452  10.017 18.687571
51869  16.185  -77.995  10.118 18.877138
51870  16.277  -77.799  9.260 18.844688
51871  16.165  -77.500  10.193 19.017191
51872  18.360  -74.409  8.678 18.460186
51873  17.885  -74.659  8.582 18.569853
51874  18.347  -74.316  7.944 18.246346
51875  18.295  -74.034  7.212 18.075602
51876  18.842  -74.001  7.292 17.839668
51877  21.760  -71.316  8.862 17.968418
51878  21.454  -71.798  8.782 17.957176
51879  22.108  -71.678  8.396 17.237778
51880  23.805  -71.532  4.762 12.716877
51881  23.213  -71.955  5.071 13.534060
51882  23.153  -71.697  4.506 13.226553
51883  22.435  -71.752  4.300 13.823352
51884  23.039  -71.289  4.000 13.037181
51885  22.873  -70.854  3.576 12.968628
51917  26.454  -54.324  4.303 13.467443
51918  27.028  -54.737  3.815 13.374155
51919  26.393  -54.028  3.941 13.863937
51920  26.285  -53.767  3.529 14.290760
51921  25.698  -53.334  4.020 14.358762
51922  18.818  -52.283  6.627 13.732974
51923  19.934  -52.546  6.438 13.910319
51924  19.049  -52.062  6.354 14.118004
51925  19.334  -50.148  4.386 16.575588
51926  20.154  -50.445  4.538 16.418789
51927  20.302  -50.169  4.206 16.766005
51928  21.149  -50.215  3.938 16.882792
51929  20.332  -49.873  3.815 17.089190
51930  20.365  -49.586  3.429 17.381025
51931  19.516  -49.586  3.678 17.189316
54293  16.902  -81.852  3.853 16.779446
54294  16.558  -82.197  3.090 16.696383
54295  16.373  -81.595  3.167 16.750956
54296  14.212  -80.559  2.329 16.381760
54297  14.699  -81.155  2.132 16.425474
54298  13.575  -81.029  1.881 16.089767
54299  12.559  -81.482  1.442 15.749666
54300  12.106  -80.920  1.829 15.622229
54743  23.189  -65.483  1.408 13.089252
54744  22.133  -65.405  1.410 14.058310
54745  22.807  -64.861  1.277 13.728356
54746  22.623  -63.142  0.943 14.715761
54747  21.946  -63.730  1.092 14.953687
54748  21.473  -63.153  1.008 15.477039
54749  20.219  -63.116  1.170 16.151346
54750  20.979  -62.645  0.991 15.903923
56543  26.652  -54.844  0.877 15.579561
56544  26.462  -54.949  0.510 15.786796
56545  26.168  -54.115  0.473 16.175716
56546  25.040  -51.811  -0.518 17.622412
56547  25.292  -52.620  -0.486 17.314915
56548  24.919  -51.835  -0.968 17.818686
56549  24.754  -51.891  -1.347 18.011978
56550  24.595  -51.064  -1.363 18.245310
56552  18.409  -43.939  -2.070 15.292176
56555  17.601  -42.695  -2.646 13.094737
56557  18.907  -43.031  -3.112 12.944355
59131  22.048  -55.739  -1.162 16.520838
59132  21.704  -56.450  -0.778 16.318758
59133  21.424  -55.841  -1.091 16.097235
59134  19.756  -55.530  -1.164 14.515108
59135  19.938  -56.167  -0.851 15.005623
59136  18.933  -56.456  -0.725 14.365331
59137  17.886  -57.262  -0.320 14.224259
59138  17.785  -56.689  -0.612 13.679358
61392  11.871  -83.806  10.220 14.591657
61393  12.481  -84.395  9.854 14.635762
61394  12.867  -83.885  10.157 14.851754
61395  13.790  -83.896  9.876 15.111077
61396  13.179  -83.430  10.473 15.076777
61397  12.982  -82.221  11.801 15.605347
61398  13.757  -82.663  11.077 15.582072
61399  13.841  -82.228  11.461 15.870176
61400  14.624  -82.158  11.044 16.118282
61401  13.939  -81.759  11.814 16.183071
61458  13.696  -71.226  13.091 19.616222
61459  13.120  -70.504  12.853 19.410740
61460  12.931  -71.688  13.522 19.272816
61461  12.247  -72.277  13.883 18.883436
61462  12.909  -73.038  14.004 19.128511
61463  12.989  -74.345  14.261 18.979454
61464  13.561  -73.732  13.944 19.314369
61465  15.386  -74.178  13.057 19.678156
61466  14.765  -74.740  13.530 19.509825
61467  15.354  -75.214  13.130 19.526268
61468  15.439  -76.119  12.873 19.373373
61469  15.885  -75.458  12.582 19.496668
61470  16.272  -75.756  11.956 19.429327
61471  16.362  -74.974  12.169 19.551010
61472  17.761  -73.710  11.100 19.508905
61473  17.425  -74.317  11.219 19.431564
61474  18.021  -74.063  10.607 19.247149
61475  18.207  -74.325  10.022 18.974476
61476  18.601  -73.858  9.915 18.972061
61477  24.239  -70.467  7.489 14.751748
61478  23.995  -70.991  7.347 14.747880
61479  24.568  -70.720  7.044 13.906094
61520  26.484  -54.895  5.045 12.777093
61521  25.580  -54.479  5.459 12.929793
61522  15.596  -50.793  5.906 13.702307
61523  16.584  -50.850  5.908 14.285821
61524  15.829  -50.496  5.618 14.157066
61525  15.495  -49.688  4.771 14.776264
61526  16.252  -50.011  5.020 15.008898
61527  16.396  -49.837  4.732 15.397073
61528  17.355  -49.946  4.611 15.902702
61529  16.533  -49.606  4.398 15.753828
63743  22.853  -49.478  1.247 18.215919
63744  23.111  -49.386  0.797 18.281488
63745  22.381  -48.933  0.865 18.359144
63746  20.389  -47.275  0.192 18.082533
63747  21.261  -47.707  0.157 18.311180
63748  20.585  -47.060  -0.165 18.081413
63749  20.754  -46.818  -0.529 18.053709
63750  19.788  -46.378  -0.482 17.697382
64958  16.227  -86.585  3.821 15.853523
64959  15.749  -86.859  3.003 15.705745
64960  15.972  -86.335  2.887 15.913353
64961  14.943  -85.400  0.921 16.013416
64962  14.791  -85.926  0.888 15.838730
64963  13.951  -85.672  0.090 15.690323
64964  12.944  -86.065  -0.671 15.259484
64965  13.069  -85.447  -0.535 15.457421
64966  15.289  -82.986  1.608 16.420845
64967  15.357  -83.555  1.455 16.363649
64968  14.392  -83.301  0.934 16.182524
64969  10.967  -83.865  -0.371 14.946370
64970  12.177  -83.998  -0.339 15.407413
64971  10.970  -84.467  -0.773 14.853588
64972  10.931  -85.127  -1.202 14.712106
64973  9.758  -85.019  -1.216 14.195608
64974  8.676  -85.648  -1.626 13.452261
64975  8.464  -84.872  -1.112 13.590979
66308  17.729  -69.054  3.106 16.892710
66309  16.355  -68.710  3.394 17.605799
66310  16.985  -68.375  3.037 17.251978
66311  15.846  -66.707  2.921 17.588627
66312  15.019  -67.066  3.315 17.899923
66313  14.091  -66.449  3.521 18.114340
66314  12.553  -66.178  4.357 18.345896
66315  13.398  -65.816  3.826 18.211536
66316  19.610  -65.165  1.615 15.984238
66317  18.683  -65.574  1.879 16.396330
66318  17.920  -64.999  1.945 16.801851
66319  14.360  -63.944  3.193 17.685989
66320  14.751  -64.545  2.991 17.785700
66321  13.301  -64.290  3.747 17.857700
66322  12.316  -64.579  4.335 17.977446
68668  17.203  -69.363  10.411 20.533718
68669  18.120  -69.395  10.059 20.589455
68670  18.342  -70.127  10.429 20.453518
68671  18.881  -69.415  9.792 20.550526
68675  21.087  -70.187  9.296 19.268711
68684  23.291  -69.084  8.225 17.314215
68685  23.618  -69.657  8.115 16.488491
68686  23.857  -68.831  8.006 16.539640
68687  25.022  -67.237  7.716 15.102578
68688  24.917  -68.091  7.601 14.990325
68689  25.355  -67.664  7.543 14.265794
68690  25.628  -68.057  7.251 13.425945
68691  25.708  -67.173  7.521 13.600147
68720  18.343  -52.899  7.047 12.985503
68721  17.231  -52.819  7.188 12.636601
68730  15.071  -51.368  6.416 12.758099
71708  27.115  -60.233  0.705 12.843781
71709  26.434  -60.383  0.617 13.321361
71710  26.675  -59.745  0.559 13.508673
71711  25.907  -58.050  0.183 15.052488
71712  25.748  -58.712  0.274 14.816696
71713  25.271  -58.129  0.099 15.424305
71714  24.657  -58.244  0.053 15.768740
71715  24.888  -57.506  -0.089 15.977242
71716  25.831  -55.021  -0.204 16.298531
71717  25.973  -55.820  -0.109 15.958089
71718  25.444  -55.106  -0.461 16.568617
71719  24.237  -54.524  -1.290 17.429316
71720  24.599  -55.253  -0.840 17.012774
71721  24.121  -55.336  -1.010 17.131540
71722  24.014  -56.120  -0.719 16.854446
71723  23.636  -55.407  -1.139 17.150335
71724  23.156  -55.452  -1.224 17.055691
71725  23.335  -54.721  -1.532 17.334330
71726  22.941  -52.472  -2.678 17.593626
71727  22.776  -53.303  -2.338 17.317131
71728  22.523  -52.637  -2.752 17.088013
71729  22.063  -52.784  -2.804 16.470585
71730  22.277  -51.890  -3.195 16.691122
71731  23.404  -49.053  -0.127 18.435591
71732  23.983  -49.620  -0.271 18.316080
71733  23.522  -48.878  -0.616 18.525742
71734  23.259  -47.898  -1.825 18.669966
71735  23.692  -48.677  -1.576 18.698132
71736  23.682  -48.599  -2.030 18.748938
71737  23.981  -49.435  -2.141 18.742720
71738  23.633  -48.558  -2.425 18.745317
71739  20.638  -44.910  -2.410 16.474707
71740  21.479  -45.642  -2.292 17.340223
71741  21.547  -45.406  -2.664 16.993963
71742  22.692  -46.693  -3.628 17.315435
71743  22.775  -46.746  -3.250 17.778280
71744  23.048  -47.658  -3.464 18.010431
71745  23.334  -48.529  -3.197 18.460211
71746  23.170  -48.629  -3.532 18.125235
71747  23.191  -49.645  -3.455 18.125540
71748  22.962  -48.707  -3.785 17.639172
71749  22.251  -48.046  -4.549 15.255465
71750  22.415  -48.977  -4.211 16.226273
71751  22.082  -49.223  -4.339 15.341020
71752  21.891  -50.236  -4.054 15.340574
71753  21.753  -49.340  -4.438 14.380322
71754  21.375  -49.533  -4.505 13.380543
71755  21.640  -48.371  -4.823 13.250145
75376  14.311  -87.376  1.265 15.159049
75377  14.203  -87.848  1.397 14.888365
75378  13.430  -87.747  0.352 14.758379
75379  10.790  -88.935  -1.808 13.379854
75380  11.618  -88.787  -1.039 13.738497
79403  13.818  -77.052  4.749 17.465193
79404  12.973  -77.306  4.453 17.057013
79405  12.488  -76.649  4.709 17.116629
79406  9.170  -75.033  5.959 16.214878
79407  9.352  -75.838  5.463 16.147852
79408  8.036  -75.321  6.076 15.548331
79426  12.873  -68.100  4.790 18.348030
79427  12.267  -68.518  5.304 18.321976
79428  11.145  -67.877  5.724 18.314219
79471  24.865  -60.661  0.534 14.406902
79472  24.453  -61.268  0.619 14.387007
79473  23.975  -60.726  0.487 14.963315
79474  21.579  -60.275  0.560 16.180971
79475  21.944  -60.927  0.586 15.930655
79476  20.832  -60.909  0.758 16.264997
79477  20.062  -61.472  0.973 16.398350
79482  16.453  -60.081  1.392 15.501970
86236  13.348  -91.008  5.188 12.660134
86237  13.283  -89.889  6.554 13.621320
86238  13.763  -90.171  5.901 13.583071
86239  14.096  -89.612  6.181 14.014222
86240  14.845  -89.290  5.670 14.342885
86241  14.491  -89.051  6.357 14.411374
86253  11.853  -86.944  8.854 13.980551
86254  10.820  -86.883  8.615 13.622905
86255  11.291  -87.512  8.478 13.626622
86256  10.826  -88.033  8.114 13.211668
86257  11.820  -88.102  8.277 13.633899
86258  12.278  -88.562  7.879 13.641620
86259  12.807  -88.020  8.238 14.039675
86260  14.901  -87.261  7.697 15.042572
86261  14.481  -87.834  7.604 14.768155
86262  15.181  -87.698  7.072 15.077909
86263  15.306  -88.047  6.394 15.078815
86264  15.707  -87.492  6.427 15.344933
86265  16.045  -87.260  5.685 15.565466
86266  16.033  -86.911  6.416 15.568663
86267  16.425  -85.291  6.973 15.854149
86268  16.517  -85.756  6.282 15.912307
86269  16.810  -85.143  6.272 16.047977
86270  17.048  -84.935  5.372 16.211441
86271  17.060  -84.593  6.148 16.171307
86272  15.234  -83.742  9.147 15.605121
86273  15.630  -84.084  8.648 15.650470
86274  15.858  -83.587  8.703 15.831453
86275  16.962  -82.765  7.597 16.402517
86276  16.834  -83.290  7.543 16.230356
86277  17.171  -83.108  6.853 16.399397
86278  17.292  -83.466  6.091 16.413090
86279  17.357  -82.892  6.152 16.545023
86280  17.392  -82.580  5.361 16.662710
86281  17.396  -82.300  6.179 16.690479
86282  17.233  -81.173  7.160 17.143085
86283  17.316  -81.305  6.306 17.027407
86284  17.217  -80.851  6.306 17.216631
86285  16.915  -80.438  5.450 17.246117
86286  17.076  -80.369  6.255 17.414669
86463  9.410  -76.707  14.302 16.181816
86464  8.609  -76.116  14.098 15.790091
86465  9.065  -77.432  14.058 15.766786
86466  8.800  -78.079  13.759 15.383107
86467  9.660  -78.591  13.967 15.739507
86468  10.403  -79.794  13.565 15.707676
86469  10.597  -79.176  13.930 16.084955
86470  12.670  -79.116  13.776 17.113733
86471  12.492  -79.774  13.599 16.717220
86472  13.408  -79.973  13.204 16.994061
86473  14.154  -80.618  12.412 16.873318
86474  14.202  -80.075  12.641 17.240486
86475  13.524  -76.504  14.099 18.667112
86476  13.272  -77.170  14.074 18.303885
86477  13.968  -77.440  13.635 18.502411
86478  15.487  -79.068  11.617 18.290403
86479  14.907  -79.004  12.345 18.153448
86480  15.521  -79.668  11.447 17.971207
86481  15.536  -80.204  11.302 17.637424
86482  16.073  -80.120  10.548 17.787683
86483  16.557  -80.477  9.705 17.607635
86484  16.488  -79.985  9.738 17.905674
86485  16.678  -78.948  8.071 18.269758
86486  16.840  -79.446  7.918 18.038353
86487  16.687  -79.036  7.080 18.044769
86488  16.569  -79.099  6.121 17.813820
86489  16.333  -78.472  6.234 18.001520
86490  15.656  -77.967  5.495 17.898130
86491  16.125  -77.885  6.307 18.172619
86492  15.978  -76.951  7.568 18.677210
86493  15.761  -76.847  6.577 18.443775
86494  15.594  -76.395  6.859 18.536373
86495  14.754  -75.734  6.435 18.351246
86496  15.416  -75.912  7.207 18.597198
86497  16.593  -75.948  10.590 19.217285
86498  16.392  -76.359  10.104 19.127293
86499  16.657  -75.863  9.856 19.089945
86500  16.754  -74.765  8.057 18.704515
86501  16.326  -75.242  8.505 18.826008
86506  16.151  -73.667  6.954 18.477793
86507  17.966  -73.078  5.821 17.886965
86508  17.083  -72.851  5.874 18.137554
86509  17.570  -72.481  5.308 17.871714
86510  17.087  -71.816  4.957 17.904352
86511  18.027  -72.066  4.786 17.531868
86512  19.053  -71.480  10.416 19.900749
86513  18.759  -71.958  10.519 19.795856
86514  19.419  -71.978  10.028 19.503147
86515  20.709  -72.572  8.636 17.994953
86516  20.030  -72.701  9.148 18.554743
86517  20.285  -72.939  8.635 18.050055
86518  19.824  -73.376  8.674 18.129198
86519  20.465  -73.116  8.065 17.557253
86520  23.308  -71.844  6.974 14.910792
86521  22.684  -72.111  7.361 15.767454
86522  22.895  -72.202  6.781 15.086899
86523  21.952  -72.694  5.831 15.190930
86524  21.888  -72.819  6.432 15.625150
86525  21.294  -72.994  6.280 15.974236
86526  20.682  -73.228  6.762 16.694675
86527  20.690  -73.119  6.155 16.360939
86528  20.014  -73.264  6.018 16.768158
86529  20.662  -72.876  5.490 16.110163
86530  20.822  -71.656  3.936 15.201276
86531  20.273  -72.077  4.325 15.888904
86532  19.977  -71.548  3.836 15.924288
86533  19.041  -71.321  3.876 16.618528
86534  19.546  -70.901  3.503 16.053888
86535  19.076  -70.295  3.271 16.269238
86536  20.121  -70.469  3.194 15.434621
86537  22.346  -69.716  2.827 13.190048
86538  21.387  -69.618  2.749 14.118096
86539  22.027  -69.181  2.548 13.469725
86540  21.629  -68.616  2.362 13.848072
86541  22.680  -68.693  2.371 12.858876
86630  28.249  -58.389  1.200 12.768768
86635  27.701  -55.807  2.782 13.293214
86636  28.092  -56.594  2.627 12.831393
86637  27.887  -56.308  2.279 13.322409
86638  27.976  -56.737  1.832 13.406718
86639  27.628  -55.982  1.926 13.849194
86640  27.303  -55.651  1.559 14.406096
86641  27.217  -55.175  2.038 14.304969
86642  26.021  -53.140  2.682 15.218338
86643  26.358  -53.532  2.200 15.239788
86644  25.840  -52.818  2.238 15.707553
86645  25.615  -52.470  1.797 16.203341
86646  25.297  -52.186  2.311 16.165064
86647  22.230  -54.149  6.747 12.788969
86648  23.294  -54.415  6.549 12.707450
86649  22.451  -53.895  6.527 13.037606
86650  21.984  -52.826  6.050 13.985850
86651  22.821  -53.313  6.107 13.606173
86652  23.042  -52.995  5.870 13.925354
86653  24.067  -53.274  5.567 13.826204
86654  23.241  -52.727  5.574 14.266159
86655  18.664  -51.165  5.678 15.073509
86656  19.523  -51.582  5.789 14.899216
86657  19.703  -51.304  5.517 15.289744
86658  21.837  -51.179  4.831 15.833056
86659  21.678  -51.487  5.179 15.451555
86660  22.630  -51.621  4.955 15.439908
86661  23.477  -52.175  4.957 15.003845
86662  23.517  -51.881  4.577 15.394650
86663  24.314  -52.184  4.156 15.334585
86664  23.599  -51.637  4.157 15.794615
86665  22.772  -50.597  3.333 16.975933
86666  23.509  -51.088  3.343 16.599735
86667  23.414  -50.815  2.948 16.990368
86668  24.003  -50.999  2.398 17.005320
86669  23.331  -50.520  2.466 17.360565
86670  23.191  -50.196  2.034 17.698324
86671  22.597  -50.034  2.482 17.651443
86672  20.267  -49.054  2.695 17.834309
86673  21.058  -49.174  2.406 17.973137
86674  20.163  -48.766  2.366 17.973713
86675  19.994  -48.415  1.971 18.038029
86676  19.307  -48.357  2.239 17.852592
86678  17.788  -48.909  3.288 17.027262
86683  17.518  -47.498  1.962 17.236115
90541  11.189  -77.881  4.059 16.150768
90542  12.048  -78.602  3.431 16.200401
90543  10.389  -78.359  3.828 15.662689
92480  16.399  -80.695  3.806 16.944889
92481  16.069  -80.958  3.186 16.799097
92482  15.654  -80.344  3.264 16.842491
92483  14.698  -80.103  2.848 16.641575
92484  13.583  -79.951  2.566 16.324501
92751  23.472  -64.289  1.172 13.465474
92752  24.119  -63.662  1.076 13.272601
92753  23.723  -63.070  0.938 13.924070
92754  23.210  -62.550  0.832 14.540813
93830  25.946  -53.184  0.863 16.399584
93831  25.860  -53.303  0.415 16.561142
93832  25.535  -52.524  0.375 16.935356
93833  25.124  -51.813  -0.060 17.441982
93834  24.752  -51.062  -0.518 17.898647
94559  14.829  -89.626  3.760 14.081367
94561  14.679  -89.306  2.957 14.239707
95369  14.797  -71.280  5.639 18.215578
95371  13.872  -70.628  5.698 18.183268
95372  12.665  -70.024  6.006 18.133930
95373  11.372  -69.460  6.382 18.052965
95383  21.588  -54.388  -1.915 15.997164
95384  21.217  -55.153  -1.456 15.779135
95385  20.995  -54.502  -1.838 15.361935
95386  20.372  -54.664  -1.701 14.673996
95387  19.590  -54.953  -1.548 13.949287
96741  12.506  -82.981  11.094 15.056515
96742  11.764  -82.486  11.625 15.047096
96743  11.932  -82.019  12.072 15.328184
96744  12.104  -81.552  12.441 15.637119
96777  15.399  -69.303  11.131 20.174076
96778  14.469  -69.389  11.527 19.887161
96779  14.914  -70.077  11.960 20.045811
96780  14.516  -70.932  12.635 19.904449
96781  14.293  -71.984  13.192 19.754423
96782  14.153  -73.100  13.554 19.599171
96783  14.833  -72.665  13.120 19.825048
96784  15.481  -73.251  12.887 19.830818
96785  16.076  -73.728  12.569 19.777599
96786  16.529  -74.183  12.207 19.673994
96787  16.788  -73.429  12.053 19.801399
96788  17.480  -73.241  11.474 19.743158
96789  18.129  -73.117  10.866 19.596001
96790  25.261  -69.656  7.038 13.163728
96791  25.072  -70.287  6.833 13.106329
96817  14.081  -50.019  5.334 13.170865
96818  15.067  -50.155  5.320 13.933619
98150  21.265  -48.549  1.315 18.271030
98151  21.579  -48.482  0.905 18.342829
98152  20.749  -48.028  0.914 18.222582
98153  20.147  -47.448  0.530 18.054655
98154  19.447  -46.811  0.205 17.755728
98879  16.701  -85.441  3.714 16.190126
98880  16.157  -85.785  2.808 16.091131
98881  16.412  -85.233  2.778 16.241341
98882  15.862  -85.031  1.881 16.234451
98883  15.117  -84.793  1.051 16.159689
98884  13.163  -82.525  0.813 15.892058
98885  13.309  -83.071  0.579 15.894649
98886  12.079  -82.904  0.351 15.487254
98887  10.861  -83.327  -0.005 14.982129
98888  9.531  -83.731  -0.264 14.376194
98889  8.240  -84.150  -0.609 13.679819
98890  8.005  -83.565  -0.152 13.708107
99689  19.019  -68.326  2.528 15.899475
99690  17.617  -68.032  2.743 16.831362
99691  18.333  -67.653  2.476 16.362547
99692  17.537  -66.985  2.509 16.815826
99693  16.718  -66.379  2.546 17.220091
99694  18.333  -64.048  1.689 16.758144
99695  17.336  -64.440  2.014 17.091436
99696  16.818  -63.838  2.122 17.242971
99697  15.401  -63.576  2.699 17.477125
101115  24.045  -67.944  7.925 16.592083
102929  27.449  -59.029  0.694 13.358134
102930  26.879  -59.149  0.541 13.742984
102931  27.031  -58.507  0.480 14.018167
102932  26.522  -57.958  0.305 14.679493
102933  26.035  -57.347  0.100 15.326654
102934  24.962  -53.550  -1.095 17.443218
102935  25.014  -54.372  -0.873 17.130882
102936  24.662  -53.644  -1.326 17.623518
102937  24.310  -53.724  -1.551 17.731991
102938  23.908  -53.783  -1.768 17.741236
102939  23.490  -53.917  -1.848 17.631521
102940  23.592  -53.083  -2.159 17.928041
102941  23.303  -52.343  -2.580 17.967890
102942  23.058  -51.599  -2.994 17.837723
102943  22.443  -47.699  -0.756 18.506380
102944  23.101  -48.200  -0.905 18.602659
102945  22.573  -47.489  -1.162 18.518217
102946  22.678  -47.296  -1.569 18.503132
102947  22.766  -47.127  -2.015 18.444304
102948  20.801  -44.449  -3.060 15.454379
102949  21.593  -45.187  -3.028 16.539143
102950  21.634  -45.020  -3.379 15.961338
102951  22.189  -45.730  -3.725 16.385572
102952  22.581  -46.686  -3.981 16.706791
102953  22.722  -47.701  -4.072 16.912743
102954  22.450  -46.776  -4.296 15.954000
102955  22.272  -46.932  -4.554 15.073318
102956  22.066  -47.066  -4.786 14.093770
102957  21.836  -47.178  -4.984 13.052493
102958  21.875  -46.083  -4.943 12.786975
105130  12.688  -87.286  -0.771 14.797256
105131  12.542  -87.719  -0.715 14.543505
105132  11.668  -87.819  -1.468 14.243389
105133  10.780  -88.392  -1.973 13.618969
105134  9.949  -89.018  -2.432 12.943668
107546  13.016  -75.648  5.191 17.643517
107547  11.961  -75.906  5.028 17.187971
107548  11.648  -75.188  5.473 17.272842
107549  10.349  -74.703  5.929 16.829113
107550  9.321  -74.290  6.493 16.320957
107560  10.916  -66.862  5.557 18.353029
107561  10.173  -67.212  6.183 18.223782
107562  9.520  -66.535  6.528 18.034306
107587  24.048  -59.498  0.242 15.507621
107588  23.580  -60.145  0.369 15.464861
107589  23.174  -59.579  0.272 15.874575
107590  22.261  -59.624  0.366 16.151754
107592  18.065  -58.429  0.232 15.184278
107593  18.356  -58.935  0.482 15.592260
107594  16.931  -59.210  0.705 15.094704
107595  16.023  -59.778  1.227 15.016777
107596  15.139  -60.122  1.607 14.943838
107598  13.925  -59.977  1.837 14.278400
107599  12.881  -59.718  2.042 13.535053
111645  12.760  -90.789  5.787 12.667569
111646  12.179  -90.515  6.314 12.670313
111647  12.507  -90.034  6.755 13.171239
111648  12.950  -89.478  7.115 13.640424
111656  12.039  -85.965  9.342 14.230453
111657  12.427  -86.453  9.139 14.279702
111658  12.842  -86.924  8.910 14.331367
111659  13.250  -87.438  8.521 14.380281
111660  13.770  -86.861  8.692 14.667677
111661  14.596  -86.774  8.278 14.983189
111662  15.288  -86.642  7.745 15.272406
111663  15.885  -86.512  7.100 15.530962
111664  15.641  -86.034  7.710 15.465858
111665  15.950  -85.438  7.633 15.632647
111666  16.214  -84.867  7.603 15.783076
111667  15.640  -82.815  9.500 16.036554
111668  16.038  -83.114  8.821 16.027199
111669  16.191  -82.660  8.989 16.242365
111670  16.706  -82.462  8.353 16.428503
111671  17.019  -82.260  7.723 16.593781
111672  17.254  -82.058  7.005 16.736017
111673  17.100  -81.843  7.816 16.805071
111674  17.126  -81.431  7.898 17.035124
111675  17.124  -80.996  7.977 17.280210
111776  11.168  -70.801  13.232 18.228968
111778  10.459  -71.591  13.673 17.737818
111779  9.872  -72.287  13.928 17.239243
111780  9.324  -73.013  14.050 16.744825
111781  8.783  -73.797  14.072 16.265669
111782  9.439  -74.463  14.379 16.684017
111783  9.788  -75.899  14.482 16.622044
111784  10.273  -77.272  14.443 16.556957
111785  10.831  -78.481  14.174 16.487213
111786  11.107  -77.738  14.374 16.908117
111787  12.010  -78.120  14.181 17.229496
111788  12.840  -78.448  13.910 17.516714
111789  14.788  -77.165  13.115 18.945366
111790  14.565  -77.665  13.091 18.656744
111791  15.124  -77.885  12.483 18.768723
111792  15.524  -78.499  11.754 18.583895
111793  15.963  -79.078  10.840 18.391033
111794  16.402  -79.504  9.854 18.192064
111795  16.306  -78.977  9.959 18.456133
111796  16.558  -78.806  9.005 18.484983
111797  16.513  -78.403  8.158 18.475363
111798  16.306  -77.939  7.266 18.422953
111799  16.349  -77.925  8.213 18.647167
111800  16.208  -77.430  8.388 18.778700
111801  16.090  -76.932  8.531 18.865307
111802  17.412  -75.108  9.824 18.991516
111803  17.001  -75.408  9.494 18.987034
111804  17.435  -75.033  9.103 18.815092
111805  17.377  -74.769  8.265 18.656713
111806  17.215  -74.334  7.579 18.522646
111807  16.945  -73.768  6.952 18.415989
111808  17.678  -73.959  7.082 18.274748
111809  18.160  -73.590  6.519 17.954708
111810  18.653  -73.204  5.907 17.556742
111811  20.450  -71.498  9.582 19.157373
111812  20.111  -71.944  9.579 19.098854
111813  20.791  -71.887  9.164 18.581842
111814  21.135  -72.202  8.647 17.964666
111815  21.379  -72.435  8.171 17.333677
111816  23.725  -71.859  5.919 13.617867
111817  23.075  -72.200  6.243 14.475986
111818  23.197  -72.111  5.645 13.953698
111819  22.596  -72.347  5.429 14.368296
111820  21.932  -72.526  5.243 14.851082
111821  21.298  -72.559  5.060 15.385965
111822  21.873  -72.193  4.662 14.615346
111823  21.664  -71.713  4.104 14.489941
111824  21.436  -71.173  3.618 14.477264
111825  21.123  -70.616  3.248 14.576157
111826  22.095  -70.765  3.357 13.741711
111827  22.671  -70.270  3.162 13.020690
111885  27.557  -55.546  3.678 12.893923
111886  27.441  -55.296  3.311 13.313007
111887  27.256  -55.022  2.930 13.768315
111888  27.053  -54.700  2.556 14.255724
111889  26.757  -54.235  3.030 14.253385
111890  26.198  -53.512  3.094 14.743922
111891  25.596  -52.845  3.178 15.233600
111892  20.576  -53.235  6.705 13.329754
111893  21.618  -53.409  6.502 13.355816
111894  20.791  -52.963  6.483 13.651152
111895  20.976  -52.687  6.216 13.987844
111896  21.182  -52.393  5.956 14.338331
111897  19.086  -50.702  5.044 15.856520
111898  19.889  -51.035  5.205 15.675850
111899  20.030  -50.735  4.879 16.053699
111900  20.986  -50.788  4.691 16.165512
111901  21.957  -50.906  4.457 16.213015
111902  22.828  -51.158  4.160 16.217432
111903  21.998  -50.644  4.058 16.586214
111904  21.999  -50.361  3.658 16.946161
111905  22.012  -50.130  3.262 17.285189
111906  21.940  -49.854  2.844 17.593884
111907  21.207  -49.707  3.157 17.509703
111908  20.377  -49.340  3.059 17.632814
111909  19.446  -48.977  2.940 17.640671
115946  17.176  -83.122  3.694 16.614656
115947  16.706  -83.480  2.876 16.559526
115948  16.673  -82.841  2.958 16.633387
115949  16.009  -82.593  2.341 16.584394
115950  15.201  -82.359  1.796 16.448835
115951  15.613  -81.340  2.584 16.639826
115952  14.999  -81.728  1.962 16.449318
115953  14.143  -82.151  1.347 16.207035
115954  12.918  -82.016  1.092 15.842319
115955  11.460  -81.925  1.018 15.346286
115956  9.814  -81.862  1.238 14.722709
116576  21.825  -66.572  1.732 13.846331
116577  20.595  -66.394  1.785 14.891184
116578  21.393  -65.921  1.593 14.449215
116579  20.949  -65.303  1.470 15.044751
116580  20.450  -64.709  1.402 15.597235
116581  22.388  -64.274  1.164 14.360495
116582  21.153  -64.206  1.266 15.250059
116583  19.804  -64.139  1.430 16.072117
116584  19.291  -63.592  1.398 16.439964
116585  18.831  -62.981  1.458 16.679798
116586  18.340  -62.393  1.513 16.781107
119096  27.214  -56.445  0.810 14.769756
119097  26.872  -56.530  0.474 15.025587
119098  26.699  -55.773  0.509 15.401310
119099  26.195  -55.014  0.150 16.031162
119100  25.680  -54.239  -0.289 16.643976
119101  25.701  -53.369  0.023 16.760044
119102  25.499  -53.442  -0.369 16.985727
119103  25.255  -53.497  -0.749 17.221207
119104  24.875  -52.719  -1.257 17.740881
119105  24.559  -51.967  -1.690 18.177114
119106  24.260  -51.198  -2.143 18.500168
119107  19.327  -44.946  -1.646 16.577122
119108  20.411  -45.404  -1.793 17.115850
119109  19.479  -44.698  -1.949 16.273827
119110  19.583  -44.416  -2.239 15.899570
119111  19.646  -44.186  -2.517 15.442129
119113  18.641  -43.453  -2.587 14.295240
119114  19.756  -43.952  -2.789 14.889986
119115  19.885  -43.716  -3.068 14.234526
119116  19.966  -43.505  -3.364 13.473150
120808  8.827  -87.058  -2.555 13.076736
120809  8.915  -87.759  -2.816 12.864491
122719  22.617  -57.014  -0.521 16.611324
122720  22.160  -57.728  -0.219 16.463236
122721  21.911  -57.130  -0.462 16.442165
122722  21.225  -57.127  -0.394 16.161028
122723  20.291  -57.340  -0.292 15.774623
122724  20.764  -55.920  -0.982 15.587371
122725  20.102  -56.757  -0.549 15.425475
122726  19.168  -57.631  -0.175 15.292466
122727  17.914  -57.888  -0.047 14.726179
122728  16.722  -57.964  0.149 14.088960
122729  15.616  -57.918  0.355 13.396030
125886  12.031  -84.909  9.600 14.418338
125887  13.038  -84.943  9.593 14.691349
125888  13.887  -84.812  9.357 14.962633
125889  14.660  -84.703  9.041 15.226274
125890  14.244  -84.308  9.419 15.161114
125891  14.541  -83.846  9.539 15.363765
125892  14.815  -83.393  9.681 15.578838
125893  13.470  -83.028  10.782 15.318489
125894  14.351  -83.009  10.360 15.571949
125895  15.053  -82.931  9.876 15.812384
125896  15.188  -82.515  10.272 16.067905
125897  15.320  -82.034  10.570 16.346670
125898  15.463  -81.591  10.759 16.647511
125978  13.543  -69.569  11.974 19.539879
125979  12.677  -69.767  12.488 19.141083
125980  11.893  -70.318  12.893 18.700525
125981  11.642  -71.543  13.644 18.581959
125982  11.659  -72.908  14.203 18.458454
125983  11.843  -74.282  14.516 18.330683
125984  12.155  -75.564  14.565 18.198299
125985  12.541  -74.954  14.461 18.603926
125986  13.212  -75.476  14.271 18.825788
125987  13.846  -75.913  13.998 18.995716
125988  14.154  -74.225  13.770 19.440773
125989  14.195  -75.266  13.856 19.279692
125990  14.462  -76.294  13.645 19.115131
125991  15.055  -76.638  13.089 19.187233
125992  15.602  -76.860  12.412 19.216459
125993  16.000  -76.915  11.741 19.208359
125994  16.174  -76.979  10.964 19.168489
125995  16.269  -76.395  11.521 19.303797
125996  16.506  -75.925  11.257 19.333162
125997  16.846  -75.516  10.949 19.292233
125998  16.872  -74.609  11.729 19.531055
125999  17.112  -74.924  11.242 19.361141
126000  17.299  -75.123  10.559 19.177132
126001  17.836  -74.680  10.017 18.983774
126002  18.318  -74.412  9.373 18.707150
126003  18.835  -74.124  8.705 18.342396
126004  23.022  -70.961  8.124 16.431744
126005  22.748  -71.480  8.010 16.444391
126006  23.381  -71.250  7.660 15.604233
126007  23.658  -71.462  7.154 14.798828
126008  23.901  -71.540  6.644 14.044711
126009  24.830  -70.751  6.573 13.115084
126010  24.500  -71.182  6.383 13.199576
126011  24.108  -71.533  6.163 13.366119
126012  24.285  -71.438  5.546 12.781672
126064  27.123  -55.306  4.579 12.634633
126065  26.471  -54.596  4.687 13.104385
126066  25.740  -53.912  4.766 13.582307
126067  17.116  -51.510  6.419 13.886567
126068  18.188  -51.634  6.259 14.258641
126069  17.364  -51.242  6.131 14.318064
126070  17.571  -50.935  5.817 14.742512
126071  17.806  -50.727  5.520 15.156168
126072  16.051  -50.220  5.302 14.594101
126073  17.028  -50.338  5.275 15.136260
126074  18.038  -50.531  5.201 15.555218
126075  18.224  -50.307  4.839 15.935592
126076  18.364  -50.070  4.489 16.292789
126077  18.533  -49.846  4.155 16.621790
126078  18.615  -49.566  3.833 16.916744
126079  17.651  -49.475  3.948 16.548367
129125  24.116  -50.500  1.046 17.811226
129126  24.271  -50.442  0.558 17.895041
129127  23.746  -49.884  0.670 18.122324
129128  23.274  -49.238  0.359 18.353695
129129  22.777  -48.575  -0.035 18.481035
129130  21.837  -48.333  0.488 18.397840
129131  22.059  -48.131  0.068 18.442324
129132  22.292  -47.922  -0.349 18.478985
129133  21.671  -47.249  -0.624 18.324007
129134  20.905  -46.556  -0.868 17.998394
129135  20.070  -45.862  -1.135 17.494829
129142  18.932  -45.662  -0.743 17.158297
129143  19.050  -45.397  -1.057 17.012253
129144  19.148  -45.161  -1.344 16.820417
129145  18.189  -44.454  -1.495 15.998351
130664  15.670  -87.727  4.078 15.388849
130665  15.244  -87.921  3.237 15.198564
130666  15.500  -87.378  3.144 15.467263
130667  15.156  -87.051  2.122 15.475533
130668  14.436  -86.956  1.112 15.409507
130669  15.532  -86.110  1.913 15.910522
130670  14.738  -86.422  1.013 15.636867
130671  13.695  -86.825  0.133 15.264894
130672  12.835  -86.714  -0.731 15.037544
130673  11.786  -86.667  -1.448 14.724218
130674  10.798  -86.544  -1.853 14.323734
130675  16.095  -83.837  2.107 16.454599
130676  15.285  -84.164  1.249 16.276615
130677  14.280  -84.460  0.491 16.005173
130678  13.377  -83.623  0.280 15.849197
130679  13.285  -84.199  0.030 15.758087
130680  13.199  -84.845  -0.286 15.625692
130681  12.042  -85.246  -0.997 15.132835
130682  10.886  -85.801  -1.561 14.532017
130683  9.783  -86.432  -2.080 13.838748
130684  8.803  -86.358  -2.144 13.276568
130685  7.769  -86.100  -2.154 12.649977
132374  16.578  -69.770  3.863 17.642319
132375  15.223  -69.443  4.321 18.070040
132376  15.757  -69.078  3.832 17.880205
132377  14.603  -68.359  3.983 18.105801
132378  13.573  -67.756  4.260 18.287411
132379  15.977  -67.709  3.154 17.600142
132380  14.305  -67.425  3.755 18.136633
132381  12.528  -67.146  4.555 18.392979
132382  11.735  -66.533  4.930 18.394505
132383  11.072  -65.877  5.281 18.271395
132384  10.569  -65.211  5.605 18.013786
132385  19.230  -66.185  1.933 15.906646
132386  17.706  -65.975  2.189 16.815294
132387  16.027  -65.767  2.637 17.536692
132388  16.248  -64.790  2.397 17.422661
132389  15.364  -65.167  2.810 17.732761
132390  14.343  -65.486  3.307 18.001923
132391  12.797  -65.178  4.095 18.169115
132392  11.425  -64.864  4.947 18.032701
132403  20.760  -51.615  -3.640 13.465237
132404  20.378  -52.564  -3.137 13.439249
135363  16.300  -69.324  10.777 20.392429
135364  16.671  -70.089  11.154 20.416109
135365  17.194  -70.822  11.324 20.353521
135366  17.682  -71.514  11.343 20.206717
135367  17.926  -70.830  10.973 20.336615
135368  18.649  -70.821  10.565 20.221725
135369  19.382  -70.902  10.222 20.000357
135370  19.599  -69.442  9.537 20.408121
135371  19.801  -70.200  9.826 20.087561
135372  20.102  -70.920  9.856 19.666082
135373  20.775  -70.906  9.555 19.216362
135374  21.422  -70.866  9.259 18.654793
135375  22.115  -70.802  8.812 17.992611
135383  22.361  -70.037  8.700 18.022709
135384  22.659  -70.588  8.546 17.248871
135385  23.302  -70.350  8.190 16.449244
135386  23.928  -70.109  7.850 15.623320
135387  24.473  -69.833  7.582 14.801328
135388  24.399  -68.496  7.789 15.755970
135389  24.760  -68.953  7.584 14.885202
135390  25.002  -69.379  7.352 14.010922
135391  25.457  -68.878  7.165 13.275088
135426  21.196  -53.922  6.947 12.804215
135428  20.127  -53.758  7.153 12.735123
135429  20.360  -53.500  6.927 13.024313
135430  19.494  -53.062  6.887 13.212239
135431  18.556  -52.568  6.853 13.354826
135432  17.708  -52.187  6.757 13.438659
135440  16.623  -52.128  6.865 13.016768
135441  16.856  -51.791  6.636 13.451632
135442  16.002  -51.381  6.461 13.384806
135443  15.336  -51.082  6.155 13.234426
135444  14.605  -50.703  5.883 13.002586
135447  13.872  -50.283  5.589 12.697451
139164  25.715  -61.706  0.799 13.110677
139165  26.115  -61.039  0.706 13.186941
139166  25.687  -60.531  0.565 13.849848
139167  25.279  -59.983  0.435 14.488112
139168  26.237  -59.250  0.457 14.172151
139169  25.560  -59.361  0.360 14.626434
139170  24.834  -59.443  0.289 15.081239
139171  24.381  -58.886  0.141 15.610198
139172  23.996  -58.278  0.014 16.058649
139173  23.625  -57.620  -0.217 16.413704
139174  26.494  -56.582  0.196 15.318194
139175  26.065  -56.601  -0.014 15.631294
139176  25.555  -56.687  -0.148 15.943033
139177  25.033  -55.200  -0.668 16.816076
139178  25.055  -55.996  -0.456 16.511145
139179  25.024  -56.760  -0.261 16.227861
139180  24.465  -56.829  -0.359 16.458981
139181  23.863  -56.891  -0.448 16.611563
139182  23.259  -56.938  -0.513 16.666351
139183  22.935  -56.265  -0.857 16.810999
139184  22.638  -55.608  -1.202 16.844055
139185  22.367  -54.939  -1.580 16.762297
139186  23.049  -54.013  -1.930 17.394287
139187  22.592  -54.112  -1.986 17.032991
139188  22.120  -54.282  -1.951 16.560993
139189  21.867  -53.603  -2.373 16.232557
139190  21.574  -52.895  -2.827 15.766580
139191  21.398  -52.177  -3.255 15.151659
139192  24.379  -50.371  0.061 18.002850
139193  24.409  -50.321  -0.425 18.133408
139194  24.413  -50.272  -0.884 18.280149
139195  23.648  -48.773  -1.069 18.617435
139196  24.118  -49.450  -1.269 18.557364
139197  24.383  -50.253  -1.327 18.430313
139198  24.307  -50.272  -1.765 18.564489
139199  24.157  -50.297  -2.187 18.656918
139200  23.959  -50.326  -2.543 18.677341
139201  21.355  -45.865  -1.920 17.596258
139202  22.222  -46.381  -2.198 18.002193
139203  22.795  -46.945  -2.444 18.320276
139204  22.262  -45.970  -2.982 17.434870
139205  22.791  -46.793  -2.852 18.106443
139206  23.212  -47.664  -2.665 18.540787
139207  23.482  -48.493  -2.823 18.658726
139208  23.649  -49.400  -2.886 18.674541
139209  23.714  -50.388  -2.827 18.594652
139210  23.446  -50.534  -3.070 18.382154
139211  23.152  -50.636  -3.263 18.023212
139212  22.826  -50.749  -3.425 17.515102
139213  22.711  -48.822  -4.019 17.001379
139214  22.609  -49.884  -3.841 16.981213
139215  22.451  -50.916  -3.562 16.869921
139216  22.072  -51.051  -3.647 16.111652
139217  21.664  -51.218  -3.691 15.270920
139218  21.231  -51.442  -3.675 14.379340
139219  21.082  -50.624  -4.097 13.449159
143647  14.767  -88.032  2.344 14.935332
143648  14.064  -88.354  1.471 14.600953
143650  12.455  -88.187  -0.530 14.280862
143651  12.462  -88.671  -0.176 14.013320
143656  8.995  -88.453  -2.922 12.649498
148517  14.676  -78.334  4.292 17.290243
148518  14.037  -78.532  3.823 16.962570
148519  13.474  -77.956  4.116 17.006567
148520  12.072  -77.589  4.227 16.616962
148521  10.457  -77.255  4.526 16.120728
148522  10.928  -76.229  4.949 16.675480
148523  9.830  -76.551  4.918 16.117821
148524  8.730  -76.877  5.089 15.527518
148546  13.571  -69.146  4.946 18.268471
148547  11.777  -68.980  5.835 18.218807
148548  10.154  -68.848  6.735 17.926268
148549  9.594  -67.647  6.722 18.015402
148600  24.831  -61.817  0.752 13.757113
148601  23.830  -61.917  0.725 14.431162
148602  22.743  -62.026  0.728 15.095800
148603  22.976  -60.826  0.507 15.484023
148604  22.326  -61.519  0.648 15.565146
148605  21.619  -62.091  0.813 15.706421
148606  20.469  -62.075  0.976 16.214640
148607  19.242  -61.963  1.215 16.573515
148627  19.907  -53.455  -2.580 13.381415
148628  19.358  -54.300  -1.990 13.300140
148629  18.693  -55.122  -1.427 13.201083
148632  17.785  -55.908  -0.981 13.087451
148633  16.730  -56.661  -0.566 12.960243
148634  15.626  -57.275  0.012 12.819388
148635  14.597  -57.737  0.534 12.664598
156734  14.543  -90.463  4.266 13.433121
156735  13.511  -90.652  5.577 13.127808
156736  14.295  -90.360  5.189 13.521425
156737  14.727  -90.013  4.503 13.840940
156738  14.898  -89.537  4.714 14.233626
156739  15.067  -89.053  4.861 14.602638
156740  15.331  -88.569  4.942 14.941033
156756  9.877  -87.892  7.794 12.783216
156757  10.381  -88.563  7.599 12.735473
156758  10.827  -89.160  7.265 12.702616
156759  11.752  -89.089  7.445 13.187110
156760  12.635  -89.016  7.482 13.645435
156761  13.472  -88.897  7.379 14.066838
156762  13.662  -87.929  8.017 14.420131
156763  13.983  -88.377  7.535 14.443552
156764  14.220  -88.751  6.966 14.442960
156765  14.859  -88.548  6.412 14.767487
156766  15.350  -88.325  5.713 15.035673
156767  15.707  -88.062  4.928 15.243939
156768  15.923  -87.564  4.931 15.508960
156769  16.209  -86.949  4.790 15.736183
156770  16.478  -86.351  4.696 15.927958
156771  16.291  -86.324  6.355 15.755335
156772  16.539  -86.094  5.525 15.942380
156773  16.702  -85.806  4.632 16.088678
156774  16.930  -85.268  4.504 16.224009
156775  17.186  -84.635  4.522 16.340578
156776  17.306  -84.049  4.455 16.445169
156777  15.363  -84.595  8.640 15.477331
156778  15.968  -84.468  8.141 15.711885
156779  16.495  -84.352  7.491 15.927083
156780  16.358  -83.472  8.175 16.040466
156781  16.690  -83.824  7.490 16.073702
156782  16.936  -84.226  6.809 16.120733
156783  17.201  -84.027  6.083 16.290520
156784  17.362  -83.772  5.250 16.433289
156785  17.350  -83.447  4.435 16.544060
156786  17.325  -82.839  4.496 16.642553
156787  17.240  -82.229  4.610 16.744719
156788  17.103  -81.640  4.646 16.853128
156789  17.383  -81.785  6.275 16.851322
156790  17.227  -81.450  5.429 16.932541
156791  16.898  -81.084  4.572 16.968723
156792  16.662  -80.532  4.590 17.090935
156793  16.341  -79.966  4.593 17.218172
156794  15.972  -79.405  4.623 17.347918
157005  8.295  -74.597  13.997 15.811391
157006  7.874  -75.402  13.804 15.390058
157010  9.259  -80.099  13.119 15.041407
157011  10.213  -80.435  13.060 15.359716
157012  11.224  -80.713  13.018 15.672578
157013  12.231  -80.960  12.881 15.973560
157014  11.537  -79.526  13.824 16.412771
157015  12.339  -80.377  13.293 16.335073
157016  13.179  -81.141  12.657 16.257076
157017  14.045  -81.166  12.152 16.518864
157018  14.861  -81.135  11.578 16.756012
157019  15.536  -81.127  11.001 16.967014
157020  12.542  -76.737  14.381 18.060602
157021  13.032  -77.805  14.034 17.916880
157022  13.555  -78.680  13.503 17.767080
157023  14.413  -78.281  13.061 18.331108
157024  14.297  -78.866  12.957 17.979326
157025  14.224  -79.469  12.819 17.612242
157026  14.890  -80.141  12.029 17.455017
157027  15.532  -80.681  11.202 17.299572
157028  16.123  -81.045  10.314 17.151152
157029  16.603  -80.930  9.576 17.308001
157030  16.936  -80.774  8.877 17.436596
157031  17.073  -80.464  7.987 17.534466
157032  16.798  -79.801  8.885 17.990206
157033  16.953  -79.964  7.906 17.790144
157034  17.040  -80.160  7.059 17.596830
157035  16.845  -79.743  6.152 17.615887
157036  16.303  -79.245  5.343 17.580574
157037  15.543  -78.749  4.743 17.477053
157038  15.176  -78.127  4.864 17.602959
157039  14.803  -77.478  5.006 17.723110
157040  14.504  -76.870  5.253 17.835543
157041  15.925  -77.354  6.414 18.321455
157042  15.175  -76.797  5.871 18.162889
157043  14.240  -76.230  5.447 17.939159
157044  13.989  -75.631  5.757 18.033085
157045  13.820  -75.123  6.228 18.116600
157047  16.226  -76.903  10.206 19.102007
157048  16.200  -76.741  9.349 19.012932
157050  16.604  -75.615  9.158 18.957951
157059  16.616  -73.227  6.417 18.336758
157060  16.150  -72.603  6.021 18.281717
157061  15.587  -71.939  5.736 18.244410
157062  16.087  -71.555  5.241 18.141567
157063  16.505  -71.096  4.719 17.975899
157064  17.016  -70.725  4.244 17.737610
157065  18.067  -72.061  11.071 19.982498
157066  18.448  -72.533  10.687 19.692558
157067  18.765  -72.975  10.306 19.352821
157068  19.746  -72.376  9.602 19.047131
157069  19.382  -72.828  9.699 19.007235
157070  19.016  -73.361  9.804 18.982109
157071  19.200  -73.638  9.300 18.600710
157072  19.349  -73.792  8.754 18.228855
157073  19.410  -73.823  8.019 17.885485
157074  22.447  -71.942  7.897 16.493862
157075  22.026  -72.329  7.776 16.584167
157076  21.576  -72.630  7.642 16.716776
157077  22.401  -72.503  6.609 15.326489
157078  21.746  -72.780  7.065 16.139833
157079  21.102  -72.927  7.501 16.889990
157080  20.585  -73.246  7.406 17.098873
157081  20.028  -73.521  7.359 17.335054
157082  19.448  -73.780  7.312 17.586920
157083  19.403  -73.667  6.665 17.346741
157084  19.324  -73.250  5.965 17.174887
157085  19.148  -72.772  5.305 17.077791
157086  20.526  -72.507  4.877 15.951192
157087  19.726  -72.429  4.783 16.519291
157088  18.907  -72.289  4.759 17.058031
157089  18.546  -71.697  4.299 17.113766
157090  18.091  -71.047  3.974 17.238571
157091  17.455  -70.369  3.833 17.420610
157092  17.884  -70.035  3.482 17.024427
157093  18.459  -69.698  3.154 16.555836
157094  19.092  -69.266  2.880 16.028662
157095  20.764  -70.069  2.987 14.781303
157096  20.337  -69.495  2.758 15.082260
157097  19.757  -68.893  2.604 15.462724
157098  20.378  -68.478  2.390 14.881153
157099  21.053  -68.042  2.210 14.307877
157100  21.769  -67.595  2.040 13.764612
157108  22.953  -67.605  2.058 12.747817
157109  22.485  -67.083  1.892 13.269563
157110  23.059  -66.544  1.748 12.836180
157142  25.668  -66.228  7.708 13.780773
157143  25.981  -66.598  7.468 13.005853
157205  27.897  -59.317  0.897 12.713330
157206  27.927  -58.685  0.936 13.030849
157207  27.872  -58.071  0.961 13.379348
157208  27.764  -57.471  0.983 13.753697
157215  28.185  -57.447  1.645 12.980840
157216  27.890  -57.143  1.372 13.550061
157217  27.554  -56.802  1.083 14.149211
157218  27.296  -56.081  1.149 14.561399
157219  26.987  -55.269  1.210 14.985896
157220  26.643  -54.412  1.277 15.417853
157221  26.801  -54.363  2.164 14.770121
157222  26.561  -54.010  1.738 15.304862
157223  26.257  -53.570  1.333 15.851602
157224  25.846  -52.826  1.309 16.280294
157225  25.365  -52.098  1.343 16.695410
157226  24.854  -51.453  1.399 17.086786
157229  24.488  -54.357  6.074 12.812594
157230  22.621  -53.616  6.347 13.310038
157231  23.664  -53.844  6.115 13.211925
157232  24.643  -54.119  5.809 13.079671
157233  24.806  -53.842  5.516 13.378004
157234  24.938  -53.565  5.190 13.706544
157235  25.020  -53.300  4.833 14.063511
157236  19.273  -51.804  6.074 14.507658
157237  20.367  -51.973  5.868 14.648451
157238  21.344  -52.089  5.728 14.700876
157239  20.694  -51.387  5.342 15.408809
157240  21.524  -51.786  5.463 15.072975
157241  22.369  -52.226  5.539 14.686462
157242  23.372  -52.448  5.262 14.626534
157243  24.264  -52.726  4.901 14.540690
157244  25.025  -52.988  4.477 14.446377
157245  25.012  -52.741  4.100 14.852035
157246  25.032  -52.523  3.682 15.276248
157247  24.941  -52.234  3.244 15.713893
157248  23.603  -51.397  3.732 16.198484
157249  24.237  -51.651  3.284 16.173811
157250  24.805  -51.911  2.817 16.158495
157251  24.683  -51.578  2.382 16.601908
157252  24.490  -51.232  1.902 17.034018
157253  24.302  -50.877  1.458 17.442255
157254  23.691  -50.341  1.564 17.748049
157255  23.017  -49.844  1.640 17.989113
157256  22.267  -49.375  1.686 18.149948
157257  21.831  -49.573  2.447 17.861059
157258  21.662  -49.268  2.067 18.073372
157259  21.466  -48.921  1.685 18.215586
157260  20.627  -48.473  1.645 18.173277
157261  19.785  -48.022  1.580 18.013956
157262  18.911  -47.590  1.506 17.734432
157263  18.646  -49.266  3.495 17.170898
157264  18.623  -48.952  3.142 17.376324
157265  18.562  -48.604  2.784 17.523912
157267  17.691  -48.208  2.617 17.279621
157268  18.529  -48.289  2.450 17.603802
157269  18.444  -47.942  2.100 17.605688
157270  18.314  -47.552  1.752 17.519903
157271  17.986  -47.137  1.423 17.338791
161899  13.464  -78.882  3.351 16.620232
161900  12.832  -79.273  2.934 16.261211
161901  12.149  -79.769  2.564 15.880652
161902  9.374  -78.773  3.641 15.155450
161903  10.374  -79.547  2.910 15.310785
161904  11.336  -80.267  2.303 15.471316
161905  10.377  -80.736  2.045 15.024807
161906  9.118  -81.247  1.816 14.532961
