#!ascii label  , from subject fsaverage vox2ras=TkReg coords=white
2311
51  39.252  0.948  50.384 10.337923
110  52.866  -0.163  38.494 11.767411
111  61.306  5.644  24.705 15.083391
194  65.379  -12.769  21.740 10.445971
243  47.487  -5.252  52.173 10.938794
244  46.594  1.955  46.390 10.906433
245  54.123  -4.792  45.189 10.107790
246  54.943  -3.917  36.118 11.542573
499  56.443  5.741  33.420 11.492005
500  53.464  -3.281  25.643 11.332776
501  59.185  -7.975  19.289 14.418834
511  63.598  -4.083  12.992 14.596409
724  51.834  -4.746  49.904 10.394669
1091  50.408  0.480  42.466 11.084839
1097  53.691  2.292  35.427 11.425278
1099  54.651  -2.874  31.533 11.130145
1120  60.792  5.946  21.153 11.205241
1121  61.348  1.096  15.500 11.549540
1122  61.518  -0.313  17.964 16.593565
1123  62.172  -6.724  15.963 16.903791
1124  59.122  -1.354  20.360 17.585041
1589  43.387  -3.366  45.708 12.021292
1590  42.973  1.391  48.837 10.966733
1591  48.178  -1.160  48.524 12.548395
1592  52.517  0.828  46.971 12.295859
1593  55.938  -0.856  43.114 12.943840
1594  57.397  -0.307  39.381 13.468843
1595  54.317  -4.909  40.253 10.947876
1610  57.600  7.903  27.200 10.378683
1850  42.468  -6.072  51.087 10.812495
2145  59.184  7.575  30.417 13.349635
2146  58.752  1.470  36.183 13.188250
2147  59.721  2.389  32.298 13.945849
2148  59.751  1.512  26.776 15.328950
2149  55.310  -4.981  21.396 13.279906
2178  65.818  -8.517  17.207 12.056911
2179  64.936  -7.817  22.274 12.506697
3011  51.511  -0.379  40.331 11.426621
3013  49.234  -0.515  38.001 10.115303
3015  50.248  0.419  36.326 10.328011
3016  50.862  1.819  34.649 10.174581
3017  53.186  0.917  36.904 11.778107
3040  61.307  5.945  22.885 13.276954
3041  61.628  3.227  19.819 13.747058
3042  61.675  2.491  21.488 15.950920
3043  60.475  -0.876  19.210 17.985157
3044  61.208  2.031  23.174 16.967466
3608  45.529  -4.880  48.560 12.092872
3609  45.773  -2.525  46.907 12.597731
3610  48.056  -3.787  49.913 12.153526
3611  53.355  -4.680  47.771 10.145449
3612  52.538  -1.921  48.664 11.638660
3613  54.321  -1.950  46.703 11.646558
3614  54.302  0.086  44.990 12.549563
3615  55.686  -2.525  44.439 11.910651
3616  56.491  -2.801  42.244 12.363313
3617  54.152  -4.970  42.532 10.401484
4066  41.281  -6.016  46.857 10.639059
4067  40.458  -6.641  50.711 10.285361
4711  44.593  1.750  47.762 10.984966
4730  55.070  7.281  31.989 10.277171
4731  56.643  8.308  30.946 11.125839
4732  57.729  7.146  32.169 12.351341
4733  57.182  -1.895  38.297 12.984706
4734  58.010  0.528  37.810 13.321294
4735  57.755  -1.117  36.510 12.901772
4736  53.611  -3.033  28.481 11.058544
4737  57.978  -0.457  31.801 12.859873
4738  57.185  -0.650  29.046 13.110825
4739  59.904  2.359  29.877 14.587276
4740  56.597  -1.243  26.149 13.617820
4741  56.615  -1.953  23.272 14.534138
4742  54.150  -3.863  23.332 12.089713
4803  62.592  -1.315  13.624 13.739693
4804  61.868  -1.437  12.634 11.160547
4805  63.254  -3.805  11.755 12.041677
4807  64.386  -6.390  12.748 11.557656
4808  65.221  -8.707  14.929 10.526247
4809  64.835  -6.897  14.423 13.517361
4810  60.627  -7.601  17.600 16.100576
4811  63.812  -7.957  19.024 14.489089
4812  62.337  -8.655  20.753 13.517640
4813  63.863  -7.407  24.277 11.381499
4814  60.763  -9.110  22.335 11.837361
5822  65.212  -11.450  23.552 10.702961
5910  49.980  -4.967  51.395 10.701681
6571  48.589  1.334  44.652 10.912737
6583  55.223  3.872  34.498 11.178063
6585  55.036  -3.261  34.021 11.365763
6626  61.245  3.918  18.260 11.408316
6627  61.882  0.664  16.744 14.047834
6628  62.464  -2.077  14.941 16.388927
6629  63.188  -5.201  14.421 16.411016
6630  61.295  -3.335  15.872 18.068943
6631  59.634  -4.338  16.858 18.067854
6632  58.169  -4.857  18.369 16.613779
7547  40.500  -1.168  46.633 11.126295
7548  41.361  1.087  49.828 10.724510
7549  42.576  -0.637  46.792 11.875596
7550  45.066  -0.099  47.457 12.123404
7551  47.671  1.303  48.370 11.987886
7552  50.450  -2.648  49.937 11.875786
7553  50.409  0.281  48.682 12.308413
7554  49.729  1.905  46.973 11.898367
7555  51.785  1.422  44.746 12.053996
7556  53.290  0.443  42.827 12.399535
7557  54.867  -0.167  41.209 12.806499
7558  55.832  0.350  39.550 13.028506
7559  56.886  -0.835  41.248 13.325026
7560  56.879  -2.446  40.075 12.804639
7561  54.513  -4.581  38.119 11.420404
7597  59.374  7.051  24.242 10.893221
7598  60.064  7.508  26.071 12.685781
8173  38.660  -1.642  46.315 10.187860
8174  41.187  -3.688  45.206 10.970678
8175  43.428  -5.524  47.508 11.523800
8176  44.843  -5.640  51.878 11.006096
8177  42.668  -6.132  54.662 10.183517
9002  58.513  8.266  28.863 11.974440
9003  60.434  6.943  27.756 14.229440
9004  56.340  1.216  37.934 12.860042
9005  57.131  2.380  36.390 12.536664
9006  57.956  3.645  35.036 12.568624
9007  58.118  -0.627  34.313 12.799321
9008  59.305  2.080  34.381 13.401179
9009  58.830  4.631  33.589 13.178649
9010  59.684  5.298  31.633 14.099419
9011  60.412  5.179  29.029 14.978727
9012  60.948  3.970  26.036 15.876684
9013  59.608  0.220  23.850 16.379206
9014  56.970  -3.221  20.502 15.775824
9015  56.935  -6.497  19.967 14.353984
9016  53.904  -6.563  22.701 10.664399
9017  55.832  -7.873  21.853 11.744424
9018  58.161  -8.998  21.889 12.188834
9098  66.022  -10.310  19.907 11.105520
9099  64.704  -7.484  16.888 14.538207
9100  65.634  -8.242  19.772 12.740751
9101  65.944  -9.453  22.235 11.621013
9102  65.475  -8.307  24.518 11.137517
10690  40.442  1.675  51.793 10.219012
10691  52.189  -0.444  39.449 11.617625
10692  50.400  -0.666  38.936 10.782529
10693  50.968  -0.447  38.125 10.951872
10694  49.719  -0.121  37.159 10.257273
10695  51.485  0.088  37.420 11.062994
10696  51.587  0.666  36.490 11.076032
10697  53.035  0.353  37.686 11.829597
10720  61.375  5.865  23.757 14.266783
10721  61.675  4.339  22.134 14.616323
10722  61.608  4.101  23.007 15.523291
10723  61.497  2.253  22.303 16.655371
10724  61.414  3.979  23.985 16.140266
11288  46.343  -5.006  50.681 11.639535
11289  46.758  -4.292  49.324 12.186097
11290  47.727  -4.573  51.072 11.608094
11291  53.903  -4.659  46.569 10.090257
11292  53.973  -3.274  47.344 10.917336
11293  54.667  -3.398  46.181 10.944747
11294  55.055  -2.215  45.617 11.748911
11295  55.108  -3.688  44.944 11.045506
11296  55.310  -3.900  43.655 11.220271
11297  54.195  -4.845  43.812 10.211390
11746  39.876  -6.930  48.537 10.034368
12391  45.659  2.003  47.255 10.944498
12392  43.886  2.154  46.874 10.343603
12393  44.787  1.901  45.995 10.317080
12408  55.006  5.682  33.058 10.603435
12410  55.739  6.612  32.566 10.893764
12411  56.543  7.371  32.098 11.303363
12412  57.042  6.518  32.810 11.874846
12413  56.282  -2.907  37.298 12.380116
12414  57.497  -1.546  37.470 12.963252
12415  56.524  -2.543  36.308 12.346674
12416  53.459  -3.132  27.019 11.142035
12417  55.294  -1.843  28.665 12.115479
12418  54.975  -2.048  27.273 12.259186
12419  56.807  -0.996  27.654 13.322507
12420  54.740  -2.307  25.748 12.501741
12421  55.013  -2.536  24.484 12.861052
12422  53.724  -3.568  24.404 11.646584
12483  63.116  -2.601  13.045 14.445076
12484  62.993  -2.462  12.433 13.090210
12485  63.514  -3.826  12.355 13.360559
12486  63.805  -5.056  12.062 11.949387
12487  64.064  -5.300  12.793 13.159593
12488  64.668  -6.570  13.511 12.631741
12489  64.189  -5.565  13.507 14.215940
12490  59.917  -7.810  18.459 15.343366
12491  61.481  -8.464  18.977 14.791388
12492  60.692  -8.696  19.866 14.033538
12493  61.544  -8.926  21.566 12.754468
12494  59.937  -8.862  20.638 13.121380
13544  65.076  -10.671  24.664 10.396506
13545  64.678  -12.261  24.443 10.107519
14791  49.592  0.940  43.590 10.975780
14792  47.865  0.777  43.357 10.296846
14793  48.755  0.315  42.259 10.350658
14808  52.255  2.094  34.946 10.804442
14810  52.818  2.746  34.495 10.613087
14811  53.556  3.630  34.066 10.479514
14812  54.408  2.981  34.919 11.251942
14880  60.507  5.948  20.319 10.323841
14881  60.908  5.111  18.855 10.403965
14882  61.167  4.984  19.662 11.310986
14883  61.668  1.543  19.054 15.209398
14884  61.656  1.957  18.280 13.930984
14885  61.828  0.222  17.326 15.388769
14886  62.224  -0.791  15.882 15.395448
14887  61.909  -1.363  16.329 16.652851
14888  62.033  -2.704  15.418 17.414816
14889  61.301  -1.828  16.790 17.634829
14890  59.798  -1.132  19.818 18.003656
14891  59.746  -2.513  17.778 18.325399
14892  58.988  -2.786  18.359 17.992958
14893  58.838  -4.599  17.596 17.481339
14894  58.206  -3.030  18.960 17.290873
16583  41.792  -2.198  45.715 11.614629
16584  41.492  -0.899  46.764 11.547830
16585  42.901  -1.957  45.790 12.051953
16586  46.975  -1.918  47.778 12.633083
16587  45.391  -1.201  46.858 12.478381
16588  46.678  -0.611  47.800 12.463128
16589  46.385  0.543  48.099 12.076170
16590  47.869  0.109  48.466 12.365340
16591  50.942  -4.823  50.771 10.549643
16592  50.328  -3.960  50.723 11.352197
16593  51.333  -3.656  50.187 11.192583
16594  52.588  -0.415  47.931 12.072285
16595  51.565  -0.684  48.754 12.103791
16596  51.481  0.746  48.025 12.263575
16597  50.173  1.488  48.086 12.195397
16598  51.253  1.556  47.047 12.204635
16599  50.812  1.767  45.836 11.946094
16600  52.277  1.402  45.864 12.285811
16601  55.095  -0.394  44.078 12.737121
16602  53.965  0.464  43.982 12.603567
16603  54.760  -0.026  43.134 12.806190
16604  54.159  0.000  42.063 12.607177
16605  55.618  -0.392  42.288 13.013511
16606  56.144  -0.367  41.412 13.197680
16607  56.494  -0.928  42.204 13.149409
16608  55.698  -3.905  41.312 11.727554
16609  56.677  -2.644  41.156 12.603378
16610  55.744  -3.814  40.224 11.991582
16611  55.760  -3.573  39.181 12.205426
16612  54.370  -4.785  39.097 11.216959
16692  58.527  7.520  25.761 10.661459
16693  59.835  7.355  25.144 11.783260
16694  58.920  7.865  26.679 11.500476
17956  39.916  -2.620  45.410 10.552359
17957  40.148  -4.014  45.140 10.407055
17958  41.874  -6.287  48.847 10.851279
17959  42.296  -5.793  47.122 11.103892
17960  42.942  -6.058  49.166 11.173152
17961  44.038  -5.754  49.647 11.419946
17962  43.620  -5.833  51.381 10.947789
17964  41.740  -6.404  54.840 10.109257
19891  42.215  1.227  49.411 10.872288
19892  42.392  2.030  50.795 10.303594
19893  42.850  2.174  50.071 10.339679
19953  58.056  8.124  30.752 12.261402
19954  57.530  8.447  30.089 11.565615
19955  58.908  8.049  29.638 12.716850
19956  59.687  7.756  28.338 13.135028
19957  59.860  7.348  29.156 13.802950
19958  56.856  0.144  39.629 13.362210
19959  56.213  0.753  38.792 12.990907
19960  57.152  0.539  38.817 13.305804
19961  58.337  1.064  36.992 13.226829
19962  57.758  1.545  37.248 13.041138
19963  58.144  2.087  36.483 12.951430
19964  57.578  2.978  35.725 12.482388
19965  58.540  2.574  35.770 12.965191
19966  54.933  -2.981  32.848 11.240052
19967  56.677  -1.992  34.120 12.173522
19968  56.586  -1.875  32.883 12.094127
19969  59.235  0.917  32.130 13.507942
19970  59.130  0.865  33.266 13.331987
19971  59.537  2.319  33.424 13.647086
19972  59.180  3.367  34.097 13.381131
19973  59.519  3.630  33.123 13.742823
19974  59.227  5.058  32.669 13.628637
19975  59.849  3.850  32.056 14.144976
19976  59.820  2.043  28.367 14.931431
19977  60.315  3.894  29.574 14.934051
19978  60.509  3.524  28.058 15.330194
19979  60.763  4.657  27.549 15.409143
19980  60.656  2.790  26.528 15.771000
19981  60.683  2.043  25.084 16.283361
19982  59.725  0.956  25.373 15.809804
19983  55.723  -3.479  22.032 13.933430
19984  56.725  -2.555  21.844 15.142109
19985  56.168  -4.112  20.912 14.573485
19986  56.738  -4.924  19.873 15.159058
19987  56.054  -5.705  20.581 13.890958
19989  53.093  -6.062  23.326 10.127232
19992  55.301  -8.566  22.886 10.402736
19993  56.473  -9.056  22.872 10.753885
19994  56.962  -8.520  21.802 12.084903
19995  57.649  -9.413  23.121 10.923717
19996  58.955  -9.407  23.499 10.912691
20168  60.856  2.415  16.190 10.557128
20170  60.883  0.908  14.810 10.578686
20171  62.020  -2.892  11.696 10.507496
20172  61.213  -1.832  12.477 10.088050
20185  65.621  -8.633  16.063 11.388399
20186  65.545  -9.564  16.284 10.108200
20187  65.869  -9.472  17.392 10.904047
20188  65.884  -10.474  18.730 10.536633
20189  65.998  -9.316  18.551 11.514880
20190  62.759  -6.048  15.163 16.836082
20191  63.929  -6.645  15.366 15.571637
20192  63.615  -7.292  16.417 15.793422
20193  64.429  -7.908  20.722 13.401810
20194  64.934  -7.855  19.604 13.595277
20195  65.347  -8.047  21.101 12.739621
20196  65.939  -8.769  21.211 12.112641
20197  65.712  -8.338  22.410 12.067063
20198  65.771  -8.865  23.424 11.512454
20199  65.366  -7.930  23.514 11.776203
20200  63.107  -7.368  25.200 10.539484
20201  64.321  -7.281  25.558 10.504495
23851  51.019  0.024  41.321 11.239104
23852  49.291  -0.131  41.078 10.453379
23853  49.794  -0.532  39.958 10.603585
23861  50.444  1.042  35.457 10.298769
23862  51.846  1.374  35.621 10.979767
23863  53.395  1.622  36.066 11.625741
23904  61.081  5.948  22.022 12.220454
23905  61.455  4.836  20.547 12.384305
23906  61.613  4.605  21.362 13.527147
23907  61.777  2.907  20.700 14.937646
23908  61.548  1.036  19.771 16.328268
23909  61.054  -0.691  18.577 17.499559
23910  61.338  0.690  20.535 17.135454
23911  61.014  0.420  21.346 17.526848
23912  60.485  0.188  22.105 17.470358
24926  44.756  -4.283  46.858 12.214364
24927  44.563  -3.017  46.134 12.393842
24928  45.908  -3.825  47.480 12.458226
24929  47.116  -3.253  48.222 12.538572
24930  48.259  -2.596  48.946 12.482021
24931  52.609  -4.715  48.879 10.253700
24932  52.275  -3.442  49.381 11.053455
24933  53.201  -3.310  48.440 10.956914
24934  53.420  -1.854  47.781 11.608814
24935  53.578  -0.418  46.861 12.113961
24936  53.471  0.562  45.936 12.396930
24937  54.456  -0.694  45.928 12.219490
24938  55.189  -1.145  44.912 12.375836
24939  55.935  -1.580  43.861 12.570436
24940  56.487  -1.727  42.843 12.787918
24941  56.094  -2.775  43.323 12.121972
24942  55.511  -3.930  42.428 11.456869
24943  54.269  -4.993  41.412 10.659571
25750  40.290  -5.222  45.558 10.269202
25751  40.246  -6.266  46.760 10.149876
25752  40.819  -6.547  48.623 10.467812
25753  41.432  -6.323  50.809 10.591673
26911  43.724  1.503  48.295 11.000614
26912  43.204  2.283  49.135 10.360622
26913  43.395  2.302  48.016 10.361093
26948  55.871  7.885  31.522 10.681218
26949  57.297  7.896  31.520 11.777863
26950  58.441  7.499  31.392 12.859525
26951  57.525  -0.918  38.958 13.345079
26952  57.678  0.136  38.562 13.419065
26953  57.840  -0.545  38.129 13.313572
26954  58.155  -0.139  37.294 13.243709
26955  58.450  0.224  36.394 13.179813
26956  54.105  -2.968  29.976 11.061896
26957  56.256  -1.813  31.526 12.048442
26958  55.860  -1.861  30.112 12.050904
26959  57.637  -0.494  30.440 12.960868
26960  59.165  0.929  30.939 13.720247
26961  59.804  2.434  31.136 14.263705
26962  58.847  0.719  29.570 13.960926
26963  58.550  0.483  28.243 14.241639
26964  58.380  0.235  26.842 14.589104
26965  58.218  -0.292  25.241 15.030619
26966  56.556  -1.529  24.732 14.018874
26967  55.269  -2.887  23.223 13.343979
26968  54.706  -4.317  22.259 12.649343
27077  61.967  -0.042  14.597 12.680987
27078  61.613  -0.128  13.929 11.475455
27079  62.339  -1.233  13.003 12.391741
27080  62.608  -2.509  11.989 11.752225
27081  62.753  -3.999  11.373 10.733833
27083  63.355  -5.169  11.551 10.675205
27084  63.947  -6.312  12.106 10.367774
27087  64.834  -7.573  13.589 11.034629
27088  65.126  -7.768  14.616 11.988180
27089  65.360  -7.860  15.802 12.744323
27090  61.449  -7.303  16.761 16.640766
27091  63.045  -7.736  17.358 15.713333
27092  62.271  -8.133  18.161 15.364856
27093  63.141  -8.303  19.914 14.104582
27094  63.844  -8.002  21.757 12.988932
27095  64.464  -7.572  23.242 12.048161
27096  63.156  -8.128  22.609 12.375096
27097  62.381  -8.283  23.454 11.583097
27098  61.602  -8.454  24.269 10.641514
28946  65.384  -12.207  22.579 10.709402
28947  64.925  -13.758  22.568 10.047297
28948  64.858  -13.083  23.472 10.223363
29147  48.271  -5.782  52.650 10.136813
29148  48.820  -5.093  51.909 10.835818
30691  47.586  1.703  45.562 10.891850
30692  45.848  1.551  45.068 10.292648
30693  46.814  1.218  44.198 10.281758
30720  54.365  4.679  33.620 10.465165
30721  55.773  4.805  33.979 11.252944
30722  53.440  -4.779  35.038 10.527126
30723  55.122  -3.582  35.141 11.477542
30724  53.555  -4.426  33.971 10.429325
30725  53.487  -4.116  32.770 10.296644
30726  53.094  -3.899  31.501 10.162539
30729  52.661  -3.910  30.030 10.058326
30731  52.264  -4.083  27.056 10.049718
30732  52.385  -4.191  25.760 10.192157
30733  52.689  -4.435  24.630 10.455900
30819  60.996  3.934  17.438 10.483658
30820  61.233  2.591  16.941 11.499414
30821  61.454  3.642  19.064 12.527022
30822  61.484  2.387  17.567 12.651443
30823  61.682  1.022  16.119 12.728488
30824  62.229  -0.304  15.226 14.022443
30825  62.605  -1.553  14.378 15.115312
30826  63.008  -3.023  13.739 15.706474
30827  63.482  -4.530  13.677 15.644325
30828  62.741  -3.552  14.304 16.749172
30829  62.248  -4.253  14.854 17.463324
30830  61.502  -5.005  15.418 17.783270
30831  60.520  -2.210  17.250 18.212416
30832  60.430  -3.885  16.285 18.284704
30833  60.797  -5.706  16.147 17.702610
30834  60.038  -6.137  16.919 17.266567
30835  59.218  -6.325  17.719 16.548477
30836  58.518  -6.597  18.533 15.622252
33101  39.464  -0.030  48.292 10.673443
33102  40.416  1.010  50.192 10.541420
33103  40.555  0.100  48.311 11.008683
33104  41.555  0.264  48.158 11.294603
33105  42.493  0.449  47.878 11.496512
33106  44.048  -1.697  46.075 12.349029
33107  43.676  -0.458  46.812 12.068933
33108  43.577  0.522  47.710 11.594836
33109  44.869  0.929  47.912 11.599420
33110  46.062  1.564  48.078 11.546784
33111  47.201  1.961  47.617 11.483243
33112  49.114  -4.237  51.078 11.502161
33113  49.386  -3.190  50.133 12.032486
33114  49.390  -1.856  49.294 12.348156
33115  51.544  -2.238  49.426 11.733108
33116  50.482  -1.214  49.208 12.204656
33117  49.338  -0.402  48.873 12.417492
33118  49.060  0.902  48.578 12.257660
33119  48.693  1.766  47.891 11.916361
33120  48.155  1.974  46.800 11.446842
33121  49.243  1.770  45.794 11.458293
33122  50.286  1.434  44.709 11.522704
33123  51.205  1.024  43.545 11.637011
33124  53.183  0.981  44.876 12.424667
33125  52.613  0.958  43.692 12.209602
33126  51.930  0.575  42.501 11.795067
33127  52.574  0.101  41.651 11.986777
33128  53.217  -0.215  40.831 12.190868
33129  53.907  -0.111  39.936 12.371286
33130  54.491  0.209  39.112 12.482903
33131  55.423  0.033  40.298 12.959888
33132  56.530  -0.163  40.477 13.323836
33133  57.118  -0.549  40.257 13.438589
33134  56.857  -1.700  41.812 13.004051
33135  57.118  -1.494  40.801 13.186998
33136  57.326  -1.255  39.821 13.305954
33137  57.026  -2.230  39.161 12.935837
33138  56.005  -3.294  38.194 12.337846
33139  54.714  -4.275  37.121 11.529893
33145  52.745  -5.580  39.090 10.089048
33146  52.929  -5.524  38.033 10.331023
33147  53.041  -5.371  37.055 10.493646
33148  53.166  -5.162  36.036 10.556877
33236  59.901  6.371  21.762 10.225332
33238  59.114  6.584  23.296 10.085270
33239  60.209  6.599  22.617 11.071878
33240  60.582  6.770  23.503 12.022863
33241  60.793  6.820  24.413 12.996178
33242  60.866  6.823  25.418 13.901388
34798  38.328  0.900  50.702 10.110580
34825  38.642  -0.138  48.293 10.316064
34826  39.591  -1.332  46.516 10.661669
34827  40.869  -2.343  45.571 11.095642
34828  42.318  -3.561  45.390 11.525583
34829  41.358  -4.951  45.660 10.807897
34830  42.439  -4.786  45.917 11.338181
34831  43.624  -4.523  46.286 11.824810
34832  44.562  -5.208  47.990 11.865349
34833  45.190  -5.419  50.087 11.578096
34834  46.199  -5.395  52.101 10.999229
34835  40.574  -6.724  52.967 10.094287
34836  41.399  -6.291  52.960 10.336585
34837  42.440  -6.009  52.995 10.472591
34839  43.717  -5.946  54.524 10.141043
34840  43.566  -5.811  53.095 10.506526
34841  44.769  -5.703  53.247 10.462225
34842  46.065  -5.665  53.219 10.370173
34843  47.251  -5.731  53.007 10.256782
37177  41.613  1.859  51.315 10.261833
37251  56.576  8.137  28.490 10.053395
37252  55.855  8.401  30.388 10.421226
37253  57.059  8.407  29.338 10.813751
37254  58.162  8.205  28.019 11.176333
37255  59.408  7.964  27.488 12.346494
37256  60.372  7.411  26.855 13.525540
37257  60.885  6.427  26.261 14.651358
37258  54.731  0.660  38.340 12.489297
37259  54.855  1.145  37.446 12.384575
37260  55.129  1.649  36.571 12.203323
37261  57.330  1.017  37.996 13.180703
37262  56.678  1.728  37.174 12.685169
37263  55.705  2.191  35.832 12.012667
37264  56.252  3.053  35.320 11.888808
37265  56.743  3.900  34.742 11.894072
37266  57.249  4.635  34.198 12.060519
37267  56.669  -2.268  35.311 12.266918
37268  57.994  -0.859  35.408 12.837090
37269  58.766  0.474  35.422 13.161288
37270  58.080  -0.516  33.019 12.805533
37271  58.986  0.763  34.308 13.211460
37272  59.055  1.835  35.288 13.242709
37273  58.858  3.026  34.938 13.110217
37274  58.379  4.166  34.332 12.808247
37275  57.726  5.331  33.569 12.384035
37276  58.196  5.955  32.847 12.825873
37277  58.796  6.372  32.028 13.325328
37278  59.444  6.674  31.065 13.824202
37279  60.084  3.980  30.939 14.545896
37280  60.094  5.430  30.430 14.550885
37281  59.977  6.539  29.823 14.291450
37282  60.428  6.193  28.455 14.731789
37283  60.898  5.630  26.892 15.172290
37284  61.173  4.900  25.435 15.639281
37285  61.130  3.088  24.653 16.400257
37286  60.668  1.199  23.681 16.865032
37287  59.336  -0.605  22.087 17.000761
37288  58.047  -0.910  23.554 15.574981
37289  57.901  -1.514  21.944 16.194317
37290  57.979  -2.190  20.413 16.810057
37291  57.443  -3.929  19.360 16.316313
37292  57.529  -5.699  19.149 15.549548
37293  58.011  -7.285  19.568 14.545937
37294  53.205  -4.755  23.663 10.848149
37295  53.811  -5.180  22.773 11.360868
37296  54.551  -5.783  21.985 11.958756
37298  54.850  -7.268  22.168 11.234905
37299  55.422  -6.529  21.321 12.567492
37300  56.418  -7.222  20.833 13.073520
37301  57.494  -7.926  20.606 13.357951
37302  58.655  -8.484  20.548 13.360452
37303  59.431  -9.183  22.083 12.075154
37304  60.230  -9.065  23.877 10.788345
37515  61.028  -0.436  13.596 10.458921
37537  65.677  -11.626  20.004 10.244378
37538  65.790  -11.428  20.978 10.774142
37539  64.138  -6.081  14.416 15.038412
37540  64.797  -7.292  15.693 14.162019
37541  65.415  -7.868  17.119 13.270982
37542  64.384  -7.692  18.001 14.642273
37543  65.265  -7.835  18.347 13.554712
37544  65.804  -8.380  18.521 12.511336
37545  65.973  -9.107  19.894 11.923229
37546  66.027  -9.943  21.081 11.476280
37547  65.808  -11.030  21.917 11.100387
37548  65.710  -10.366  23.028 11.182019
37549  65.532  -9.666  24.135 10.985012
37550  65.278  -9.050  25.241 10.504768
37551  64.857  -7.560  24.493 11.245509
37552  65.050  -7.841  25.554 10.513069
41408  39.266  1.326  51.331 10.229226
41410  39.878  1.363  51.182 10.296439
41411  52.536  -0.360  38.987 11.700836
41412  51.594  -0.500  38.752 11.292261
41413  51.927  -0.350  38.317 11.367169
41414  51.297  -0.214  37.804 11.017680
41415  52.178  -0.035  37.944 11.423373
41416  52.260  0.235  37.534 11.455615
41417  52.978  0.105  38.107 11.811863
41440  61.354  5.737  24.237 14.702834
41441  61.561  5.042  23.389 14.902948
41442  61.485  4.907  23.837 15.303267
41443  61.522  4.023  23.468 15.873278
41444  61.408  4.851  24.324 15.633960
41864  65.334  -12.964  21.315 10.229237
41866  65.139  -13.503  21.708 10.058895
42008  46.909  -5.057  51.567 11.311659
42009  47.048  -4.763  50.924 11.634624
42010  47.623  -4.922  51.631 11.282016
42011  54.048  -4.687  45.903 10.088853
42012  54.310  -4.019  46.423 10.515487
42013  54.526  -4.129  45.795 10.535933
42014  54.895  -3.552  45.600 10.985707
42015  54.683  -4.242  45.111 10.576616
42016  54.749  -4.303  44.469 10.637904
42017  54.156  -4.827  44.489 10.148392
43111  46.154  2.011  46.809 10.923667
43112  45.219  1.991  46.611 10.631939
43113  45.698  1.897  46.133 10.615817
43128  55.687  5.694  33.221 11.042438
43129  55.370  6.159  32.800 10.730966
43130  56.034  6.164  32.939 11.195498
43131  56.407  6.641  32.690 11.382132
43132  56.729  6.157  33.105 11.668030
43133  55.666  -3.407  36.718 11.988241
43134  56.420  -2.712  36.820 12.371202
43135  55.797  -3.198  36.229 11.972445
43136  53.421  -3.168  26.309 11.222857
43137  54.185  -2.570  27.129 11.702015
43138  54.112  -2.668  26.392 11.796000
43139  54.857  -2.132  26.558 12.366824
43140  54.092  -2.803  25.661 11.918380
43141  54.151  -2.941  24.979 12.071175
43142  53.572  -3.419  25.010 11.473569
43203  63.367  -3.343  12.918 14.594478
43204  63.345  -3.200  12.587 13.951532
43205  63.576  -3.943  12.661 13.995377
43206  63.766  -4.561  12.487 13.313360
43207  63.840  -4.692  12.863 13.909212
43208  64.135  -5.414  13.155 13.712463
43209  63.875  -4.803  13.184 14.462082
43210  59.551  -7.894  18.904 14.899570
43211  60.284  -8.332  19.117 14.691832
43212  59.907  -8.428  19.540 14.251204
43213  60.336  -8.826  20.227 13.595337
43214  59.552  -8.483  19.926 13.774641
44264  64.962  -10.322  25.179 10.133769
44265  64.750  -11.033  25.071 10.058792
45511  50.032  0.712  43.032 11.024389
45512  49.214  0.604  43.009 10.669970
45513  49.541  0.372  42.391 10.716659
45528  52.949  2.200  35.184 11.117485
45529  52.532  2.438  34.715 10.706109
45530  53.190  2.532  34.950 11.018706
45531  53.526  2.888  34.768 10.930880
45532  54.032  2.616  35.151 11.330349
45600  60.641  5.946  20.731 10.742912
45601  60.884  5.522  19.982 10.788857
45602  61.030  5.499  20.401 11.260201
45603  61.615  0.600  18.536 15.926307
45604  61.703  0.865  18.204 15.314687
45605  61.716  -0.055  17.673 16.018763
45606  61.909  -0.626  16.870 16.064285
45607  61.675  -0.855  17.114 16.656109
45608  61.638  -1.587  16.579 17.187643
45609  61.407  -1.048  17.368 17.175255
45610  59.460  -1.240  20.081 17.844757
45611  59.319  -1.934  19.032 18.062260
45612  58.959  -2.041  19.304 17.821093
45613  58.611  -2.916  18.672 17.682104
45614  58.579  -2.153  19.586 17.488554
47303  42.584  -2.765  45.567 11.836470
47304  42.396  -2.078  45.826 11.847478
47305  43.247  -2.692  45.691 12.060745
47306  47.592  -1.563  48.158 12.601340
47307  46.862  -1.267  47.740 12.579164
47308  47.482  -0.919  48.118 12.540369
47309  47.285  -0.286  48.198 12.419904
47310  48.076  -0.527  48.444 12.485257
47311  51.403  -4.780  50.367 10.471485
47312  51.171  -4.296  50.508 10.879040
47313  51.643  -4.210  50.122 10.801241
47314  52.577  0.295  47.468 12.212653
47315  52.101  0.223  47.940 12.202377
47316  52.004  0.875  47.488 12.270269
47317  51.394  1.250  47.569 12.260712
47318  51.929  1.266  46.964 12.281319
47319  51.757  1.514  46.450 12.236951
47320  52.416  1.165  46.416 12.320022
47321  55.526  -0.664  43.608 12.839245
47322  54.986  -0.186  43.653 12.807552
47323  55.407  -0.428  43.176 12.911478
47324  55.221  -0.254  42.717 12.910756
47325  55.827  -0.611  42.729 13.015621
47326  56.156  -0.658  42.299 13.116934
47327  56.269  -0.925  42.668 13.048353
47328  55.048  -4.452  40.786 11.351487
47329  55.730  -3.866  40.781 11.863229
47330  55.049  -4.447  40.210 11.491035
47331  55.056  -4.343  39.671 11.621492
47332  54.355  -4.855  39.696 11.087983
47411  57.893  7.454  26.047 10.136607
47412  58.083  7.734  26.522 10.526082
47413  58.730  7.728  26.232 11.076223
47414  58.305  7.913  26.933 10.930547
48676  39.640  -3.439  45.139 10.204251
48677  39.649  -4.180  45.086 10.129215
48678  42.121  -6.198  49.917 10.866578
48679  42.402  -6.171  49.000 11.020754
48680  42.711  -6.089  50.109 10.992140
48681  43.264  -5.943  50.313 11.097781
48682  43.053  -5.946  51.201 10.890406
50611  42.606  1.346  49.150 10.926974
50612  42.579  1.680  49.864 10.615317
50613  42.858  1.767  49.515 10.646774
50673  58.696  7.895  30.591 12.817142
50674  58.495  8.122  30.223 12.493851
50675  59.086  7.854  29.985 13.050223
50676  59.430  7.739  29.391 13.273532
50677  59.545  7.468  29.784 13.580844
50678  57.199  -0.059  39.530 13.444191
50679  57.012  0.338  39.212 13.344995
50680  57.324  0.116  39.109 13.426059
50681  58.527  1.255  36.590 13.197665
50682  58.305  1.585  36.754 13.117861
50683  58.517  1.856  36.369 13.097374
50684  58.358  2.340  36.124 12.942909
50685  58.704  2.077  35.973 13.102362
50686  54.805  -2.936  32.209 11.181443
50687  55.741  -2.443  32.854 11.681739
50688  55.648  -2.413  32.180 11.635843
50689  59.564  1.664  32.243 13.755501
50690  59.506  1.663  32.797 13.631117
50691  59.621  2.338  32.861 13.792229
50692  59.550  2.953  33.293 13.722162
50693  59.687  3.055  32.750 13.895966
50694  59.688  3.809  32.593 13.941998
50695  59.826  3.164  32.220 14.076136
50696  59.775  1.788  27.565 15.121255
50697  60.233  2.780  28.213 15.169862
50698  60.265  2.516  27.434 15.371742
50699  60.626  3.165  27.286 15.542816
50700  60.281  2.169  26.709 15.590309
50701  60.295  1.865  26.022 15.828732
50702  59.733  1.270  26.086 15.557770
50703  55.471  -4.236  21.637 13.612309
50704  55.941  -3.766  21.471 14.252572
50705  55.741  -4.518  21.148 13.933902
50706  56.053  -4.910  20.680 14.246994
50707  55.665  -5.312  20.949 13.595302
50712  56.149  -9.328  23.420 10.077808
50713  56.742  -9.478  23.535 10.192286
50714  57.068  -9.259  22.993 10.863261
50715  57.373  -9.578  23.719 10.265140
50716  58.045  -9.605  23.940 10.297794
50888  61.037  1.791  15.885 11.027222
50889  60.823  1.677  15.538 10.579066
50890  61.112  1.051  15.148 11.035831
50891  62.081  -3.623  11.369 10.046075
50905  65.733  -8.584  16.627 11.748448
50906  65.789  -9.037  16.725 11.130376
50907  65.889  -8.956  17.287 11.473820
50908  65.985  -9.369  17.913 11.233725
50909  65.939  -8.883  17.853 11.767206
50910  62.488  -6.406  15.519 16.913771
50911  63.160  -6.731  15.678 16.346384
50912  62.902  -7.062  16.157 16.377106
50913  64.687  -7.835  21.541 12.930473
50914  64.927  -7.902  20.954 13.064697
50915  65.140  -7.900  21.728 12.651935
50916  65.539  -8.166  21.812 12.383613
50917  65.344  -7.976  22.419 12.283898
50918  65.532  -8.141  22.976 11.952448
50919  65.164  -7.844  22.938 12.124777
50920  62.786  -7.434  25.627 10.066873
50921  63.475  -7.140  25.938 10.061300
55111  51.283  -0.193  40.823 11.330130
55112  50.460  -0.334  40.650 10.927515
55113  50.674  -0.469  40.100 11.017023
55114  49.844  -0.670  38.433 10.448273
55115  49.565  -0.742  38.852 10.360854
55121  50.014  0.129  36.727 10.303933
55127  50.340  0.721  35.909 10.326453
55128  52.376  0.781  36.711 11.436227
55129  51.706  0.999  36.068 11.040530
55130  52.472  1.138  36.273 11.384503
55131  52.573  1.508  35.850 11.309420
55132  53.280  1.269  36.462 11.712033
55200  61.238  6.042  22.494 12.750090
55201  61.406  5.354  21.702 12.855963
55202  61.491  5.292  22.153 13.405917
55203  61.699  3.384  21.831 15.292089
55204  61.718  3.572  21.411 14.781568
55205  61.735  2.667  21.080 15.475489
55206  61.714  1.961  20.274 15.646278
55207  61.664  1.744  20.671 16.149086
55208  61.448  0.869  20.156 16.778904
55209  61.569  1.595  21.058 16.572996
55210  61.367  2.142  22.727 16.863293
55211  61.336  1.321  21.852 17.132565
55212  61.145  1.206  22.274 17.252987
55213  60.708  0.312  21.686 17.553711
55214  60.992  1.077  22.737 17.264322
56903  45.206  -4.609  47.649 12.196496
56904  45.316  -4.098  47.145 12.356608
56905  45.768  -4.416  47.986 12.299687
56906  47.393  -4.032  49.647 12.183821
56907  46.944  -3.842  48.727 12.391768
56908  47.563  -3.545  49.084 12.384754
56909  47.688  -2.914  48.614 12.524206
56910  48.176  -3.234  49.331 12.349074
56911  53.012  -4.671  48.320 10.194219
56912  52.940  -3.973  48.671 10.605801
56913  53.328  -3.923  48.162 10.560901
56914  54.188  -2.592  47.015 11.294596
56915  53.760  -2.535  47.579 11.286648
56916  53.873  -1.869  47.272 11.619338
56917  53.524  -1.109  47.354 11.885336
56918  53.979  -1.175  46.843 11.914277
56919  54.039  -0.542  46.392 12.159579
56920  54.408  -1.252  46.311 11.959018
56921  55.380  -2.366  45.025 11.822759
56922  55.176  -1.638  45.252 12.091363
56923  55.498  -1.824  44.686 12.176693
56924  55.567  -1.368  44.429 12.469128
56925  55.822  -2.028  44.144 12.272862
56926  56.086  -2.144  43.649 12.378157
56927  55.899  -2.682  43.900 12.011124
56928  54.889  -4.454  43.156 10.820603
56929  55.408  -3.947  42.998 11.332157
56930  54.939  -4.488  42.540 10.938395
56931  55.009  -4.499  41.944 11.069435
56932  54.170  -5.005  41.928 10.524055
58278  40.116  -6.813  49.642 10.182148
58279  40.306  -6.691  48.559 10.256652
58280  40.534  -6.593  49.627 10.378325
58281  41.040  -6.457  49.678 10.558717
58282  40.939  -6.467  50.717 10.448779
60211  44.160  1.648  48.027 10.997685
60212  43.621  1.966  48.294 10.682590
60213  43.947  1.994  47.802 10.676772
60215  43.221  2.407  47.011 10.034676
60266  54.620  6.862  32.154 10.106615
60271  54.980  7.755  31.510 10.151480
60272  55.476  7.610  31.767 10.470804
60273  57.221  7.349  32.090 11.829847
60274  56.918  7.686  31.843 11.536232
60275  57.558  7.587  31.802 12.075751
60276  57.885  7.735  31.468 12.326278
60277  58.047  7.402  31.795 12.605185
60278  57.413  -1.332  38.669 13.195148
60279  57.679  -0.728  38.526 13.336640
60280  57.542  -1.167  38.223 13.190055
60281  57.629  -1.324  36.998 12.935224
60282  57.865  -0.822  37.423 13.141912
60283  58.007  -0.644  36.958 13.108472
60284  58.294  0.013  36.850 13.208348
60285  58.164  -0.425  36.459 13.075784
60286  53.838  -2.988  29.171 11.050676
60287  54.948  -2.479  30.046 11.561925
60288  54.696  -2.480  29.280 11.566574
60289  56.185  -1.293  28.821 12.625946
60290  56.468  -1.198  29.556 12.565243
60291  57.430  -0.559  29.757 13.029153
60292  58.473  0.184  30.639 13.363802
60293  58.394  0.083  29.966 13.456250
60294  59.019  0.832  30.252 13.836776
60295  58.128  -0.029  29.290 13.559338
60296  56.681  -1.140  26.891 13.458215
60297  57.712  -0.349  27.903 13.805755
60298  57.617  -0.457  27.192 13.955420
60299  58.455  0.358  27.544 14.405019
60300  57.537  -0.600  26.491 14.127284
60301  57.476  -0.758  25.794 14.324309
60302  56.569  -1.377  25.458 13.804087
60303  54.478  -3.187  23.849 12.472043
60304  55.102  -2.698  23.852 13.087382
60305  54.682  -3.387  23.251 12.719749
60306  54.905  -3.638  22.622 12.996074
60307  54.403  -4.078  22.796 12.356863
60488  62.272  -0.666  14.094 13.236644
60489  62.168  -0.638  13.734 12.574397
60490  62.496  -1.219  13.308 13.055602
60491  63.142  -3.122  12.031 12.613312
60492  62.834  -2.494  12.177 12.413426
60493  62.943  -3.149  11.805 11.943611
60494  62.713  -3.266  11.621 11.287632
60495  63.018  -3.899  11.502 11.381405
60496  63.062  -4.590  11.403 10.740909
60497  63.291  -4.467  11.580 11.389382
60498  64.102  -5.728  12.372 11.780974
60499  63.901  -5.699  12.072 11.169614
60500  64.182  -6.316  12.386 10.972159
60501  64.186  -6.921  12.461 10.158839
60502  64.424  -6.959  12.807 10.742362
60503  64.620  -7.570  13.237 10.499503
60504  64.632  -7.015  13.161 11.301967
60505  64.790  -6.694  13.920 13.101962
60506  64.886  -7.173  13.971 12.312433
60507  65.033  -7.287  14.486 12.747511
60508  65.264  -7.829  15.184 12.393408
60509  65.089  -7.441  15.069 13.127565
60510  61.058  -7.505  17.192 16.401487
60511  61.840  -7.860  17.443 16.013250
60512  61.445  -7.986  17.819 15.759694
60513  61.913  -8.646  19.834 14.142041
60514  62.342  -8.456  19.413 14.456213
60515  62.740  -8.481  20.356 13.834673
60516  63.487  -8.268  20.851 13.524719
60517  63.129  -8.335  21.319 13.249584
60518  63.507  -8.056  22.215 12.705783
60519  62.760  -8.482  21.663 12.927303
60520  61.147  -8.985  21.917 12.313855
60521  61.948  -8.686  22.460 12.152952
60522  61.554  -8.794  22.866 11.706667
60523  62.011  -8.390  23.911 11.128921
60524  61.159  -8.893  23.288 11.225341
63674  65.319  -11.840  23.041 10.742660
63675  65.120  -12.630  23.032 10.482376
63676  65.044  -12.252  23.513 10.490599
64104  48.855  -5.808  52.372 10.075741
67411  48.074  1.512  45.029 10.897388
67412  47.189  1.462  44.864 10.592037
67413  47.744  1.243  44.444 10.597429
67419  48.692  -0.401  40.390 10.125656
67420  48.515  -0.210  40.973 10.068232
67473  54.385  3.743  34.374 10.824044
67474  53.969  4.119  33.852 10.454556
67475  54.783  4.229  34.111 10.819177
67476  55.126  4.746  33.802 10.852942
67477  55.536  4.315  34.254 11.195168
67479  53.514  -4.581  34.489 10.484753
67484  53.336  -3.976  32.144 10.227709
67499  52.264  -4.132  26.367 10.106612
67683  61.116  4.563  18.551 10.874574
67684  61.011  4.574  18.124 10.443452
67685  61.128  3.966  17.873 10.917591
67686  61.101  3.306  17.215 10.960166
67687  61.235  3.291  17.593 11.455733
67688  61.595  4.044  20.190 13.046000
67689  61.469  4.225  19.790 12.457660
67690  61.537  3.450  19.445 13.131807
67691  61.746  1.288  17.489 14.001345
67692  61.579  2.190  17.922 13.282332
67693  61.684  1.520  17.166 13.340150
67694  61.559  1.647  16.826 12.699497
67695  61.813  0.857  16.436 13.376901
67696  61.965  0.325  15.670 13.381554
67697  62.036  0.101  15.993 14.059539
67698  62.377  -1.401  15.418 15.956843
67699  62.420  -1.126  15.143 15.298697
67700  62.576  -1.789  14.702 15.773952
67701  62.795  -2.276  14.022 15.488861
67702  62.706  -2.516  14.297 16.103252
67703  62.891  -3.264  14.021 16.262758
67704  62.586  -2.784  14.552 16.659063
67705  61.711  -2.996  15.629 17.794201
67706  62.143  -3.450  15.038 17.532578
67707  61.769  -3.810  15.289 17.825855
67708  61.891  -4.651  15.148 17.674318
67709  61.334  -4.157  15.527 18.013674
67710  60.781  -0.791  18.915 17.799770
67711  60.733  -1.431  17.865 17.927471
67712  60.387  -1.574  18.153 18.136770
67713  59.610  -3.423  17.207 18.271515
67714  60.025  -3.220  16.955 18.358620
67715  60.049  -4.132  16.592 18.227463
67716  60.554  -4.817  16.083 18.068300
67717  60.182  -5.049  16.450 17.942970
67718  60.407  -5.940  16.515 17.524694
67719  59.798  -5.230  16.816 17.726191
67720  58.471  -4.754  17.963 17.077044
67721  58.987  -5.485  17.579 17.059338
67722  58.632  -5.612  17.956 16.630592
67723  58.864  -6.463  18.124 16.107279
67724  58.307  -5.732  18.384 16.151470
72788  39.887  -0.597  47.429 10.889464
72789  40.009  0.046  48.346 10.845163
72790  40.402  -0.535  47.491 11.088331
72791  42.007  -0.773  46.789 11.726583
72792  41.378  -0.308  47.447 11.444632
72793  41.888  -0.146  47.422 11.590850
72794  42.022  0.398  48.039 11.407920
72795  42.389  -0.101  47.269 11.709069
72796  45.162  -2.779  46.498 12.518166
72797  44.311  -2.337  45.978 12.401411
72798  44.939  -2.130  46.388 12.507919
72799  45.214  -0.605  47.105 12.326878
72800  44.530  -0.836  46.685 12.300488
72801  44.301  -0.336  46.983 12.112053
72802  43.573  0.037  47.337 11.851934
72803  44.222  0.163  47.387 11.877615
72804  44.180  0.704  47.746 11.606959
72805  44.941  0.396  47.713 11.877530
72806  47.032  0.901  48.316 12.033221
72807  46.258  1.088  48.179 11.824590
72808  46.865  1.418  48.235 11.785707
72809  46.662  1.798  47.925 11.513598
72810  47.486  1.670  48.076 11.747521
72811  49.449  -5.049  51.675 10.771871
72812  48.953  -4.674  51.509 11.179742
72813  49.579  -4.593  51.354 11.112229
72814  50.434  -3.312  50.339 11.634908
72815  49.867  -3.592  50.521 11.715012
72816  49.941  -2.929  50.085 11.955215
72817  49.393  -2.519  49.645 12.220431
72818  49.922  -2.258  49.675 12.143275
72819  52.462  -2.717  49.025 11.360334
72820  51.950  -2.809  49.433 11.414458
72821  52.041  -2.004  49.037 11.678440
72822  51.054  -0.182  48.693 12.239383
72823  51.039  -0.926  49.017 12.146609
72824  50.491  -0.432  48.921 12.284945
72825  49.981  -0.775  49.006 12.344804
72826  49.930  -0.043  48.811 12.356935
72827  49.216  0.285  48.725 12.363728
72828  49.765  0.664  48.654 12.313244
72829  49.984  1.782  47.564 12.067302
72830  49.427  1.666  47.997 12.078604
72831  49.213  1.892  47.464 11.899389
72832  48.436  1.998  47.362 11.694555
72833  48.949  1.991  46.925 11.686798
72834  48.664  1.901  46.279 11.445970
72835  49.497  1.879  46.381 11.693748
72836  51.299  1.611  45.286 11.993239
72837  50.559  1.624  45.268 11.752538
72838  51.041  1.468  44.686 11.802868
72839  50.780  1.283  44.129 11.574006
72840  51.516  1.236  44.086 11.865668
72841  53.905  0.354  45.440 12.467875
72842  53.354  0.858  45.399 12.442854
72843  53.798  0.596  44.927 12.522288
72844  53.654  0.486  43.418 12.531137
72845  53.294  0.773  43.845 12.434620
72846  52.947  0.693  43.240 12.301190
72847  52.347  0.766  43.123 12.023780
72848  52.639  0.521  42.672 12.116376
72849  52.261  0.320  42.098 11.887692
72850  52.945  0.296  42.294 12.215519
72851  54.550  -0.131  41.681 12.709980
72852  53.711  -0.098  41.466 12.422553
72853  54.045  -0.137  41.039 12.522688
72854  53.518  -0.203  40.386 12.286765
72855  54.391  -0.101  40.596 12.613914
72856  54.665  0.024  40.182 12.690759
72857  55.137  -0.108  40.758 12.891444
72858  56.595  -0.594  41.346 13.295135
72859  56.352  -0.278  40.924 13.270144
72860  56.756  -0.473  40.847 13.363464
72861  56.922  -0.328  40.373 13.412686
72862  56.998  -0.678  40.705 13.391329
72863  56.547  -2.227  42.596 12.606066
72864  56.708  -1.730  42.317 12.897958
72865  56.708  -2.204  42.082 12.721751
72866  56.769  -2.567  40.617 12.711205
72867  56.935  -2.035  41.020 12.935495
72868  57.061  -1.927  40.504 13.024657
72869  57.259  -1.399  40.285 13.255968
72870  57.180  -1.797  40.020 13.097032
72871  57.256  -1.645  39.545 13.149931
72872  56.980  -2.321  39.592 12.880313
72873  55.167  -4.122  38.639 11.833826
72874  55.900  -3.445  38.687 12.283040
72875  55.255  -3.925  38.173 11.908011
72876  55.373  -3.766  37.668 11.958160
72877  54.563  -4.477  37.621 11.487665
72894  52.830  -5.552  38.563 10.217701
72899  53.096  -5.260  36.567 10.537843
73113  58.810  7.030  24.525 10.376390
73115  59.239  6.840  23.771 10.475022
73116  59.677  6.692  22.961 10.559566
73117  59.798  6.828  23.404 10.988991
73118  60.357  6.681  23.046 11.539139
73119  59.975  6.991  23.780 11.441707
73120  59.968  7.443  25.592 12.237626
73121  60.353  7.135  24.780 12.379550
73122  60.452  7.190  25.247 12.844495
73123  60.869  6.860  24.927 13.462966
73124  60.511  7.225  25.739 13.292962
76836  38.207  1.152  51.807 10.066782
76903  38.089  -0.937  47.240 10.046811
76904  38.099  -0.142  48.310 10.131159
76905  38.556  -0.874  47.199 10.261672
76906  38.943  -0.788  47.280 10.473717
76907  39.132  -1.469  46.430 10.424993
76908  40.538  -3.172  45.226 10.760407
76909  40.385  -2.497  45.474 10.824350
76910  41.038  -3.055  45.273 11.041084
76911  41.596  -2.932  45.357 11.318490
76912  41.742  -3.588  45.254 11.251784
76913  40.876  -5.640  46.093 10.466584
76914  40.818  -5.059  45.566 10.538434
76915  41.385  -5.507  46.176 10.723466
76916  42.848  -5.665  47.288 11.321321
76917  42.425  -5.333  46.415 11.224496
76918  43.014  -5.188  46.593 11.461805
76919  43.023  -4.646  46.070 11.590056
76920  43.572  -5.039  46.840 11.683608
76921  44.138  -4.945  47.114 11.883871
76922  44.019  -5.399  47.713 11.706729
76923  44.426  -5.714  50.748 11.248569
76924  44.645  -5.599  49.891 11.510801
76925  45.009  -5.573  51.005 11.293547
76926  45.639  -5.394  51.231 11.318594
76927  45.513  -5.500  52.026 11.010081
76931  42.164  -6.265  54.750 10.161721
76932  41.547  -6.361  53.969 10.217528
76933  41.988  -6.190  53.912 10.283314
76934  41.919  -6.142  52.965 10.418160
76935  42.493  -6.051  53.872 10.319823
76941  44.239  -5.925  54.455 10.084298
76942  43.582  -5.844  53.840 10.312038
76943  44.177  -5.794  53.837 10.274893
76944  44.169  -5.745  53.189 10.492225
76945  44.771  -5.812  53.828 10.221897
76947  45.960  -5.804  53.671 10.087545
76949  46.668  -5.686  53.139 10.314931
82711  40.939  1.068  50.062 10.636136
82712  40.999  1.433  50.839 10.418395
82713  41.477  1.507  50.625 10.474850
82714  42.720  2.516  50.891 10.060674
82715  42.465  2.398  51.294 10.067682
82719  43.050  2.687  48.848 10.050523
82720  43.006  2.656  49.521 10.052630
82898  55.772  8.219  31.005 10.565100
82899  55.326  8.250  30.723 10.219613
82900  56.209  8.385  30.684 10.778131
82901  58.046  8.390  29.484 11.774693
82902  57.318  8.490  29.729 11.193816
82903  57.829  8.400  29.130 11.390813
82904  57.585  8.326  28.738 10.999506
82905  58.309  8.264  28.475 11.578872
82906  58.813  8.124  27.747 11.757382
82907  58.972  8.111  28.202 12.164906
82908  60.101  7.395  28.055 13.695518
82909  60.054  7.593  27.599 13.332829
82910  60.391  7.210  27.327 13.898854
82911  60.657  6.984  26.596 14.100058
82912  60.659  6.726  27.021 14.439680
82913  55.198  0.329  39.364 12.780285
82914  54.659  0.411  38.710 12.500533
82915  55.354  0.513  39.004 12.785416
82916  56.313  0.984  38.391 12.934722
82917  55.581  0.999  38.170 12.712340
82918  55.631  1.225  37.757 12.640292
82919  54.936  1.439  36.970 12.299865
82920  55.707  1.471  37.289 12.552673
82921  57.853  0.315  38.206 13.373230
82922  57.584  0.611  38.314 13.336194
82923  57.714  0.848  37.943 13.275591
82924  57.488  2.019  36.854 12.812119
82925  57.296  1.695  37.272 12.881303
82926  56.915  2.038  36.815 12.603070
82927  56.183  2.015  36.503 12.365384
82928  56.409  2.335  36.184 12.284904
82929  55.957  2.634  35.571 11.937987
82930  56.732  2.686  35.881 12.225331
82931  57.746  3.297  35.386 12.506226
82932  57.173  3.420  35.235 12.198613
82933  57.386  3.763  34.907 12.241479
82934  56.994  4.275  34.471 11.956612
82935  57.622  4.094  34.612 12.324871
82936  55.107  -3.422  34.592 11.425396
82937  55.971  -2.930  35.248 11.896675
82938  55.932  -2.783  34.645 11.845036
82939  57.456  -1.339  34.219 12.511672
82940  57.425  -1.454  34.808 12.544270
82941  58.073  -0.737  34.877 12.813422
82942  58.428  -0.127  35.402 13.030371
82943  58.525  0.018  34.896 13.024707
82944  57.142  -1.173  31.637 12.471184
82945  57.311  -1.208  32.327 12.465187
82946  58.056  -0.487  32.418 12.826774
82947  59.321  1.529  33.867 13.416588
82948  59.041  0.756  33.739 13.263592
82949  59.223  1.390  34.343 13.333797
82950  59.123  1.354  34.872 13.271358
82951  59.183  1.979  34.861 13.309444
82952  58.998  2.432  35.164 13.200676
82953  59.133  2.596  34.751 13.294721
82954  59.040  3.973  33.855 13.300748
82955  58.818  3.789  34.282 13.124866
82956  58.612  4.370  33.969 12.979811
82957  58.090  4.730  33.963 12.608822
82958  58.302  4.999  33.617 12.801333
82959  57.960  5.646  33.230 12.593693
82960  58.493  5.280  33.228 13.019156
82961  59.426  5.203  32.157 13.864734
82962  59.001  5.691  32.319 13.499013
82963  59.301  5.859  31.859 13.745821
82964  59.113  6.560  31.603 13.577630
82965  59.579  5.996  31.346 13.988906
82966  59.852  2.406  30.523 14.424485
82967  59.982  3.196  31.066 14.439167
82968  60.063  3.185  30.427 14.618574
82969  60.424  4.543  29.327 14.994190
82970  60.262  4.707  30.060 14.790011
82971  60.260  5.318  29.756 14.766555
82972  60.040  6.032  30.141 14.452405
82973  60.221  5.932  29.485 14.673098
82974  60.188  6.452  29.194 14.513462
82975  60.400  5.778  28.784 14.889883
82976  60.833  4.366  26.786 15.636586
82977  60.789  5.207  27.277 15.328827
82978  60.923  4.878  26.550 15.558929
82979  61.022  5.348  26.211 15.401381
82980  61.061  4.477  25.840 15.800124
82981  61.166  4.014  25.063 16.053190
82982  61.076  3.547  25.323 16.131437
82983  60.233  1.085  24.529 16.369024
82984  60.676  1.615  24.375 16.567329
82985  60.178  0.695  23.781 16.666592
82986  60.093  0.269  22.986 16.974586
82987  59.469  -0.221  22.956 16.687727
82988  57.327  -1.124  24.240 14.800596
82989  58.156  -0.549  24.398 15.290596
82990  57.281  -1.433  23.392 15.078649
82991  56.820  -2.855  21.152 15.462052
82992  57.282  -2.028  21.874 15.693213
82993  57.326  -2.364  21.136 16.011505
82994  57.880  -1.886  21.119 16.509735
82995  57.427  -2.725  20.414 16.319344
82996  57.622  -3.036  19.777 16.599245
82997  57.177  -3.574  19.905 16.066868
82998  56.781  -5.733  19.857 14.780272
82999  57.097  -5.303  19.490 15.387568
83000  57.247  -6.147  19.542 14.964967
83001  57.750  -6.571  19.263 15.074515
83002  57.460  -6.887  19.746 14.489343
83003  52.504  -5.038  24.305 10.055224
83004  52.953  -4.582  24.133 10.635968
83005  52.789  -5.201  23.860 10.252188
83006  53.479  -6.288  23.008 10.387151
83007  53.448  -5.613  23.059 10.734008
83008  53.819  -5.864  22.675 11.011510
83009  54.171  -5.446  22.365 11.652742
83010  54.226  -6.196  22.326 11.305218
83014  55.566  -8.198  22.347 11.072760
83015  55.059  -7.937  22.466 10.837346
83016  55.329  -7.572  21.982 11.504265
83017  55.125  -6.897  21.746 11.899614
83018  55.601  -7.224  21.518 12.173951
83019  55.909  -6.865  21.049 12.841332
83020  56.123  -7.564  21.379 12.412877
83021  57.549  -8.772  21.815 12.167473
83022  57.227  -8.254  21.223 12.730550
83023  57.815  -8.527  21.199 12.792178
83024  58.066  -8.209  20.553 13.394344
83025  58.425  -8.753  21.200 12.787680
83026  59.041  -8.936  21.237 12.724220
83027  58.788  -9.123  21.977 12.154482
83028  59.381  -9.327  24.363 10.267158
83029  59.586  -9.293  23.664 10.858881
83030  60.021  -9.072  24.584 10.222667
83031  60.679  -8.729  24.828 10.172501
83551  61.797  -0.773  13.172 11.355459
83552  61.360  -0.230  13.716 10.942080
83553  61.461  -0.930  13.080 10.810407
83605  65.962  -10.410  19.254 10.844382
83606  65.851  -11.051  19.365 10.384753
83607  65.891  -10.964  19.915 10.682713
83608  65.739  -11.544  20.520 10.532324
83609  65.930  -10.860  20.465 10.934535
83610  63.398  -4.871  14.042 16.067556
83611  63.788  -5.349  13.969 15.393782
83612  63.714  -5.716  14.315 15.754042
83613  64.321  -7.211  16.046 15.061163
83614  64.413  -6.953  15.523 14.874949
83615  64.746  -7.394  16.280 14.384458
83616  65.118  -7.607  16.415 13.706393
83617  65.088  -7.649  17.050 13.900466
83618  63.445  -7.891  18.196 15.091847
83619  63.801  -7.767  17.786 15.186451
83620  64.117  -7.828  18.522 14.596372
83621  65.335  -7.963  19.648 13.162132
83622  65.113  -7.823  18.918 13.604969
83623  65.483  -7.986  19.010 13.123537
83624  65.599  -8.049  18.448 13.026241
83625  65.739  -8.306  19.143 12.654655
83626  65.895  -8.709  19.182 12.196453
83627  65.838  -8.612  19.824 12.329229
83628  65.970  -9.103  21.799 11.854537
83629  66.009  -9.316  21.155 11.799185
83630  66.010  -9.688  21.629 11.578752
83631  65.943  -10.467  21.532 11.284720
83632  65.932  -10.175  22.084 11.374246
83633  65.771  -10.716  22.476 11.174325
83634  65.865  -9.883  22.659 11.400835
83635  65.636  -8.579  24.004 11.358095
83636  65.696  -9.239  23.822 11.251248
83637  65.575  -8.949  24.392 11.072168
83638  65.438  -9.316  24.711 10.778899
83639  65.423  -8.658  24.897 10.825484
83640  64.174  -7.506  23.748 11.739141
83641  64.706  -7.512  23.932 11.633479
83642  64.413  -7.404  24.420 11.306641
83643  64.470  -7.336  26.085 10.093731
83644  64.707  -7.423  25.595 10.506378
83645  64.815  -7.645  26.083 10.122874
83646  65.079  -8.130  25.998 10.151163
92970  41.060  2.075  52.317 10.108516
92971  51.861  -0.475  39.853 11.524291
92972  50.937  -0.564  39.609 11.111113
92973  51.260  -0.599  39.149 11.204808
92974  50.698  -0.630  38.517 10.871337
92975  50.041  -0.476  38.065 10.531502
92976  49.466  -0.323  37.625 10.192476
92977  50.270  -0.262  37.662 10.604366
92978  50.613  -0.034  37.286 10.660674
92979  50.874  0.245  36.829 10.695264
92980  50.922  0.542  36.396 10.704202
92981  51.471  0.331  36.961 11.083374
92982  52.303  0.489  37.125 11.460296
92983  53.085  0.638  37.239 11.818269
93024  61.347  5.908  23.321 13.787098
93025  61.526  5.217  22.549 13.940339
93026  61.546  5.112  22.940 14.444298
93027  61.646  4.191  22.571 15.100168
93028  61.650  3.257  22.263 15.740628
93029  61.605  2.389  21.922 16.348372
93030  61.574  3.177  22.691 16.113091
93031  61.479  3.090  23.145 16.398369
93032  61.341  3.020  23.596 16.588881
94046  45.895  -4.949  49.631 11.904575
94047  46.159  -4.578  48.989 12.156510
94048  46.547  -4.731  49.982 11.931252
94049  47.199  -4.432  50.298 11.929803
94050  47.897  -4.191  50.505 11.902920
94051  53.658  -4.657  47.203 10.109877
94052  53.677  -3.962  47.635 10.529596
94053  54.032  -3.997  47.061 10.513831
94054  54.356  -3.326  46.780 10.922145
94055  54.564  -2.678  46.488 11.319442
94056  54.717  -2.064  46.174 11.689953
94057  54.890  -2.817  45.908 11.361466
94058  55.171  -2.959  45.336 11.420505
94059  55.438  -3.099  44.707 11.496329
94060  55.607  -3.226  44.106 11.587888
94061  55.206  -3.801  44.306 11.124074
94062  54.842  -4.402  43.782 10.719620
94063  54.212  -4.888  43.202 10.296381
94873  40.054  -6.858  50.737 10.103380
96031  45.146  1.905  47.540 10.966090
96032  44.319  2.017  47.361 10.664716
96033  44.761  2.031  46.964 10.649039
96034  44.300  2.041  46.423 10.330795
96062  54.220  5.583  32.890 10.181838
96064  54.672  6.090  32.682 10.282405
96065  55.029  6.556  32.448 10.418965
96066  55.404  7.000  32.213 10.587514
96067  55.865  7.391  32.027 10.782829
96068  56.143  7.031  32.343 11.086735
96069  56.801  7.026  32.406 11.595944
96070  57.398  6.839  32.498 12.105331
96071  56.792  -2.436  37.825 12.713056
96072  57.315  -1.703  37.886 12.981208
96073  56.952  -2.233  37.398 12.708339
96074  57.086  -2.099  36.970 12.688651
96075  57.231  -1.889  36.466 12.658049
96076  53.524  -3.084  27.759 11.088126
96077  54.473  -2.478  28.549 11.589772
96078  54.300  -2.504  27.834 11.634134
96079  55.118  -1.953  27.966 12.176203
96080  55.966  -1.423  28.115 12.704461
96081  56.958  -0.821  28.388 13.207737
96082  55.801  -1.530  27.451 12.803141
96083  55.694  -1.635  26.701 12.924779
96084  55.649  -1.777  25.942 13.072088
96085  55.694  -1.913  25.238 13.247489
96086  54.879  -2.412  25.106 12.665992
96087  54.303  -3.036  24.428 12.255516
96088  53.928  -3.680  23.868 11.852212
96197  62.847  -1.915  13.332 14.153158
96198  62.797  -1.780  12.975 13.465374
96199  63.074  -2.416  12.717 13.771767
96200  63.266  -3.130  12.333 13.286641
96201  63.437  -3.797  12.022 12.705114
96202  63.541  -4.443  11.845 12.041514
96203  63.689  -4.440  12.151 12.686706
96204  63.965  -5.115  12.395 12.568103
96205  64.284  -5.843  12.732 12.369116
96206  64.569  -6.476  13.095 12.114121
96207  64.379  -5.947  13.128 12.923141
96208  64.467  -6.078  13.517 13.433143
96209  64.514  -6.270  13.928 13.890028
96210  60.267  -7.694  18.041 15.745602
96211  61.061  -8.126  18.221 15.450982
96212  60.687  -8.267  18.659 15.093289
96213  61.055  -8.628  19.415 14.433363
96214  61.501  -8.767  20.280 13.783516
96215  61.948  -8.762  21.146 13.156646
96216  61.122  -8.884  20.689 13.383858
96217  60.735  -8.990  21.031 12.945938
96218  60.325  -9.082  21.425 12.472042
98108  65.144  -11.073  24.117 10.587484
98109  64.934  -11.883  23.988 10.423251
98110  64.855  -11.485  24.524 10.278627
100351  49.117  1.134  44.139 10.938715
100352  48.263  1.061  44.043 10.611391
100353  48.750  0.829  43.517 10.635239
100354  48.348  0.548  42.855 10.318133
100382  51.543  1.966  34.778 10.489176
100383  51.096  2.187  34.306 10.088792
100384  51.848  2.327  34.516 10.395334
100385  52.141  2.714  34.236 10.301127
100386  52.495  3.103  33.976 10.215736
100387  52.840  3.519  33.744 10.148021
100388  53.174  3.160  34.280 10.534644
100389  53.935  3.297  34.601 10.863360
100390  54.855  3.436  34.718 11.198731
100514  60.736  5.575  19.557 10.364720
100515  61.038  5.125  19.272 10.831935
100516  61.243  4.499  18.928 11.359985
100517  61.649  2.424  19.497 14.474494
100518  61.614  2.647  19.092 13.844579
100519  61.714  1.795  18.700 14.579935
100520  61.743  1.074  17.801 14.666078
100521  61.891  0.429  17.037 14.724926
100522  62.060  -0.121  16.309 14.745272
100523  62.025  -0.376  16.601 15.420298
100524  62.140  -1.092  16.123 16.048750
100525  62.233  -1.748  15.641 16.568567
100526  62.273  -2.394  15.180 16.941605
100527  61.954  -2.012  15.882 17.114443
100528  61.653  -2.282  16.109 17.576588
100529  61.281  -2.572  16.299 17.940136
100530  60.139  -0.991  19.524 18.052547
100531  60.034  -1.664  18.460 18.227444
100532  59.607  -1.806  18.689 18.200762
100533  59.323  -2.691  18.022 18.211014
100534  59.206  -3.564  17.510 18.080860
100535  59.234  -4.458  17.222 17.815477
100536  58.802  -3.694  17.810 17.796867
100537  58.446  -3.840  18.211 17.431498
100538  58.109  -3.975  18.533 16.996801
103577  41.101  -1.673  46.012 11.372568
103578  40.987  -1.065  46.669 11.345517
103579  41.637  -1.536  46.163 11.603602
103580  42.188  -1.437  46.223 11.812032
103581  42.718  -1.331  46.219 11.990632
103582  46.381  -2.239  47.343 12.634385
103583  45.593  -1.859  46.817 12.570330
103584  46.228  -1.561  47.321 12.591960
103585  46.040  -0.944  47.337 12.485600
103586  45.854  -0.359  47.570 12.321680
103587  45.720  0.219  47.842 12.109017
103588  46.492  -0.030  47.941 12.292334
103589  47.147  0.334  48.281 12.247710
103590  47.808  0.751  48.467 12.196711
103591  50.462  -4.887  51.094 10.626990
103592  50.150  -4.499  51.154 11.037460
103593  50.665  -4.383  50.837 10.958763
103594  50.837  -3.781  50.490 11.271499
103595  50.946  -3.109  50.098 11.555045
103596  52.604  -1.151  48.314 11.878819
103597  52.107  -1.256  48.715 11.902205
103598  52.116  -0.547  48.361 12.078677
103599  51.548  0.052  48.406 12.211308
103600  50.953  0.536  48.428 12.276534
103601  50.267  0.958  48.446 12.277309
103602  50.834  1.146  48.090 12.259352
103603  50.740  1.574  47.599 12.190487
103604  50.550  1.817  47.046 12.073880
103605  50.308  1.875  46.450 11.914088
103606  51.058  1.792  46.486 12.098282
103607  51.542  1.675  45.888 12.139558
103608  52.104  1.458  45.244 12.195738
103609  54.658  -0.117  44.524 12.639915
103610  54.156  0.353  44.492 12.610944
103611  54.546  0.078  44.067 12.706627
103612  54.347  0.192  43.552 12.702949
103613  54.069  0.199  43.026 12.632857
103614  53.700  0.194  42.442 12.502428
103615  54.494  0.012  42.618 12.737387
103616  54.942  -0.147  42.199 12.841616
103617  55.291  -0.262  41.757 12.941872
103618  55.572  -0.259  41.337 13.033528
103619  55.921  -0.420  41.862 13.110547
103620  56.390  -0.646  41.834 13.211600
103621  56.703  -0.911  41.732 13.243077
103622  56.145  -3.409  41.812 12.067651
103623  56.580  -2.735  41.703 12.485881
103624  56.264  -3.301  41.263 12.197223
103625  56.336  -3.210  40.722 12.320877
103626  56.384  -3.124  40.178 12.433413
103627  56.441  -3.054  39.614 12.530405
103628  55.753  -3.733  39.693 12.107108
103629  55.097  -4.223  39.146 11.737309
103630  54.443  -4.686  38.593 11.329200
103773  58.339  7.281  25.274 10.263463
103774  58.986  7.290  24.967 10.784084
103775  59.611  7.215  24.654 11.332130
103776  59.187  7.487  25.443 11.210196
103777  59.382  7.628  25.931 11.647171
103778  59.528  7.757  26.411 12.086630
106047  38.869  -2.355  45.674 10.103059
106048  39.315  -2.143  45.772 10.358542
106049  39.482  -2.772  45.343 10.282532
106050  40.044  -3.335  45.170 10.480780
106051  40.672  -3.827  45.146 10.687966
106052  41.595  -6.256  47.832 10.771894
106053  41.760  -5.885  46.945 10.875442
106054  42.136  -6.099  47.947 10.978912
106055  42.663  -5.978  48.120 11.173203
106056  43.188  -5.919  48.343 11.351936
106057  43.777  -5.724  48.553 11.511983
106058  43.474  -5.911  49.399 11.306891
106059  43.843  -5.820  50.500 11.183319
106060  44.241  -5.729  51.617 10.985906
106064  42.440  -6.400  55.696 10.057045
106065  42.885  -6.272  55.535 10.066873
109531  41.767  1.125  49.661 10.804020
109532  41.903  1.564  50.396 10.527610
109533  42.239  1.593  50.176 10.575007
109534  42.652  2.116  50.441 10.322885
109535  42.867  2.592  50.446 10.056561
109643  57.410  8.272  30.856 11.694155
109644  57.056  8.408  30.559 11.348449
109645  57.820  8.313  30.413 11.923295
109646  58.272  8.293  29.877 12.144293
109647  58.718  8.191  29.270 12.356145
109648  59.179  8.047  28.606 12.558299
109649  59.287  7.919  29.057 12.930350
109650  59.763  7.580  28.778 13.487891
109651  60.136  7.173  28.482 14.018170
109652  56.408  0.288  39.622 13.223277
109653  55.992  0.571  39.164 13.023102
109654  56.557  0.488  39.227 13.210310
109655  56.718  0.663  38.821 13.172696
109656  56.718  0.880  38.350 13.114379
109657  58.166  0.786  37.398 13.270218
109658  57.901  1.074  37.551 13.213906
109659  58.107  1.319  37.135 13.158853
109660  57.943  1.815  36.854 12.986300
109661  57.705  2.301  36.470 12.761430
109662  57.400  2.670  36.068 12.494192
109663  57.932  2.539  36.134 12.736464
109664  58.095  2.819  35.797 12.742966
109665  58.273  3.104  35.436 12.784627
109666  55.002  -3.072  33.448 11.302622
109667  55.889  -2.619  34.059 11.789487
109668  55.821  -2.494  33.469 11.733982
109669  56.618  -1.909  33.495 12.130658
109670  57.437  -1.269  33.589 12.486587
109671  58.667  0.233  31.976 13.207594
109672  58.725  0.180  32.579 13.144866
109673  59.182  0.887  32.698 13.414297
109674  59.422  1.643  33.368 13.516876
109675  59.416  2.179  33.883 13.515089
109676  59.287  2.737  34.331 13.415898
109677  59.408  2.852  33.845 13.560195
109678  59.348  3.508  33.634 13.553724
109679  59.226  4.163  33.445 13.498432
109680  59.028  4.860  33.154 13.397558
109681  59.424  4.316  32.932 13.710985
109682  59.610  4.454  32.426 13.930935
109683  59.759  4.577  31.907 14.152255
109684  59.885  2.296  29.190 14.754952
109685  60.149  3.146  29.744 14.797813
109686  60.196  2.998  28.996 14.980108
109687  60.421  3.741  28.820 15.128890
109688  60.556  4.343  28.570 15.199286
109689  60.579  4.961  28.295 15.191347
109690  60.681  4.063  27.797 15.410173
109691  60.786  3.733  27.036 15.631532
109692  60.815  3.440  26.300 15.867035
109693  60.913  3.027  25.573 16.119251
109694  60.663  2.495  25.834 16.017454
109695  60.275  1.517  25.292 16.088547
109696  59.696  0.605  24.641 16.084507
109697  56.083  -2.692  22.609 14.242294
109698  56.659  -2.241  22.560 14.829522
109699  56.236  -3.010  21.936 14.552043
109700  56.393  -3.330  21.287 14.872359
109701  56.563  -3.649  20.672 15.190609
109702  56.790  -4.072  20.083 15.491057
109703  56.433  -4.496  20.368 14.881507
109704  56.396  -5.325  20.250 14.535095
109705  56.472  -6.106  20.250 14.149581
109710  53.506  -6.888  23.062 10.041760
109714  55.872  -8.814  22.793 10.598015
109715  56.117  -8.486  22.303 11.272136
109716  56.379  -8.217  21.818 11.941707
109717  56.711  -8.809  22.360 11.424633
109718  57.293  -9.019  22.404 11.523268
109719  57.913  -9.190  22.525 11.566375
109720  58.547  -9.296  22.671 11.558062
109721  58.307  -9.448  23.319 10.937776
109722  58.733  -9.507  24.149 10.295566
110030  60.707  3.076  16.465 10.148320
110032  60.625  2.306  15.857 10.177507
110033  60.560  1.526  15.310 10.191363
110034  60.557  0.787  14.721 10.179263
110035  61.943  -2.154  12.143 10.879590
110036  61.560  -1.614  12.522 10.603590
110037  61.624  -2.332  12.053 10.312278
110061  65.456  -8.675  15.494 10.979714
110062  65.421  -9.141  15.631 10.303973
110063  65.632  -9.100  16.153 10.739367
110064  65.728  -9.543  16.826 10.527997
110065  65.777  -10.017  17.539 10.344355
110066  65.762  -10.543  18.258 10.184903
110067  65.891  -9.953  18.055 10.707561
110068  65.978  -9.875  18.534 11.025667
110069  66.021  -9.794  19.219 11.296375
110070  62.955  -5.582  14.774 16.668344
110071  63.538  -5.980  14.796 16.034967
110072  63.330  -6.345  15.226 16.232761
110073  63.803  -6.959  15.916 15.721605
110074  64.220  -7.365  16.676 15.174104
110075  64.165  -7.965  19.881 13.922479
110076  64.436  -7.866  19.352 14.039170
110077  64.697  -7.889  20.167 13.526990
110078  65.151  -7.960  20.336 13.142277
110079  65.531  -8.169  20.444 12.769205
110080  65.797  -8.487  20.510 12.405519
110081  65.704  -8.336  21.220 12.423973
110082  65.827  -8.575  21.824 12.120146
110083  65.876  -8.850  22.368 11.849004
110084  65.874  -9.160  22.824 11.599736
110085  65.786  -8.554  22.958 11.780418
110086  65.631  -8.339  23.495 11.647636
110087  65.443  -8.077  24.046 11.450848
110088  63.472  -7.400  24.747 10.979743
110089  64.107  -7.284  24.971 10.931541
110090  63.773  -7.226  25.444 10.514077
110091  64.054  -7.180  26.054 10.071404
117091  50.720  0.272  41.883 11.156744
117092  49.896  0.137  41.803 10.775421
117093  50.192  -0.073  41.224 10.846127
117094  49.547  -0.363  40.550 10.523252
117095  48.975  -0.537  39.855 10.195237
117096  50.109  -0.640  39.432 10.691504
117097  49.246  -0.665  39.324 10.274835
117115  50.652  1.433  35.037 10.246696
117116  50.999  0.868  35.940 10.685918
117117  51.087  1.211  35.495 10.641234
117118  51.292  1.601  35.114 10.573707
117119  51.978  1.751  35.181 10.898646
117120  52.750  1.836  35.469 11.217585
117121  53.497  2.045  35.752 11.527045
117216  60.937  5.946  21.591 11.701396
117217  61.175  5.478  20.854 11.769571
117218  61.313  5.411  21.274 12.305768
117219  61.538  4.712  20.950 12.954291
117220  61.647  3.889  20.581 13.640816
117221  61.644  4.459  21.758 14.086664
117222  61.705  3.736  20.984 14.225324
117223  61.678  3.046  20.243 14.355223
117224  61.662  2.200  19.888 15.081675
117225  61.662  1.298  19.388 15.798931
117226  61.451  0.335  18.879 16.479984
117227  61.258  -0.521  18.234 17.092979
117228  61.313  0.175  19.229 16.956221
117229  61.155  0.020  19.594 17.338444
117230  60.986  -0.158  19.935 17.614180
117231  61.489  1.435  21.444 16.904078
117232  61.184  0.547  20.920 17.386932
117233  60.704  -0.255  20.264 17.776148
117234  60.396  -0.378  20.620 17.821852
117235  60.102  -0.497  20.949 17.753899
117236  59.795  -0.586  21.238 17.578608
119600  44.121  -3.858  46.181 12.152276
119601  43.993  -3.192  45.895 12.226621
119602  44.766  -3.671  46.469 12.329472
119603  45.323  -3.447  46.748 12.466261
119604  45.883  -3.213  47.133 12.559587
119605  46.336  -4.171  48.388 12.364509
119606  46.533  -3.583  47.862 12.518192
119607  46.503  -2.909  47.550 12.609653
119608  47.093  -2.620  47.918 12.619898
119609  47.668  -2.279  48.330 12.596841
119610  48.238  -1.868  48.692 12.548431
119611  52.253  -4.694  49.380 10.321331
119612  52.077  -4.113  49.657 10.728163
119613  52.527  -4.049  49.169 10.662313
119614  52.736  -3.372  48.945 10.998837
119615  52.920  -2.592  48.575 11.320237
119616  53.570  -3.236  47.904 10.929293
119617  53.355  -2.546  48.088 11.295394
119618  53.010  -1.861  48.234 11.615245
119619  53.077  -1.075  47.812 11.873211
119620  53.090  -0.376  47.393 12.084372
119621  53.057  0.280  46.958 12.241292
119622  53.001  0.743  46.449 12.338752
119623  53.551  0.119  46.453 12.286409
119624  54.009  -0.086  45.951 12.346071
119625  54.405  -0.294  45.499 12.418365
119626  54.802  -1.379  45.761 12.018478
119627  54.840  -0.928  45.417 12.292049
119628  54.769  -0.483  44.999 12.501202
119629  55.127  -0.705  44.496 12.592700
119630  55.554  -0.968  44.020 12.691525
119631  55.970  -1.192  43.507 12.795417
119632  56.292  -1.302  43.035 12.902037
119633  56.228  -1.686  43.362 12.677618
119634  56.331  -2.216  43.108 12.490371
119635  56.284  -2.798  42.742 12.240658
119636  55.750  -3.368  43.498 11.693713
119637  55.894  -3.395  42.895 11.811337
119638  56.035  -3.403  42.339 11.937404
119639  55.621  -3.917  41.863 11.590240
119640  55.036  -4.477  41.357 11.208952
119641  54.293  -4.944  40.822 10.802898
121522  39.762  -4.831  45.265 10.060965
121524  40.336  -5.815  46.062 10.207788
121525  40.803  -6.099  46.814 10.396954
121526  40.114  -6.678  47.574 10.092968
121527  40.609  -6.519  47.620 10.327629
121528  41.088  -6.357  47.676 10.554324
121529  41.308  -6.389  48.699 10.666436
121530  41.581  -6.331  49.773 10.721853
121531  41.961  -6.192  50.939 10.713015
124231  43.354  1.426  48.541 10.990994
124232  43.147  1.848  49.115 10.668578
124233  43.420  1.919  48.712 10.680331
124234  43.267  2.307  48.518 10.363455
124235  43.061  2.644  48.204 10.047156
124236  43.612  2.233  47.442 10.354194
124237  43.091  2.536  47.602 10.041917
124317  55.375  8.010  31.264 10.354318
124318  56.280  8.128  31.226 10.901621
124319  56.241  7.686  31.813 10.998028
124320  56.632  7.953  31.543 11.226154
124321  57.048  8.161  31.209 11.460188
124322  57.658  8.032  31.164 12.021398
124323  58.268  7.839  31.066 12.574952
124324  58.821  7.563  30.937 13.108819
124325  57.498  -0.579  39.198 13.436040
124326  57.522  -0.085  38.958 13.452618
124327  57.668  -0.370  38.789 13.423394
124328  57.842  -0.159  38.389 13.395143
124329  57.999  0.044  37.969 13.356273
124330  57.710  -0.985  37.844 13.170744
124331  58.005  -0.343  37.725 13.280857
124332  58.134  0.220  37.576 13.312719
124333  58.288  0.455  37.178 13.270811
124334  58.459  0.647  36.756 13.236658
124335  58.655  0.855  36.321 13.215947
124336  54.375  -2.922  30.768 11.089350
124337  55.440  -2.388  31.480 11.598980
124338  55.177  -2.408  30.766 11.573569
124339  56.095  -1.837  30.815 12.042783
124340  56.967  -1.168  30.942 12.489193
124341  55.586  -1.867  29.405 12.074495
124342  56.768  -1.185  30.257 12.520226
124343  57.827  -0.449  31.125 12.904587
124344  58.580  0.244  31.330 13.280872
124345  59.295  0.984  31.574 13.610479
124346  59.587  1.696  31.678 13.886698
124347  59.800  2.439  31.727 14.103853
124348  59.556  1.678  31.083 14.022430
124349  59.488  1.604  30.442 14.161984
124350  59.472  1.535  29.843 14.306249
124351  57.878  -0.180  28.606 13.674811
124352  58.675  0.599  28.927 14.094761
124353  59.409  1.451  29.192 14.457676
124354  59.293  1.329  28.480 14.619693
124355  59.151  1.136  27.689 14.796685
124356  59.088  0.852  26.862 14.992708
124357  59.052  0.599  26.089 15.211180
124358  58.271  -0.058  26.060 14.796894
124359  57.403  -0.904  25.071 14.548575
124360  56.562  -1.715  23.969 14.262689
124361  55.734  -2.045  24.574 13.452559
124362  55.809  -2.204  23.899 13.687872
124363  55.924  -2.402  23.249 13.952259
124364  55.479  -3.159  22.611 13.627760
124365  55.192  -3.941  22.107 13.296152
124366  54.992  -4.651  21.851 12.960312
124619  61.663  0.521  15.065 12.108500
124620  61.453  0.481  14.724 11.534946
124621  61.836  -0.062  14.234 12.056705
124622  62.000  -0.680  13.440 11.944888
124623  62.131  -1.291  12.764 11.757859
124624  62.691  -1.853  12.651 12.783832
124625  62.491  -1.890  12.422 12.120204
124626  62.237  -1.976  12.274 11.483438
124627  62.337  -2.694  11.839 11.115039
124628  62.422  -3.416  11.471 10.653301
124629  62.428  -4.138  11.225 10.106499
124631  62.748  -4.683  11.205 10.105099
124632  63.053  -5.284  11.343 10.040836
124634  63.603  -5.091  11.798 11.314699
124635  63.652  -5.710  11.813 10.545798
124642  64.800  -8.171  13.731 10.259188
124643  65.010  -8.207  14.252 10.772120
124644  64.765  -7.070  13.549 11.828078
124645  64.975  -7.673  14.112 11.533342
124646  65.197  -8.266  14.796 11.246531
124647  65.391  -8.237  15.348 11.676365
124648  65.525  -8.236  15.934 12.056771
124649  65.609  -8.206  16.515 12.384075
124650  61.823  -7.042  16.368 16.810656
124651  62.570  -7.393  16.578 16.328274
124652  62.234  -7.590  17.017 16.204964
124653  62.672  -7.918  17.779 15.570042
124654  63.090  -8.070  18.625 14.935580
124655  61.878  -8.300  18.551 15.103575
124656  62.725  -8.259  19.001 14.722116
124657  63.509  -8.129  19.506 14.323918
124658  63.842  -8.107  20.380 13.750009
124659  64.147  -7.981  21.245 13.221707
124660  64.435  -7.810  22.071 12.740929
124661  64.727  -7.708  22.772 12.304851
124662  64.175  -7.741  22.532 12.497797
124663  63.870  -7.739  23.026 12.203497
124664  63.528  -7.739  23.487 11.860912
124665  62.373  -8.581  22.056 12.560795
124666  62.775  -8.208  23.030 11.999730
124667  63.158  -7.731  23.951 11.473563
124668  62.770  -7.808  24.384 11.045802
124669  62.380  -7.856  24.776 10.582417
124670  62.037  -7.927  25.184 10.088857
129038  65.402  -12.520  22.167 10.608353
129039  65.170  -13.255  22.142 10.259514
129040  65.153  -13.009  22.597 10.403140
129041  64.899  -13.450  23.018 10.169096
129043  64.761  -12.707  23.942 10.204089
129581  47.903  -5.552  52.546 10.540792
129582  48.193  -5.140  52.087 10.891921
129583  48.571  -5.518  52.280 10.483863
129584  49.180  -5.476  52.029 10.422213
129585  49.720  -5.419  51.703 10.356485
129588  50.194  -5.383  51.361 10.287031
129589  50.695  -5.351  50.997 10.214303
129590  51.121  -5.295  50.583 10.139033
129591  51.532  -5.339  50.097 10.062413
133771  47.111  1.840  45.998 10.895278
133772  46.188  1.798  45.711 10.602688
133773  46.725  1.654  45.312 10.594237
133774  46.327  1.397  44.650 10.284725
133776  47.368  0.979  43.778 10.285189
133782  49.028  0.082  41.662 10.395632
133850  53.172  3.994  33.519 10.105555
133851  53.598  4.538  33.308 10.094571
133852  53.939  5.082  33.098 10.119231
133853  54.692  5.200  33.357 10.514424
133854  55.398  5.223  33.502 10.927511
133855  56.099  5.275  33.705 11.352390
133856  54.201  -4.373  35.585 11.051535
133857  55.068  -3.737  35.652 11.517928
133858  54.322  -4.196  35.091 11.017692
133859  54.315  -4.012  34.523 10.968905
133860  54.283  -3.841  33.959 10.909466
133862  53.562  -4.268  33.387 10.365209
133863  54.249  -3.684  33.396 10.843744
133864  54.195  -3.528  32.806 10.775795
133865  54.024  -3.450  32.185 10.709644
133866  53.830  -3.399  31.522 10.649045
133874  52.869  -3.893  30.779 10.104880
133875  53.601  -3.403  30.786 10.597459
133876  53.377  -3.450  30.018 10.558387
133877  53.135  -3.479  29.247 10.534998
133878  52.947  -3.516  28.490 10.530293
133881  52.859  -3.570  27.748 10.547291
133882  52.813  -3.625  26.977 10.588659
133883  52.826  -3.680  26.285 10.657054
133884  52.897  -3.748  25.656 10.754606
133885  53.003  -3.853  25.087 10.883080
133886  52.521  -4.296  25.184 10.308095
134118  60.816  4.509  17.689 10.072568
134119  60.801  3.881  17.071 10.111638
134120  60.909  3.162  16.838 10.522945
134121  61.064  2.520  16.555 10.998793
134122  61.271  1.845  16.236 11.533670
134123  61.321  4.925  20.102 11.832109
134124  61.354  4.353  19.355 11.891226
134125  61.350  3.791  18.652 11.948226
134126  61.527  2.856  18.701 13.211328
134127  61.449  3.034  18.316 12.592325
134128  61.344  3.229  17.939 12.002983
134129  61.371  2.492  17.235 12.053218
134130  61.420  1.762  16.533 12.093696
134131  61.529  1.130  15.845 12.116031
134132  61.822  0.467  15.363 12.727072
134133  62.134  -0.147  14.901 13.340075
134134  62.377  -0.768  14.433 13.921019
134135  62.240  -0.516  15.577 14.713402
134136  62.405  -0.882  14.793 14.613904
134137  62.618  -1.420  14.018 14.431409
134138  62.861  -2.089  13.675 14.833076
134139  63.125  -2.788  13.303 15.095232
134140  63.334  -3.506  13.267 15.200884
134141  63.564  -4.263  13.353 15.150238
134142  63.229  -3.753  13.612 15.756168
134143  63.114  -4.044  13.947 16.246605
134144  62.924  -4.382  14.262 16.660143
134145  62.411  -3.113  14.776 17.140099
134146  62.535  -3.903  14.608 17.152763
134147  62.703  -4.745  14.606 16.987188
134148  62.436  -5.216  14.888 17.221294
134149  62.113  -5.533  15.205 17.359419
134150  61.802  -5.888  15.581 17.401791
134151  61.070  -1.285  17.592 17.603834
134152  60.914  -2.030  16.999 17.979845
134153  60.856  -2.805  16.506 18.194643
134154  60.128  -2.320  17.538 18.327440
134155  60.420  -3.041  16.706 18.334373
134156  60.856  -3.629  16.086 18.232952
134157  60.937  -4.501  15.811 18.093685
134158  61.132  -5.400  15.731 17.791096
134159  61.472  -6.298  15.950 17.351860
134160  61.108  -6.559  16.369 17.215454
134161  60.718  -6.837  16.726 17.000393
134162  60.327  -6.966  17.165 16.715218
134163  59.376  -5.353  17.180 17.428047
134164  59.625  -6.283  17.305 16.937925
134165  59.904  -7.022  17.596 16.368658
134166  59.532  -7.100  18.003 15.969248
134167  59.198  -7.234  18.436 15.524173
134168  58.870  -7.378  18.817 15.039775
140483  39.395  0.533  49.345 10.487423
140484  39.863  0.990  50.288 10.441862
140485  39.924  0.583  49.322 10.626813
140486  40.440  0.651  49.295 10.760730
140487  40.910  0.645  49.171 10.886574
140488  40.890  -0.475  47.433 11.275267
140489  41.042  0.191  48.271 11.160066
140490  41.369  0.682  49.044 11.001464
140491  41.846  0.782  48.842 11.101552
140492  42.261  0.896  48.614 11.183840
140493  42.656  0.934  48.381 11.245905
140494  43.717  -2.515  45.699 12.251173
140495  43.451  -1.849  45.832 12.220812
140496  43.262  -1.143  46.233 12.133416
140497  44.743  -1.479  46.364 12.434342
140498  43.858  -1.007  46.370 12.236880
140499  43.094  -0.549  46.721 11.990406
140500  42.985  -0.019  47.221 11.796374
140501  43.011  0.467  47.667 11.558788
140502  43.146  0.980  48.171 11.286963
140503  43.645  1.034  48.058 11.307781
140504  44.192  1.207  47.976 11.310497
140505  44.781  1.351  47.984 11.298944
140506  45.592  0.728  48.003 11.857536
140507  45.503  1.231  48.081 11.577317
140508  45.391  1.623  47.973 11.277609
140509  45.943  1.842  47.834 11.251091
140510  46.433  2.002  47.501 11.224394
140511  46.929  2.046  47.025 11.201138
140512  48.330  -4.783  51.616 11.237226
140513  48.449  -4.402  51.138 11.562756
140514  48.613  -3.967  50.590 11.854701
140515  49.750  -4.103  50.928 11.430493
140516  49.258  -3.756  50.593 11.790174
140517  48.747  -3.470  50.061 12.100933
140518  48.825  -2.878  49.538 12.291639
140519  48.886  -2.217  49.183 12.420375
140520  48.820  -1.497  48.923 12.484290
140521  51.820  -3.548  49.815 11.118863
140522  51.450  -2.943  49.806 11.480261
140523  50.949  -2.427  49.735 11.800076
140524  51.546  -1.459  49.093 11.942974
140525  50.979  -1.701  49.386 11.999110
140526  50.484  -1.950  49.529 12.067419
140527  49.930  -1.494  49.283 12.273791
140528  49.400  -1.178  49.032 12.413517
140529  48.754  -0.782  48.759 12.484033
140530  48.625  -0.121  48.644 12.423447
140531  48.477  0.531  48.607 12.308713
140532  48.393  1.124  48.525 12.147278
140533  49.609  1.237  48.432 12.218515
140534  48.904  1.479  48.360 12.106262
140535  48.172  1.582  48.215 11.947131
140536  47.956  1.901  47.762 11.715802
140537  47.676  2.038  47.246 11.459877
140538  47.395  1.996  46.642 11.184984
140539  47.882  1.878  46.204 11.177926
140540  48.383  1.748  45.722 11.181565
140541  48.930  1.591  45.208 11.196493
140542  50.053  1.760  45.836 11.715828
140543  49.812  1.603  45.280 11.483975
140544  49.512  1.396  44.678 11.223271
140545  50.006  1.205  44.128 11.261886
140546  50.491  0.987  43.554 11.312376
140547  50.846  0.747  42.999 11.374451
140548  52.874  1.027  45.906 12.374642
140549  52.770  1.212  45.335 12.349146
140550  52.539  1.244  44.723 12.265079
140551  53.603  0.739  44.428 12.510161
140552  52.914  1.012  44.301 12.345334
140553  52.225  1.205  44.170 12.126672
140554  51.955  1.012  43.593 11.939794
140555  51.599  0.790  42.971 11.711048
140556  51.198  0.531  42.410 11.447508
140557  51.502  0.315  41.922 11.530956
140558  51.761  0.048  41.439 11.622997
140559  52.042  -0.170  40.982 11.721150
140560  53.383  0.045  41.916 12.318760
140561  52.911  -0.108  41.249 12.089153
140562  52.400  -0.303  40.550 11.821667
140563  52.725  -0.329  40.147 11.919976
140564  53.045  -0.302  39.691 12.010161
140565  53.389  -0.155  39.226 12.086371
140566  53.658  0.027  38.823 12.142563
140567  54.229  0.039  39.516 12.438437
140568  54.958  0.182  39.753 12.747634
140569  55.653  0.183  39.913 13.006729
140570  55.830  -0.154  40.885 13.111950
140571  56.075  -0.031  40.423 13.172235
140572  56.269  0.092  40.016 13.210317
140573  56.691  -0.033  40.035 13.355109
140574  57.053  -0.191  39.948 13.439929
140575  57.246  -0.443  39.821 13.464647
140576  56.576  -1.349  42.547 13.008393
140577  56.760  -1.313  42.061 13.110934
140578  56.915  -1.229  41.562 13.205608
140579  56.824  -2.141  41.551 12.833080
140580  56.993  -1.598  41.310 13.101768
140581  57.060  -1.117  41.035 13.288148
140582  57.161  -1.002  40.512 13.354894
140583  57.267  -0.875  40.049 13.402583
140584  57.375  -0.735  39.612 13.429700
140585  57.414  -1.090  39.384 13.335574
140586  57.325  -1.502  39.103 13.182543
140587  57.083  -2.050  38.725 12.970376
140588  56.503  -2.926  39.143 12.608115
140589  56.573  -2.786  38.700 12.664610
140590  56.672  -2.648  38.248 12.699309
140591  56.097  -3.127  37.709 12.369884
140592  55.519  -3.596  37.176 11.984400
140593  54.832  -4.091  36.615 11.547565
140600  53.346  -5.407  41.339 10.099782
140601  53.395  -5.351  40.782 10.237233
140602  53.431  -5.335  40.210 10.381042
140611  53.532  -5.264  39.693 10.524626
140612  53.595  -5.214  39.133 10.661193
140613  53.643  -5.177  38.595 10.784447
140614  53.735  -5.070  38.146 10.889109
140616  53.006  -5.489  37.481 10.424136
140617  53.791  -4.979  37.613 10.971160
140618  53.827  -4.880  37.069 11.028121
140619  53.922  -4.732  36.571 11.059610
140620  54.064  -4.553  36.076 11.066663
140621  53.331  -4.968  35.547 10.552373
140875  60.199  6.156  21.042 10.278343
140876  60.375  6.260  21.462 10.691297
140883  59.537  6.519  22.513 10.161709
140884  60.098  6.482  22.174 10.631018
140885  60.565  6.274  21.871 11.143310
140886  60.688  6.338  22.312 11.625166
140887  60.867  6.411  22.747 12.126539
140888  61.010  6.432  23.187 12.635731
140889  60.198  7.059  24.307 11.908488
140890  60.720  6.810  23.969 12.512273
140891  61.107  6.438  23.600 13.140389
140892  61.136  6.405  24.064 13.627876
140893  61.152  6.372  24.595 14.085539
140894  61.131  6.287  25.080 14.501788
145419  38.730  1.282  51.603 10.154273
145420  38.794  0.936  50.529 10.228485
145499  37.991  0.414  49.643 10.036823
145500  38.408  0.449  49.483 10.194058
145501  38.892  0.501  49.415 10.343456
145502  39.031  -0.064  48.300 10.496664
145503  39.386  -0.700  47.341 10.683449
145504  40.076  -1.255  46.593 10.896533
145505  39.760  -1.966  45.829 10.615372
145506  40.210  -1.882  45.892 10.872374
145507  40.671  -1.761  45.923 11.126594
145508  41.319  -2.266  45.643 11.361275
145509  42.087  -2.874  45.457 11.586177
145510  42.821  -3.442  45.556 11.784829
145511  40.225  -4.663  45.267 10.335670
145512  40.765  -4.476  45.273 10.612716
145513  41.302  -4.333  45.326 10.891342
145514  41.881  -5.461  46.279 10.977034
145515  41.882  -4.882  45.785 11.075665
145516  41.823  -4.218  45.387 11.168765
145517  42.377  -4.170  45.563 11.440555
145518  42.926  -4.068  45.727 11.700120
145519  43.527  -3.986  45.952 11.940075
145520  44.200  -4.395  46.570 12.035165
145521  44.702  -4.791  47.380 12.056602
145522  45.050  -5.038  48.255 11.995193
145523  44.355  -5.523  48.830 11.650108
145524  44.830  -5.387  49.049 11.763091
145525  45.382  -5.175  49.357 11.848455
145526  45.756  -5.234  50.403 11.620969
145527  46.281  -5.214  51.405 11.324288
145528  46.905  -5.351  52.186 10.974996
145531  40.469  -6.720  51.916 10.189884
145532  41.150  -6.580  53.958 10.123086
145533  40.948  -6.487  52.977 10.228042
145534  40.878  -6.476  51.904 10.337756
145535  41.320  -6.296  51.913 10.462431
145536  41.846  -6.150  51.957 10.562537
145537  42.398  -6.000  52.034 10.638095
145540  43.355  -6.157  55.352 10.045815
145543  43.223  -6.029  54.560 10.175528
145544  43.026  -5.938  53.855 10.328426
145545  42.944  -5.912  53.046 10.501153
145546  42.966  -5.882  52.114 10.689997
145547  43.566  -5.785  52.275 10.720207
145548  44.177  -5.754  52.448 10.731264
145549  44.803  -5.655  52.606 10.726051
145550  45.367  -5.794  53.770 10.157828
145551  45.388  -5.689  53.255 10.420289
145552  45.462  -5.596  52.696 10.707179
145553  46.129  -5.609  52.786 10.677316
145554  46.786  -5.558  52.749 10.638575
145555  47.395  -5.561  52.664 10.592666
145556  47.756  -5.761  52.842 10.197137
152497  40.461  1.409  51.031 10.358965
152498  41.060  1.731  51.597 10.240714
152499  41.632  2.160  52.028 10.092149
152500  41.999  1.939  51.032 10.282935
152501  42.077  2.264  51.679 10.078181
152506  43.059  2.207  49.622 10.352606
152507  42.952  2.628  49.997 10.054208
152524  45.309  1.726  45.510 10.303889
152721  57.127  8.032  27.880 10.220632
152724  55.545  8.293  29.931 10.059966
152725  56.717  8.481  30.244 10.988838
152726  56.476  8.434  29.886 10.620308
152727  56.188  8.332  29.464 10.248349
152728  56.796  8.291  28.938 10.431541
152729  57.403  8.197  28.296 10.607273
152730  57.918  8.068  27.601 10.773977
152731  58.599  8.053  27.326 11.343413
152732  59.189  7.954  27.080 11.926602
152733  59.746  7.748  26.799 12.519848
152734  59.595  7.894  27.906 12.752003
152735  59.936  7.724  27.196 12.938193
152736  60.235  7.481  26.470 13.118234
152737  60.623  7.146  26.140 13.714794
152738  60.922  6.668  25.849 14.300730
152739  61.111  6.038  25.481 14.865808
152740  53.804  0.248  38.393 12.173741
152741  53.921  0.506  37.983 12.176554
152742  54.018  0.771  37.562 12.150041
152743  55.489  0.763  38.586 12.762174
152744  54.790  0.912  37.936 12.449637
152745  54.047  1.053  37.121 12.095911
152746  54.147  1.363  36.685 12.018539
152747  54.294  1.666  36.290 11.924872
152748  54.520  1.915  35.922 11.823704
152749  57.424  0.334  38.710 13.388533
152750  57.092  0.755  38.364 13.248977
152751  56.825  1.126  37.960 13.041077
152752  57.570  1.296  37.636 13.108796
152753  57.099  1.400  37.639 12.960538
152754  56.444  1.459  37.541 12.773922
152755  55.937  1.711  36.882 12.457932
152756  55.416  1.852  36.201 12.104364
152757  54.749  2.272  35.564 11.724747
152758  55.053  2.620  35.306 11.637991
152759  55.382  3.029  35.076 11.572756
152760  55.768  3.462  34.871 11.536971
152761  56.976  3.056  35.562 12.194576
152762  56.525  3.472  35.039 11.872542
152763  56.069  3.910  34.649 11.536890
152764  56.275  4.353  34.391 11.576672
152765  56.506  4.791  34.106 11.658345
152766  56.824  5.192  33.816 11.781426
152767  55.907  -3.041  35.746 11.940612
152768  56.637  -2.436  35.841 12.310465
152769  57.336  -1.705  35.934 12.621003
152770  56.683  -2.119  34.732 12.219985
152771  57.403  -1.552  35.393 12.581767
152772  57.893  -0.952  35.997 12.867749
152773  58.302  -0.260  35.937 13.048391
152774  58.606  0.417  35.933 13.162910
152775  58.873  1.046  35.837 13.213104
152776  56.488  -1.856  32.234 12.066113
152777  57.396  -1.228  32.957 12.470604
152778  58.093  -0.547  33.662 12.796412
152779  58.666  0.140  33.122 13.093945
152780  58.616  0.126  33.719 13.056324
152781  58.572  0.111  34.314 13.033187
152782  58.913  0.686  34.888 13.177209
152783  59.007  1.214  35.364 13.231046
152784  58.928  1.668  35.736 13.202476
152785  58.856  2.236  35.597 13.136305
152786  58.702  2.809  35.355 13.020884
152787  58.427  3.388  35.043 12.863032
152788  58.992  3.171  34.551 13.231511
152789  58.590  3.626  34.709 12.977328
152790  58.166  3.933  34.676 12.669956
152791  57.859  4.422  34.292 12.448317
152792  57.487  5.006  33.881 12.204354
152793  57.107  5.589  33.521 11.942986
152794  57.388  5.929  33.220 12.138365
152795  57.662  6.233  32.886 12.360696
152796  57.951  6.558  32.525 12.602266
152797  58.709  5.519  32.794 13.254435
152798  58.483  6.173  32.447 13.072399
152799  58.258  6.820  32.127 12.854970
152800  58.601  7.026  31.679 13.110938
152801  58.949  7.143  31.273 13.363856
152802  59.295  7.159  30.747 13.609483
152803  59.904  3.166  31.655 14.258115
152804  59.994  3.879  31.504 14.347128
152805  59.927  4.678  31.359 14.370318
152806  60.195  3.989  30.291 14.740870
152807  60.103  4.738  30.726 14.582813
152808  59.890  5.401  31.070 14.328743
152809  59.793  6.138  30.801 14.224792
152810  59.727  6.623  30.447 14.062263
152811  59.625  7.094  30.145 13.845729
152812  59.922  6.990  29.505 14.073012
152813  60.190  6.795  28.817 14.293104
152814  60.455  6.580  28.119 14.509500
152815  60.624  5.492  28.027 15.107025
152816  60.677  5.923  27.682 14.950036
152817  60.697  6.360  27.395 14.725509
152818  60.882  6.093  26.623 14.944365
152819  61.080  5.717  25.838 15.168254
152820  61.269  5.284  25.053 15.398298
152821  61.300  4.449  24.693 15.886019
152822  61.261  3.540  24.331 16.317169
152823  61.170  2.566  23.912 16.680653
152824  60.975  2.573  24.855 16.388548
152825  60.992  2.113  24.136 16.672651
152826  61.026  1.581  23.485 16.967146
152827  60.628  0.671  22.952 17.169571
152828  59.983  -0.170  22.150 17.283094
152829  59.220  -0.961  21.219 17.305265
152830  59.027  0.365  25.317 15.454214
152831  58.935  0.026  24.557 15.722017
152832  58.805  -0.323  23.737 16.011978
152833  57.270  -1.788  22.561 15.378665
152834  57.961  -1.198  22.748 15.878903
152835  58.680  -0.670  22.882 16.318882
152836  58.587  -1.052  22.020 16.634018
152837  58.536  -1.398  21.154 16.945015
152838  58.538  -1.758  20.343 17.236029
152839  58.076  -2.574  19.686 17.077118
152840  57.839  -3.493  19.128 16.831696
152841  57.793  -4.392  18.837 16.504501
152842  57.085  -4.451  19.597 15.755568
152843  57.437  -4.837  19.167 15.965006
152844  57.874  -5.265  18.755 16.101608
152845  58.030  -6.139  18.831 15.630460
152846  58.281  -6.984  19.018 15.100094
152847  58.585  -7.646  19.413 14.520950
152848  53.200  -4.004  24.511 11.043867
152849  53.419  -4.152  23.970 11.237354
152850  53.634  -4.317  23.466 11.463071
152851  53.097  -5.396  23.467 10.479320
152852  53.480  -4.956  23.214 11.090824
152853  53.914  -4.527  22.993 11.719098
152854  54.234  -4.733  22.528 12.001618
152855  54.563  -4.988  22.079 12.304558
152856  54.870  -5.397  21.641 12.619171
152859  54.019  -7.231  22.810 10.309600
152860  54.738  -8.239  22.931 10.178106
152861  54.553  -7.603  22.605 10.578660
152862  54.377  -6.927  22.410 10.950608
152863  54.666  -6.553  22.019 11.605304
152864  54.957  -6.169  21.642 12.268173
152865  55.275  -5.780  21.235 12.933455
152866  55.714  -6.126  20.897 13.233147
152867  56.171  -6.461  20.599 13.501552
152868  56.659  -6.866  20.383 13.722043
152869  56.661  -7.908  21.282 12.602174
152870  56.939  -7.629  20.705 13.249350
152871  57.189  -7.235  20.218 13.879676
152872  57.741  -7.571  20.085 13.964146
152873  58.310  -7.922  19.999 13.971459
152874  58.926  -8.225  19.933 13.904955
152875  59.291  -8.705  20.588 13.264934
152876  59.654  -9.059  21.349 12.613990
152877  60.077  -9.180  22.196 11.964576
152878  59.177  -9.309  22.800 11.507139
152879  59.814  -9.223  22.953 11.425920
152880  60.471  -9.082  23.118 11.327806
152881  60.914  -8.784  24.076 10.712604
152882  61.395  -8.321  25.028 10.125584
153507  61.202  0.423  14.420 11.012290
153508  60.931  0.261  14.237 10.543330
153509  60.586  0.048  14.150 10.128404
153510  61.117  -1.146  12.991 10.311110
153573  65.699  -11.118  18.913 10.043799
153576  65.494  -12.287  20.533 10.107181
153577  65.552  -12.262  20.982 10.384226
153578  65.603  -12.069  21.417 10.614496
153579  63.841  -5.040  13.563 14.960352
153580  64.158  -5.822  13.919 14.660578
153581  64.524  -6.497  14.418 14.286231
153582  64.078  -6.360  14.862 15.343393
153583  64.506  -6.734  14.971 14.615939
153584  64.836  -7.074  15.024 13.872103
153585  65.133  -7.537  15.703 13.448206
153586  65.435  -7.901  16.491 13.037521
153587  65.669  -8.155  17.160 12.655749
153588  63.363  -7.515  16.952 15.789433
153589  64.035  -7.558  17.248 15.215121
153590  64.577  -7.589  17.473 14.623676
153591  64.685  -7.782  18.791 14.097619
153592  64.869  -7.734  18.212 14.095141
153593  65.008  -7.681  17.651 14.029878
153594  65.378  -7.840  17.758 13.443456
153595  65.663  -8.106  17.804 12.870136
153596  65.826  -8.460  17.848 12.311750
153597  65.935  -8.812  18.523 12.008645
153598  66.007  -9.224  19.267 11.745374
153599  66.061  -9.671  19.930 11.517234
153600  65.956  -8.970  20.576 12.046391
153601  66.034  -9.531  20.577 11.685833
153602  66.035  -10.153  20.504 11.317317
153603  65.947  -10.680  21.020 11.136623
153604  65.813  -11.237  21.475 10.965149
153605  65.623  -11.869  21.843 10.792521
153606  65.624  -11.604  22.251 10.912191
153607  65.551  -11.275  22.762 10.967456
153608  65.447  -10.905  23.247 10.953050
153609  65.828  -9.518  23.244 11.360644
153610  65.623  -9.992  23.554 11.119623
153611  65.386  -10.519  23.832 10.865265
153612  65.318  -10.155  24.416 10.703100
153613  65.219  -9.776  24.951 10.468561
153614  65.103  -9.503  25.472 10.167197
153615  64.952  -7.656  23.471 11.907299
153616  65.114  -7.703  24.045 11.539637
153617  65.211  -7.865  24.510 11.191940
153618  64.592  -7.385  25.027 10.898453
153619  64.965  -7.657  25.037 10.875131
153620  65.262  -8.074  25.015 10.853956
153621  65.230  -8.408  25.434 10.515927
153622  65.152  -8.793  25.774 10.169435
