#!ascii label  , from subject fsaverage vox2ras=TkReg coords=white
650
141  59.674  -31.971  45.809 7.224339
581  60.892  -36.097  37.357 8.737145
1287  61.796  -28.716  41.624 6.394212
1288  60.474  -31.032  38.537 7.515123
1289  61.018  -33.617  41.002 8.808418
2380  56.942  -34.465  36.976 6.567916
2381  59.041  -38.339  33.323 7.069839
2387  58.722  -37.146  43.103 7.177083
2388  61.516  -38.441  37.604 7.463165
2389  63.640  -39.289  33.269 6.875866
3207  60.831  -30.193  43.902 6.927234
3208  61.502  -30.974  41.625 7.872149
3209  60.534  -32.242  43.343 8.248506
5305  59.593  -33.775  38.822 8.403262
5306  58.499  -32.403  37.860 7.352239
5307  58.646  -35.606  37.454 7.950961
5308  57.507  -37.209  35.642 6.976316
5309  60.359  -37.386  35.288 8.071048
5324  57.545  -39.074  44.228 6.001747
5325  58.318  -38.986  40.835 6.075459
5326  59.655  -37.593  39.903 7.412187
5327  60.117  -39.837  37.975 6.047645
5331  63.798  -39.159  30.109 6.275996
6926  61.870  -28.991  37.576 6.531734
6927  61.879  -29.929  39.713 7.179226
6928  60.981  -32.295  39.964 8.353719
6929  61.052  -34.832  39.263 8.971765
9696  59.791  -30.050  36.632 6.632466
9697  57.725  -31.463  36.219 6.139124
9710  58.070  -34.745  47.442 6.803581
9718  57.825  -37.201  46.207 6.688973
9719  59.090  -34.810  44.709 7.810104
9720  59.584  -35.178  41.771 8.377183
9721  60.923  -36.382  39.505 8.623691
9722  62.296  -36.926  37.536 8.554576
9724  62.894  -39.211  35.559 7.285170
9725  62.718  -37.602  35.345 8.148598
9726  62.467  -38.298  33.005 7.450640
9727  61.696  -38.639  30.195 6.557470
10885  59.567  -31.105  46.029 6.468194
10886  60.150  -30.094  45.043 6.288437
10887  60.305  -31.011  44.910 7.139307
10888  60.796  -31.100  43.743 7.698562
10889  60.146  -32.096  44.645 7.798526
12985  59.993  -35.181  38.250 8.673798
12986  59.089  -34.677  38.219 8.246870
12987  59.805  -35.956  37.365 8.448346
12988  59.496  -36.762  36.372 8.096680
12989  60.717  -36.729  36.324 8.456841
13006  59.062  -39.342  39.172 6.068573
15382  62.190  -28.206  40.319 6.162135
15383  62.318  -28.802  39.456 6.557761
15384  62.053  -29.292  40.582 6.842883
15385  61.197  -32.274  41.384 8.454973
15386  61.395  -31.652  40.687 8.167775
15387  61.172  -32.916  40.534 8.664527
15388  60.923  -33.608  39.786 8.772057
15389  61.114  -34.237  40.170 8.937644
21675  61.123  -29.964  38.137 7.018055
21676  60.893  -29.501  36.900 6.645118
21677  60.097  -30.518  37.625 7.074283
21678  57.613  -33.510  37.525 7.038736
21679  57.970  -31.901  37.096 6.756720
21680  57.172  -32.871  36.871 6.349256
21685  58.189  -37.924  34.502 7.087155
21686  57.010  -37.592  34.732 6.381664
21687  57.667  -38.288  33.519 6.511762
21689  58.434  -38.660  32.177 6.522765
21711  57.246  -34.774  48.128 6.122183
21712  57.153  -35.993  48.111 6.328185
21731  58.143  -38.122  43.812 6.537633
21732  57.753  -38.232  45.334 6.370598
21733  58.365  -37.183  44.617 6.975972
21734  58.550  -36.007  45.491 7.290986
21735  58.898  -36.110  43.907 7.603039
21736  59.302  -34.875  43.198 8.139056
21737  59.077  -36.182  42.360 7.829084
21738  60.574  -38.025  38.659 7.463003
21739  60.188  -36.896  39.572 8.089429
21740  61.260  -37.277  38.544 8.127742
21741  61.739  -36.682  38.443 8.631021
21742  62.075  -37.614  37.530 8.096149
21746  63.498  -40.101  33.456 6.350316
21747  63.118  -40.174  34.669 6.517351
21748  63.374  -39.307  34.484 7.106837
21749  63.030  -38.283  35.503 7.810906
21750  63.318  -38.457  34.405 7.565496
21751  62.693  -37.956  34.198 7.830914
21752  63.367  -38.599  33.057 7.262288
21754  63.216  -38.789  29.958 6.514337
21755  63.115  -38.362  28.577 6.087404
21756  61.421  -38.450  28.873 6.077157
24204  60.718  -29.196  43.900 6.062143
24205  61.309  -29.285  42.856 6.660053
24206  61.749  -29.731  41.641 7.154327
24207  61.308  -30.392  42.718 7.459218
24208  61.091  -31.579  42.467 8.136015
24209  60.783  -32.845  42.028 8.581489
27981  59.775  -32.267  38.834 7.993753
27982  59.468  -31.604  38.049 7.504778
27983  59.042  -33.032  38.390 7.911157
27984  58.255  -34.026  38.022 7.684319
27985  57.685  -35.136  37.298 7.303521
27986  57.021  -35.968  36.577 6.787102
27987  58.175  -36.463  36.514 7.517531
27988  58.894  -37.368  35.438 7.631541
27989  59.711  -37.902  34.330 7.598288
28016  57.792  -38.940  42.573 6.060142
28017  58.413  -38.050  42.047 6.641829
28018  58.960  -37.276  41.485 7.317492
28019  59.042  -38.309  40.383 6.706251
28020  59.929  -38.723  38.846 6.741724
28021  60.909  -39.229  37.711 6.747134
28026  63.736  -39.897  31.967 6.140691
28027  63.763  -39.248  31.758 6.597641
31520  62.469  -28.122  36.879 6.072830
31521  62.414  -28.485  38.191 6.305582
31522  61.926  -29.513  38.753 6.843691
31523  61.302  -30.531  39.168 7.403399
31524  61.780  -30.400  40.660 7.532975
31525  61.424  -31.049  39.905 7.797092
31526  60.714  -31.688  39.323 7.951323
31527  60.365  -32.979  39.349 8.434037
31528  60.328  -34.375  39.036 8.777856
31529  60.909  -35.599  38.278 8.907228
33869  59.018  -32.139  46.672 6.532494
39324  61.785  -28.634  36.192 6.229193
39325  60.793  -29.169  35.718 6.271039
39326  59.632  -29.766  35.525 6.179151
39327  59.057  -31.102  37.213 6.994982
39328  58.668  -30.709  36.267 6.470626
39336  56.463  -36.577  35.759 6.187341
39367  58.091  -33.524  47.437 6.421624
39368  58.878  -33.347  46.485 7.118886
39391  57.108  -38.241  46.675 6.114267
39392  57.091  -37.153  47.479 6.294855
39393  57.959  -35.971  47.034 6.869322
39394  58.705  -34.761  46.225 7.369645
39395  59.452  -33.328  45.348 7.695310
39396  59.850  -33.438  43.988 8.145614
39397  60.071  -33.732  42.577 8.482006
39398  60.349  -34.354  41.393 8.719324
39399  59.434  -36.435  40.877 7.988748
39400  60.099  -35.723  40.524 8.537706
39401  60.817  -35.128  40.429 8.867348
39402  61.351  -35.690  39.412 8.928256
39403  61.659  -36.125  38.431 8.899433
39404  61.924  -36.409  37.356 8.776387
39406  61.116  -40.364  36.846 6.010896
39407  61.835  -39.686  36.660 6.715269
39409  62.544  -40.029  35.623 6.639494
39410  62.314  -38.938  36.560 7.404869
39411  62.647  -37.960  36.572 7.990075
39412  62.695  -37.186  36.495 8.392559
39413  61.914  -36.824  36.310 8.557292
39414  61.852  -37.313  35.185 8.245366
39415  61.439  -37.823  34.154 7.851151
39416  60.871  -38.294  33.060 7.392705
39417  63.258  -38.787  31.581 6.909255
39418  62.054  -38.559  31.676 7.021034
39419  60.166  -38.664  31.843 6.893537
39420  59.729  -38.810  30.513 6.379053
41605  59.643  -31.522  45.996 6.873725
41606  59.958  -30.999  45.468 6.816401
41607  59.992  -31.475  45.383 7.202227
41608  60.282  -31.538  44.849 7.501713
41609  59.931  -31.988  45.213 7.526998
43705  60.416  -35.675  37.864 8.734703
43706  59.897  -35.596  37.833 8.576894
43707  60.370  -36.018  37.346 8.621976
43708  60.260  -36.381  36.837 8.479432
43709  60.856  -36.391  36.830 8.610726
46098  61.566  -28.546  42.193 6.130398
46100  61.778  -28.270  41.545 6.022153
46102  62.011  -28.451  40.964 6.272898
46103  62.157  -28.720  40.464 6.498029
46104  61.966  -29.017  41.085 6.632305
46105  61.108  -32.947  41.240 8.665523
46106  61.212  -32.659  40.912 8.572866
46107  61.156  -33.282  40.763 8.762095
46108  61.140  -33.586  40.373 8.833736
46109  61.100  -33.932  40.586 8.884945
52395  60.826  -30.442  38.372 7.266670
52396  60.608  -30.229  37.863 7.061790
52397  60.300  -30.762  38.064 7.294593
52398  57.324  -33.990  37.257 6.821298
52399  57.394  -33.171  37.206 6.697512
52400  57.041  -33.662  37.022 6.457539
52401  56.738  -33.366  36.728 6.088141
52402  56.618  -34.139  36.761 6.184200
52404  56.535  -34.927  36.680 6.285073
52405  58.620  -38.160  33.874 7.097125
52406  57.952  -38.097  34.001 6.800217
52407  58.350  -38.319  33.384 6.816295
52408  58.051  -38.483  32.888 6.535047
52409  58.739  -38.501  32.793 6.796328
52431  56.783  -35.953  48.433 6.018104
52432  56.705  -36.532  48.318 6.061656
52451  58.449  -37.618  43.455 6.849230
52452  58.291  -37.746  44.298 6.766019
52453  58.540  -37.178  43.899 7.085538
52454  58.626  -36.623  44.311 7.293561
52455  58.798  -36.653  43.488 7.410111
52456  59.013  -36.131  43.139 7.725312
52457  58.905  -36.707  42.746 7.508603
52458  61.060  -38.229  38.156 7.469975
52459  60.856  -37.678  38.619 7.809375
52460  61.383  -37.819  38.088 7.810941
52461  61.700  -37.435  38.016 8.121117
52462  61.817  -38.032  37.551 7.796237
52466  63.638  -39.709  33.386 6.626694
52467  63.506  -39.741  34.017 6.731407
52468  63.526  -39.316  33.908 6.997598
52469  63.377  -38.882  34.416 7.356600
52470  63.492  -38.894  33.833 7.229890
52471  63.354  -38.533  33.761 7.420603
52472  63.577  -38.896  33.157 7.090294
52474  63.579  -38.600  28.525 6.022333
55698  60.537  -30.141  44.490 6.619738
55699  60.444  -29.639  44.475 6.177182
55700  60.803  -29.685  43.949 6.498485
55701  61.032  -29.213  43.395 6.372616
55702  61.074  -29.746  43.363 6.796509
55703  61.308  -29.824  42.810 7.067935
55704  61.088  -30.298  43.297 7.207742
55705  60.686  -31.674  43.564 8.008551
55706  60.975  -31.288  43.090 7.932515
55707  60.855  -31.834  42.908 8.215865
55708  60.931  -32.182  42.260 8.393621
55709  60.663  -32.498  42.647 8.428922
61995  59.650  -33.017  38.855 8.211223
61996  59.385  -32.653  38.577 7.969319
61997  59.274  -33.460  38.612 8.168300
61998  58.868  -35.109  37.846 8.116778
61999  58.658  -34.320  38.147 7.979027
62000  58.342  -34.820  37.852 7.829103
62001  57.971  -34.601  37.678 7.512887
62002  58.128  -35.372  37.439 7.642018
62003  57.904  -35.837  36.973 7.419779
62004  58.439  -36.065  36.992 7.750254
62005  59.923  -37.110  35.804 8.107539
62006  59.252  -37.098  35.875 7.876647
62007  59.657  -37.412  35.338 7.882348
62008  59.301  -37.680  34.869 7.635604
62009  60.080  -37.656  34.834 7.843820
62053  58.022  -38.925  41.735 6.071561
62054  58.090  -38.477  42.324 6.334569
62055  58.290  -38.507  41.429 6.359157
62056  58.621  -38.140  41.230 6.678048
62057  58.670  -38.615  40.614 6.376253
62058  59.549  -39.583  38.564 6.059800
62059  59.478  -39.053  38.977 6.393439
62060  60.000  -39.301  38.413 6.394298
62061  60.426  -38.971  38.278 6.748562
62062  60.528  -39.556  37.844 6.389529
62071  63.819  -39.821  31.172 6.020323
69188  62.624  -27.957  37.954 6.051687
69189  62.568  -28.073  38.610 6.151901
69190  62.130  -29.368  39.615 6.866085
69191  62.189  -29.158  39.065 6.714547
69192  61.909  -29.752  39.254 7.008301
69193  61.606  -30.016  38.982 7.122511
69194  61.623  -30.266  39.403 7.305203
69195  61.616  -30.332  41.666 7.523996
69196  61.785  -30.025  41.133 7.358276
69197  61.639  -30.649  41.131 7.707615
69198  61.219  -31.944  40.309 8.274059
69199  61.450  -31.306  40.304 7.988458
69200  61.176  -31.647  39.988 8.087528
69201  61.092  -31.388  39.615 7.887818
69202  60.853  -32.001  39.648 8.159733
69203  60.470  -32.322  39.334 8.205064
69204  60.683  -32.653  39.579 8.407146
69205  60.933  -34.234  39.572 8.903620
69206  60.654  -33.962  39.411 8.788013
69207  60.734  -34.666  39.097 8.901411
69208  60.573  -35.041  38.666 8.873289
69209  60.970  -35.226  38.770 8.952235
74608  58.957  -31.677  46.699 6.142772
74609  58.635  -32.247  47.005 6.150870
88065  62.194  -28.568  37.231 6.297966
88066  62.173  -28.373  36.505 6.164545
88067  61.809  -28.797  36.849 6.380598
88068  60.370  -29.764  36.739 6.655801
88069  60.853  -29.293  36.297 6.459394
88070  60.272  -29.557  36.191 6.451401
88071  60.199  -29.480  35.653 6.243384
88072  59.678  -29.894  36.082 6.408007
88073  58.995  -31.926  37.906 7.447661
88074  59.291  -31.350  37.608 7.251716
88075  58.738  -31.655  37.528 7.175040
88076  57.820  -31.640  36.672 6.450165
88077  58.281  -31.236  36.676 6.614076
88078  58.196  -31.048  36.207 6.326606
88079  58.609  -30.514  35.772 6.202003
88080  58.105  -30.881  35.716 6.034866
88095  57.238  -36.621  36.147 6.888278
88096  56.715  -36.298  36.195 6.493344
88097  56.945  -36.891  35.721 6.592874
88098  56.762  -37.803  34.235 6.083929
88173  57.662  -34.729  47.782 6.475257
88174  57.639  -34.165  47.756 6.293647
88175  58.065  -34.120  47.441 6.653083
88176  58.542  -33.430  46.988 6.783938
88177  58.420  -34.124  47.004 6.986026
88234  57.793  -37.784  45.761 6.540702
88235  57.420  -38.243  46.022 6.254889
88236  57.452  -37.757  46.431 6.392164
88237  57.100  -37.775  47.047 6.216959
88238  57.504  -37.152  46.844 6.505936
88239  57.527  -36.555  47.283 6.584084
88240  57.895  -36.563  46.684 6.803202
88241  58.815  -35.458  45.174 7.567977
88242  58.640  -35.389  45.910 7.367012
88243  58.963  -34.774  45.493 7.605054
88244  59.073  -34.075  45.729 7.558941
88245  59.286  -34.102  45.056 7.797371
88246  59.636  -33.374  44.690 7.935689
88247  59.402  -34.100  44.355 8.005404
88248  59.402  -34.995  42.366 8.268410
88249  59.647  -34.283  42.844 8.339409
88250  59.840  -34.461  42.106 8.469941
88251  60.221  -34.034  41.922 8.612285
88252  59.979  -34.774  41.568 8.578569
88253  59.190  -37.367  40.648 7.370181
88254  59.183  -36.871  41.159 7.660996
88255  59.431  -37.008  40.431 7.717633
88256  60.546  -36.640  39.509 8.380935
88257  60.092  -36.361  40.035 8.341744
88258  60.445  -36.109  39.996 8.590141
88259  60.469  -35.441  40.533 8.733983
88260  60.798  -35.840  39.949 8.781371
88261  61.085  -35.495  39.874 8.908723
88262  61.229  -36.068  39.456 8.808075
88263  62.048  -36.826  37.999 8.603537
88264  61.785  -36.398  38.450 8.797316
88265  62.031  -36.554  37.987 8.758736
88266  61.806  -36.282  37.863 8.849801
88267  62.213  -36.655  37.473 8.697439
88274  61.515  -40.054  36.735 6.359373
88275  61.869  -40.242  36.184 6.332167
88279  63.044  -39.777  35.127 6.904898
88280  62.844  -40.146  35.139 6.584166
88281  62.745  -39.656  35.595 6.972577
88282  62.433  -39.484  36.087 7.026847
88283  62.615  -39.081  36.051 7.352637
88284  62.510  -38.450  36.537 7.715846
88285  62.774  -38.604  36.023 7.649955
88286  62.944  -37.888  35.417 8.006999
88287  62.839  -37.736  36.008 8.121858
88288  62.690  -37.423  35.923 8.280429
88289  62.428  -36.942  36.402 8.507048
88290  62.388  -37.189  35.840 8.378822
88291  61.945  -37.033  35.746 8.412427
88292  62.368  -37.415  35.244 8.229665
88293  62.647  -38.090  33.634 7.647851
88294  62.141  -37.834  34.149 7.874247
88295  61.965  -38.055  33.603 7.671402
88296  61.152  -38.076  33.639 7.628586
88297  61.739  -38.270  32.998 7.454620
88298  63.787  -39.225  30.955 6.441974
88299  63.583  -38.972  31.648 6.775197
88300  63.593  -38.963  30.825 6.601024
88301  62.571  -38.668  30.065 6.562692
88302  62.630  -38.710  30.853 6.782022
88303  61.847  -38.654  30.929 6.792458
88304  61.185  -38.620  31.691 6.988502
88305  60.926  -38.689  31.002 6.744332
88306  59.898  -38.768  31.196 6.636638
88307  60.719  -38.739  30.336 6.496228
93321  59.466  -30.720  45.936 6.027785
93323  59.874  -30.564  45.527 6.388312
93324  60.257  -30.552  44.976 6.728612
93325  60.576  -30.603  44.454 7.044460
93326  60.831  -30.642  43.865 7.332747
93327  60.567  -31.075  44.399 7.433950
93328  60.497  -31.598  44.244 7.770593
93329  60.371  -32.154  44.013 8.038793
97101  59.701  -34.550  38.593 8.560584
97102  59.300  -34.265  38.526 8.341796
97103  59.519  -35.009  38.219 8.480972
97104  59.384  -35.380  37.839 8.368518
97105  59.229  -35.809  37.380 8.222321
97106  59.065  -36.247  36.922 8.042480
97107  59.669  -36.338  36.862 8.287992
97108  60.123  -36.780  36.275 8.307430
97109  60.585  -37.060  35.773 8.276343
97138  58.667  -39.117  40.001 6.073963
101416  62.344  -28.034  39.700 6.062153
101417  62.441  -28.271  39.242 6.258384
101418  62.305  -28.489  39.856 6.373380
101419  62.186  -29.031  40.016 6.696025
101420  62.027  -29.608  40.133 7.025217
101421  61.356  -31.575  41.481 8.186645
101422  61.497  -31.310  41.074 8.034225
101423  61.329  -32.002  41.001 8.326488
101424  61.239  -32.295  40.615 8.438988
101425  61.091  -32.572  40.248 8.525108
101426  60.940  -32.960  39.902 8.585426
101427  61.084  -33.266  40.151 8.730804
101428  61.091  -33.905  39.970 8.880904
101429  61.128  -34.525  39.743 8.966672
112743  61.460  -29.460  37.841 6.772339
112744  61.382  -29.230  37.171 6.603084
112745  60.952  -29.717  37.554 6.830627
112746  60.471  -29.994  37.299 6.858664
112747  59.942  -30.250  37.158 6.853982
112748  58.019  -32.961  37.732 7.216161
112749  58.192  -32.172  37.493 7.057859
112750  57.740  -32.691  37.373 6.898598
112751  57.566  -32.364  37.006 6.573684
112752  57.393  -32.136  36.585 6.243422
112761  57.849  -37.575  35.094 7.044846
112762  57.252  -37.383  35.201 6.681752
112763  57.564  -37.799  34.638 6.753178
112764  57.334  -37.979  34.124 6.458423
112765  57.060  -38.111  33.653 6.167408
112767  57.405  -38.389  33.005 6.227878
112768  57.778  -38.555  32.304 6.258348
112769  58.197  -38.702  31.569 6.253217
112809  57.245  -35.352  48.169 6.259468
112810  57.605  -35.374  47.803 6.580231
112843  57.844  -38.601  44.059 6.252635
112844  57.734  -38.620  44.820 6.188547
112845  58.030  -38.205  44.672 6.463728
112846  58.078  -37.750  45.012 6.664305
112847  58.129  -37.184  45.396 6.844901
112848  58.192  -36.628  45.913 6.993168
112849  58.442  -36.612  45.068 7.155645
112850  58.722  -36.060  44.731 7.459328
112851  58.971  -35.465  44.349 7.741196
112852  59.204  -34.806  43.985 7.987168
112853  59.084  -35.480  43.592 7.889619
112854  59.177  -35.558  42.797 8.016171
112855  59.280  -35.652  42.033 8.123357
112856  60.133  -37.800  39.216 7.443340
112857  59.912  -37.226  39.716 7.761714
112858  60.351  -37.456  39.125 7.792614
112859  60.693  -37.137  39.056 8.116876
112860  61.053  -36.846  39.007 8.402386
112861  61.358  -36.561  38.975 8.637598
112862  61.519  -36.994  38.461 8.405215
112863  61.940  -37.101  37.989 8.388611
112864  62.240  -37.247  37.539 8.351916
112870  63.276  -40.473  33.486 6.054540
112871  63.106  -40.517  34.102 6.129452
112872  63.325  -40.149  34.084 6.439291
112873  63.286  -39.755  34.590 6.824317
112874  63.161  -39.297  35.064 7.203001
112875  62.998  -38.734  35.537 7.567652
112876  63.242  -38.820  34.964 7.469468
112877  63.179  -38.391  34.907 7.695993
112878  62.998  -38.038  34.839 7.874637
112879  62.712  -37.792  34.746 7.998343
112880  63.082  -38.178  34.283 7.725974
112881  63.077  -38.274  33.657 7.562254
112882  63.007  -38.401  33.016 7.384681
112883  63.825  -38.975  29.323 6.100204
112884  63.579  -38.946  30.005 6.416907
112885  63.559  -38.774  29.217 6.223574
112886  63.140  -38.591  29.233 6.304114
112887  62.488  -38.508  29.365 6.336851
112888  61.575  -38.573  29.546 6.318200
112889  62.334  -38.342  28.722 6.106506
117918  61.307  -28.844  42.805 6.248324
117919  61.554  -28.983  42.274 6.524311
117920  61.776  -29.229  41.666 6.774427
117921  61.546  -29.485  42.248 6.921288
117922  61.508  -30.020  42.195 7.310766
117923  61.428  -30.683  42.176 7.680713
117924  61.072  -30.762  43.234 7.591555
117925  61.225  -31.021  42.611 7.820002
117926  61.309  -31.294  42.050 8.018132
117927  61.148  -31.867  41.917 8.309815
117928  61.011  -32.547  41.733 8.543058
117929  60.884  -33.223  41.509 8.707544
126729  60.124  -31.631  38.711 7.759365
126730  59.973  -31.306  38.264 7.526314
126731  59.600  -31.913  38.465 7.752990
126732  59.223  -32.220  38.276 7.713398
126733  58.791  -32.667  38.139 7.637679
126734  58.953  -33.897  38.447 8.091627
126735  58.648  -33.477  38.270 7.816854
126736  58.333  -33.211  38.041 7.523429
126737  57.925  -33.798  37.816 7.369121
126738  57.629  -34.325  37.470 7.174870
126739  57.297  -34.790  37.158 6.943128
126740  56.869  -35.254  36.854 6.678832
126741  57.372  -35.555  36.939 7.059702
126742  57.554  -36.269  36.556 7.166440
126743  57.831  -36.852  36.073 7.257452
126744  58.829  -36.632  36.454 7.830692
126745  58.508  -36.994  35.996 7.590325
126746  58.164  -37.296  35.545 7.326270
126747  58.512  -37.662  34.980 7.366404
126748  58.917  -37.945  34.395 7.372079
126749  59.358  -38.135  33.846 7.338741
126810  57.666  -39.012  43.416 6.038014
126811  57.942  -38.521  43.223 6.300105
126812  58.265  -38.046  42.925 6.595940
126813  58.577  -37.601  42.623 6.917353
126814  58.816  -37.192  42.310 7.253649
126815  58.736  -37.656  41.840 6.973254
126816  58.938  -37.766  40.966 7.018969
126817  59.368  -37.962  40.122 7.055642
126818  59.070  -38.819  39.764 6.387475
126819  59.460  -38.511  39.556 6.727401
126820  59.834  -38.176  39.381 7.083626
126821  60.292  -38.377  38.729 7.102470
126822  60.785  -38.623  38.171 7.111334
126823  61.247  -38.853  37.614 7.109169
126833  63.644  -40.026  32.743 6.250738
126834  63.721  -39.632  32.668 6.510695
126835  63.697  -39.274  32.533 6.742398
126836  63.832  -39.505  31.881 6.383766
126837  63.866  -39.498  31.073 6.246100
126838  63.906  -39.438  30.235 6.098051
136024  62.461  -28.353  37.587 6.188177
136025  62.202  -28.785  37.907 6.432332
136026  62.375  -28.624  38.823 6.428019
136027  62.176  -28.973  38.474 6.570436
136028  61.916  -29.249  38.204 6.685344
136029  61.571  -29.745  38.463 6.945033
136030  61.238  -30.242  38.678 7.208858
136031  60.908  -30.763  38.867 7.473657
136032  61.904  -29.526  41.127 6.996739
136033  61.961  -29.814  40.635 7.190345
136034  61.856  -30.157  40.192 7.355192
136035  61.598  -31.022  40.677 7.862141
136036  61.680  -30.713  40.260 7.679043
136037  61.644  -30.488  39.812 7.491735
136038  61.346  -30.829  39.511 7.600428
136039  61.005  -31.081  39.262 7.681643
136040  60.596  -31.345  38.995 7.734961
136041  60.293  -31.975  39.055 7.987115
136042  60.057  -32.636  39.109 8.222769
136043  59.971  -33.345  39.088 8.433270
136044  60.658  -33.299  39.569 8.619991
136045  60.326  -33.667  39.288 8.628299
136046  59.933  -34.059  38.963 8.609057
136047  60.132  -34.776  38.649 8.740287
136048  60.464  -35.381  38.261 8.818150
136049  60.926  -35.858  37.835 8.835843
142707  59.194  -31.245  46.417 6.099000
142708  59.289  -31.628  46.404 6.519121
142709  59.351  -32.050  46.280 6.891872
158929  62.171  -28.219  35.820 6.029073
158930  61.784  -28.532  35.538 6.074801
158931  61.350  -29.052  36.528 6.434967
158932  61.348  -28.879  35.937 6.265340
158933  61.299  -28.850  35.324 6.091953
158934  60.705  -29.160  35.167 6.078072
158935  60.147  -29.437  35.061 6.030241
158937  59.785  -31.058  37.821 7.290514
158938  59.605  -30.797  37.369 7.053068
158939  59.406  -30.564  36.912 6.813758
158940  58.481  -31.438  37.125 6.896971
158941  58.825  -30.904  36.757 6.734765
158942  59.181  -30.399  36.402 6.571774
158943  59.116  -30.215  35.876 6.325825
158944  59.061  -30.084  35.368 6.075082
158964  56.571  -35.661  36.504 6.389195
158965  56.277  -35.979  36.130 6.083244
158967  56.709  -37.127  35.292 6.288975
159058  57.608  -33.622  47.719 6.037670
159059  58.144  -32.959  47.368 6.116921
159060  58.674  -32.806  46.944 6.501282
159061  58.995  -32.711  46.571 6.863396
159062  59.303  -32.624  46.144 7.198087
159129  57.421  -38.664  45.545 6.104234
159133  56.692  -37.718  47.652 6.015050
159134  56.665  -37.121  48.023 6.056810
159135  57.109  -36.562  47.866 6.336160
159136  57.574  -35.988  47.601 6.613177
159137  58.026  -35.362  47.318 6.873348
159138  58.283  -35.987  46.308 7.095041
159139  58.358  -35.371  46.675 7.135802
159140  58.389  -34.750  46.908 7.102511
159141  58.768  -34.069  46.396 7.288512
159142  59.184  -33.311  45.942 7.423109
159143  59.577  -32.590  45.625 7.502337
159144  59.786  -32.685  45.005 7.774966
159145  60.000  -32.782  44.368 8.016004
159146  60.263  -32.829  43.642 8.226525
159147  59.479  -34.162  43.608 8.185359
159148  59.950  -33.549  43.277 8.327055
159149  60.322  -32.971  42.996 8.408159
159150  60.450  -33.257  42.334 8.562531
159151  60.573  -33.627  41.730 8.691330
159152  60.727  -34.013  41.216 8.795718
159153  59.011  -36.765  41.952 7.591600
159154  59.214  -36.286  41.587 7.916389
159155  59.448  -35.801  41.326 8.212848
159156  59.765  -36.628  40.157 8.046477
159157  59.735  -36.041  40.657 8.285534
159158  59.815  -35.427  41.132 8.466753
159159  60.193  -35.068  41.026 8.666447
159160  60.559  -34.736  40.920 8.804211
159161  60.888  -34.377  40.767 8.876705
159162  61.026  -34.696  40.319 8.934793
159163  61.183  -34.995  39.866 8.970019
159164  61.284  -35.261  39.350 8.982302
159165  61.588  -36.232  38.950 8.813589
159166  61.545  -35.912  38.924 8.925300
159167  61.335  -35.513  38.860 8.970993
159168  61.425  -35.822  38.340 8.935568
159169  61.424  -36.064  37.798 8.875215
159170  61.450  -36.267  37.325 8.789430
159176  60.651  -40.109  37.386 6.031598
159177  61.024  -39.833  37.292 6.378186
159178  61.400  -39.477  37.128 6.736326
159179  61.682  -39.071  37.078 7.094856
159183  62.885  -40.510  34.655 6.194726
159184  62.550  -40.533  35.206 6.250185
159185  62.219  -40.435  35.684 6.295932
159186  62.189  -39.869  36.125 6.683124
159187  62.108  -39.248  36.584 7.067585
159188  61.940  -38.674  37.063 7.441626
159189  62.179  -38.257  37.053 7.764681
159190  62.388  -37.788  37.044 8.052455
159191  62.532  -37.352  37.090 8.295070
159192  62.847  -38.134  36.086 7.909218
159193  62.717  -37.537  36.582 8.218166
159194  62.521  -37.036  37.030 8.484173
159195  62.328  -36.782  36.953 8.613483
159196  61.943  -36.597  36.877 8.678766
159197  61.418  -36.487  36.813 8.677838
159198  61.341  -36.751  36.307 8.540695
159199  61.356  -36.990  35.740 8.378537
159200  61.167  -37.310  35.197 8.192746
159201  62.305  -37.667  34.642 8.060942
159202  61.660  -37.588  34.627 8.057587
159203  60.893  -37.625  34.721 7.985342
159204  60.606  -37.897  34.253 7.759120
159205  60.271  -38.114  33.721 7.517372
159206  59.899  -38.347  33.195 7.263778
159207  63.583  -38.950  32.393 6.938470
159208  63.365  -38.672  32.338 7.091538
159209  62.891  -38.552  32.294 7.194564
159210  63.240  -38.841  30.776 6.716488
159211  62.763  -38.679  31.586 6.993183
159212  62.266  -38.465  32.300 7.241084
159213  61.479  -38.467  32.379 7.226128
159214  60.521  -38.533  32.487 7.146596
159215  59.461  -38.589  32.603 7.002299
159216  59.240  -38.691  31.999 6.736888
159217  58.995  -38.785  31.351 6.471252
159218  58.784  -38.783  30.724 6.208841
159219  60.614  -38.714  29.625 6.246854
159220  59.592  -38.781  29.805 6.123825
